2051
2052
2053
2054
4104
2057
15
2039
21
4118
4120
30
4128
4130
4131
37
2086
4137
44
45
4143
4144
4147
4149
4150
55
54
2103
4154
2104
4151
59
63
4162
4163
68
4172
80
4177
4178
2132
4182
2138
91
4190
2143
4194
98
4197
2150
4199
2151
105
4201
4205
110
114
4211
116
4212
4210
4215
2169
4217
4218
4221
4222
4228
133
4230
4231
4233
2185
2188
4238
2193
147
149
4246
156
157
4257
4258
2219
175
2223
4272
4279
2234
4282
4287
4288
2242
2243
4292
4291
4294
2247
4296
4295
2246
4302
2255
2260
2261
2266
2268
223
224
4323
4328
4333
4334
4336
4337
2291
2294
2296
2299
4347
2301
2300
4350
4353
258
4356
262
265
2314
4363
2316
2317
270
4368
2321
4372
2328
4387
4389
4390
4391
4392
297
4395
4399
4400
304
2358
310
2360
2363
4413
2366
4415
2369
4421
2379
332
4428
4430
4429
4433
4435
340
2389
2388
4439
350
2400
2406
359
4457
4459
364
4463
4468
2421
4471
4478
382
4480
2436
4485
2440
4490
4492
2445
2446
2447
4498
2451
404
2455
4507
4510
4511
4512
419
4516
4518
4523
2478
4529
4532
4534
4536
2488
440
4544
4547
455
4551
4552
4557
4558
4562
467
2518
4568
2522
474
2529
4581
491
4591
2544
497
499
4601
4604
4605
513
2563
517
519
2568
4617
526
4626
4627
532
4629
2580
537
4636
4638
4639
2593
547
2596
549
4646
4647
4648
4651
4653
2606
4655
4658
563
2612
4661
4660
567
4664
569
570
571
4667
2619
578
4676
581
2631
4684
589
4687
591
4688
4692
4693
4694
4695
4700
2654
4706
2663
4712
4713
4715
2668
2669
4718
2674
4722
626
4728
636
2687
2688
4737
4736
4739
640
645
642
2694
2698
4747
4748
4750
4753
2710
4760
4761
665
4763
667
4765
4768
2721
2722
4770
687
2737
2738
4787
4790
4792
4793
698
697
4794
2750
4799
2752
705
708
2757
4807
4809
2761
2769
2770
723
724
2771
2774
4824
734
4832
4833
738
4835
4836
4838
742
2791
745
2794
4843
4845
4846
750
4848
2800
2802
2803
755
2810
762
765
2815
2816
4866
2819
2818
4867
774
2823
2824
2821
2828
2829
4877
4881
2834
4887
793
4892
4896
4897
4898
4901
4902
2855
4906
4909
816
4922
4924
2877
832
834
4931
4930
2885
836
840
842
2891
4941
4942
4947
2909
4960
868
4966
2921
2929
4979
4980
2933
4982
884
893
4990
2943
2944
2945
4995
904
5000
2953
907
5004
5011
924
925
5022
5024
929
2976
5027
937
2985
2992
945
3001
961
3011
968
3023
3030
987
991
3039
993
995
1000
1006
3057
1012
1015
1016
3065
3072
1026
1028
1029
3083
3086
1045
1046
1048
1051
1056
1057
3107
1064
3114
1071
1078
1081
3130
3132
3133
1084
1089
1091
1098
3147
1100
3146
1108
1109
1110
1113
3165
1119
1121
1125
1128
3177
1131
3181
1139
3192
3193
1149
3199
1163
3212
3213
3215
1168
1171
3219
1176
1177
3231
3232
1191
1194
3243
1201
3250
3253
1206
1207
1208
1210
3259
1212
3268
1227
3275
1231
3284
1240
3289
3291
1247
3298
1250
1264
3317
1272
3321
1275
1277
1278
3328
3330
1286
1291
1299
3348
1303
1306
1309
3360
1312
1315
1317
1318
1327
1329
3378
1332
3381
3382
3383
3384
3393
1346
1349
1350
1351
1354
3409
3411
1367
1372
1388
1390
3441
3442
3443
1395
3449
3454
1407
1408
1409
1410
3457
3463
1415
1419
3476
1430
3478
1432
1436
3485
1440
3492
1445
1446
1454
3506
1458
1461
1462
1468
3520
1473
1477
1478
3535
1487
3544
3545
3550
3551
3552
1509
1515
3574
1529
1538
3587
1544
3594
3595
1547
3596
1550
1556
1568
1579
3628
3629
3630
3631
1587
1588
1594
3643
1598
1601
3653
1606
1609
3658
1615
1620
3670
1626
1631
3681
1637
1639
1648
3698
1653
1655
3704
3705
1657
1659
3708
1663
1664
1665
1667
1671
1678
1679
3729
1682
3738
1696
3745
1697
3747
1702
3753
3754
3755
1715
1717
1720
3769
1728
3776
3779
3783
3795
1754
3810
3812
3814
3818
3820
3825
1780
1781
3835
1790
1791
3840
1793
3845
1797
1807
3858
1811
1813
3866
1820
1821
1826
1828
1829
3881
3882
1834
3889
1845
1846
1858
1865
1869
1888
1893
1901
1905
3954
3955
1909
3963
3965
3977
1933
3985
3991
3992
1946
3999
1952
4000
4005
1958
1959
4010
1963
4016
4025
4032
4035
1992
1993
1994
4043
4040
1997
4045
2001
4050
4052
4054
4061
2014
4062
4066
2022
4071
4074
2026
4080
4082
4087
2042
Time taken: 57.05583333969116