512
31744
19457
34819
517
1543
45064
13322
13836
46611
21524
28183
18458
31771
23580
48667
30750
49182
28704
3101
18980
20007
33831
40488
28714
10285
2609
16433
32819
26163
42037
7734
4150
28215
14391
26680
46141
1598
34368
2113
47170
27715
34369
38979
10822
65
20036
7753
16461
32857
44122
17498
27740
31325
13919
13408
29283
44132
24165
18535
25703
37991
24169
12907
7796
45684
42104
7802
2683
11389
10369
28290
23683
9349
3721
8330
45709
46737
41107
10900
39062
13976
21148
23198
46752
34464
37035
23726
5297
20662
7351
42683
43203
21700
43205
42694
30919
41160
15561
31433
6348
46797
37070
39630
3279
1745
22224
40659
35028
27350
1245
12509
10979
31973
37608
40168
33519
15090
8434
27380
24314
7418
12547
47367
31496
36104
17673
49935
39696
49937
27408
46356
23828
4886
41750
12565
10522
16667
29467
16157
14111
31008
35619
19243
25388
7469
7989
43318
20278
32056
16185
41274
22837
49973
23351
20799
4419
37703
15687
17737
15690
28497
45908
26967
344
25946
43357
14687
45410
19299
36195
47972
36198
46956
8557
32110
877
25968
12145
9074
47471
3444
11126
16759
32632
44414
49026
41863
19848
6544
46482
18323
41876
42900
31638
32663
1942
14228
1432
18331
33693
11678
35231
45984
48546
25001
39850
41899
42413
22959
18352
27055
14771
20917
11193
22972
7615
4545
48631
40387
48581
29635
46024
34251
46541
32719
45007
5074
10707
15828
34773
33756
18399
32737
9699
27108
32228
36326
37354
35820
13292
48624
8178
3059
31223
38904
