32768
12294
49159
45064
6
24586
49164
20494
20495
4112
24590
20498
20503
4120
28696
16410
45083
12316
49182
28704
32803
45091
28709
28710
28711
41000
28714
41007
4144
16433
32819
4150
41014
45113
28732
28733
8256
65
64
49223
20555
12363
16461
45133
12371
24663
32857
32858
16474
24677
8293
20588
36974
41073
28788
12409
36987
4221
45181
8320
20611
36998
49286
136
8330
20621
32910
16527
28816
41107
45204
28821
32918
28824
41113
16540
49312
41121
45217
45219
28834
8358
49319
166
32939
4268
4269
37035
28847
45233
180
24756
20662
4283
41151
32959
28866
194
28867
32965
4295
41160
28874
37070
20687
8400
16593
32978
24787
32980
16597
8407
28890
12509
225
49380
8421
4326
4333
33007
49392
12530
33011
8434
37114
49407
28929
12547
45315
41230
28944
45331
37140
12565
24854
12567
4377
49434
16667
8477
45345
33060
37156
24869
24873
24876
8494
12596
16694
37177
41274
20796
20799
37186
20802
4419
45380
49478
49474
12616
28996
12615
37196
20814
33103
37205
4437
41303
344
29015
16732
12638
16735
24929
45410
16738
49509
8557
45421
8559
29043
20852
16759
29048
24956
45439
384
45441
49539
33155
29061
29064
33164
4493
49549
8592
24978
16790
8600
411
37283
25001
45489
4530
41395
20917
12733
4545
37313
16835
37318
8649
45513
20941
45519
37327
16851
12756
29144
33249
8674
29160
37354
20975
4592
25071
29174
37368
512
4608
517
41480
21002
4621
12829
25119
8735
49704
29229
33328
41523
4659
16949
45624
37437
21055
37439
29249
12870
29255
16972
8780
49742
21075
12886
4696
8793
45661
4702
29283
4707
8806
21096
4715
12907
25199
45684
17013
8822
17018
29306
33403
29309
8827
45695
21123
4741
45705
29321
4746
49803
45709
33417
655
33424
37520
8858
17051
21148
8862
33443
37545
37546
45742
25262
21169
29363
17086
707
49862
29383
37578
33482
25292
25295
13011
49877
21211
41700
740
25318
741
37608
13032
45800
33515
13030
45806
8942
33519
24573
4846
13043
13052
37631
49932
49935
29456
49937
49940
21269
4886
41750
17175
8985
41749
29467
29468
41757
8981
33570
45859
25382
33575
29481
41769
41771
25388
49964
13104
17200
17202
49973
4919
823
33596
41797
17222
37703
45897
841
41804
41806
17231
846
45903
29523
21332
17237
45908
45911
13144
9049
4955
13147
45921
9057
13154
17251
45924
25447
17257
45931
877
25456
13170
29555
9074
4981
33656
45944
29563
895
4993
41863
45961
13196
17292
29582
29584
21393
17297
37779
41876
9111
29594
21404
33693
25501
37791
45984
41888
17315
21418
41899
5041
41910
17335
33725
46013
961
13249
29635
46024
9162
13260
25549
5074
17368
33756
33757
37863
41960
46057
13290
29674
17388
13292
33773
9198
46065
9205
17399
25600
33792
17410
5120
5129
5130
13322
29708
29709
29707
13328
21522
25618
29714
21524
25623
29720
42011
46108
5151
9250
42019
13347
46118
33831
13353
33834
5164
33837
17461
42037
37943
25658
1082
46138
46141
29758
13375
46144
17476
46150
5192
25673
9292
46157
9293
46159
25679
33875
9302
5207
17498
5215
13408
21601
13410
37991
25703
25706
9323
37998
46191
17520
9332
9333
42104
33919
1152
5249
21633
25731
25730
9349
1157
29833
21645
9358
29844
17557
17563
21662
1184
17570
46244
29863
1199
13487
29873
13490
5297
17587
46260
46264
42169
29884
29885
9408
21700
42180
17604
38087
9416
21706
38092
1228
5325
42193
38099
29915
38108
5340
1246
9439
17628
1245
25826
46303
42212
17638
46313
42217
21739
25836
34030
46322
25843
13560
17657
17656
25852
25861
13575
17673
42250
13579
34059
21776
29969
46356
17685
46362
1307
25885
38177
29988
38181
46374
21800
29993
46379
17709
13615
30000
17713
25904
5426
42293
34102
34105
46399
34112
30016
34115
46404
30023
38216
17737
34121
17743
5457
13649
46420
17748
21844
25942
30040
25946
30048
25956
25959
25961
25968
46448
13684
30072
25983
21887
42370
21893
21898
46482
1432
42393
17818
21913
38300
26014
9641
42413
21935
21938
42425
34234
21945
21948
17850
17860
1479
9672
46535
34251
42445
46541
42449
34259
30169
34267
9699
13800
1513
46571
38380
46577
30193
9719
34297
26107
1536
38402
5636
26118
1543
42508
42509
34317
13836
1548
26126
22034
46611
1554
38419
1558
17938
22044
9763
17967
26163
1589
13877
22069
1598
34368
34369
30274
22083
26177
30275
46664
13898
1613
38477
34384
22097
1621
22107
13919
1631
1637
13926
9831
5736
18027
30317
46706
46708
42612
22132
30328
34432
30337
18050
42627
18051
5766
22151
18054
9866
5773
1679
46737
30354
38546
13976
18072
13978
46752
34464
26274
18083
9896
42668
1713
5809
1715
42683
14011
26301
30397
42694
38599
26312
42697
34504
18121
1740
46797
9929
22224
1745
9938
42708
38615
38618
18145
22256
9973
9974
14070
22266
5883
14076
18172
5886
22278
1799
38662
1805
38671
10003
1816
10009
1819
14107
30493
14111
46880
1827
1828
38695
26408
42792
1834
34602
1836
18221
42791
22319
38703
10035
10039
30519
1847
34619
42811
18237
10046
22338
10051
42828
10061
1881
22361
1887
22368
30563
46950
46956
18287
6000
10097
14194
18293
1911
14200
6007
38778
18298
14208
10112
30593
6019
14213
14216
26505
22412
46989
18323
6036
22421
42900
1942
14228
42899
18331
30623
42914
18341
42923
47022
42927
30640
18352
6076
30653
10173
1982
18368
6080
1983
6083
14276
42953
38861
18387
34772
34773
18389
47064
6105
10200
30685
18399
34783
26591
34787
14309
6118
26599
38890
26603
47083
2031
30704
38896
18416
26612
30709
10231
38904
30716
18433
34818
10242
34819
34824
2063
18452
10260
30744
18458
10266
26651
18462
47134
6175
43040
30750
10285
47150
47152
26678
14391
26680
18487
2113
47170
38979
30787
47172
6218
30798
22608
43089
43088
6224
47192
30808
39002
14435
26725
2150
10343
18535
14440
47214
2159
26734
30834
47218
26751
30848
10369
18565
6279
39053
39055
30864
22676
2197
39062
22679
6294
10393
47258
6298
47267
30883
2214
43177
43182
30894
34994
47293
10431
47297
43203
43205
10439
30919
6348
43214
18643
35028
35029
2262
10461
47330
6376
18664
26860
30961
26867
43253
39160
47358
30975
18686
47367
22800
10513
35091
10516
43286
47383
10522
22811
22812
6430
14624
31008
26914
43299
47396
18729
31018
26926
6447
14640
35121
6446
22837
43318
31029
22841
22847
39233
18756
26949
6475
35149
18765
26958
18768
39245
2386
10579
6485
26967
39256
26969
31066
35163
47452
43357
2398
26975
14687
10594
6503
35179
2414
47471
2416
18802
43382
39288
35192
47482
31098
39289
22912
43399
6544
6547
27027
10652
2461
35231
31136
31137
35235
43427
47527
10665
27055
18864
22959
39346
14771
10678
22970
22971
22972
43458
10698
10699
14801
10707
10710
14812
35293
18915
27108
47589
18918
35300
43496
23018
27115
23020
10733
35310
31217
10737
14833
47604
2550
31223
23038
23040
47620
47621
27143
35336
39436
14861
39438
6668
47640
35352
18980
27177
2602
14892
27180
39471
10799
2609
27187
14909
39488
6721
10822
6727
27207
23119
35408
27217
31325
23133
39520
19040
2660
27242
35444
6773
23162
2683
23163
27261
19070
10878
47747
2693
35461
43655
27273
2697
14987
23179
43659
31374
10900
39575
47773
23198
23201
10916
23209
31406
31407
23217
31417
10937
10940
35516
27326
6852
43717
10952
31433
2762
39628
23245
35534
39630
2768
35538
39634
47827
27350
2779
6876
6878
43742
2785
10979
23268
2787
27366
39653
19177
43757
43759
2799
47857
15090
39666
27380
47867
35580
11011
23300
15107
43782
31496
2824
31502
39695
27408
39696
39701
19229
43806
27421
6945
35619
31525
19243
31533
27438
6961
15154
39731
23349
19254
23351
11062
43833
23353
2874
2876
15160
35643
31551
43841
11073
39745
6982
15178
43851
15189
11098
19299
47972
31592
15213
7022
27506
39797
11126
23416
23421
15230
19327
23425
39810
2945
15233
48006
35719
7049
43916
7060
27541
31638
7063
19352
19351
2970
15259
39836
27549
35742
27542
48023
27553
43929
39834
23465
39850
35763
35764
35765
15286
43955
19384
11193
23481
35776
27585
11202
23492
11205
3018
23500
27599
39889
39891
35796
15318
19421
11230
23524
19429
44006
23528
35820
11248
35824
3059
3060
7160
31737
3069
31744
15360
19457
7174
15366
3080
19465
27663
27664
27670
15385
31771
23580
3101
35869
48160
27681
15394
19490
27684
35878
35879
44071
27686
48168
19501
15410
7219
11322
44095
7232
15425
27714
27715
40010
27729
11347
7251
7256
11353
44122
7258
27740
35933
31838
27743
7266
44132
35940
44136
44137
7275
7277
7278
7283
15477
19576
11389
23683
35973
7303
7305
11402
19599
44180
3222
48279
7326
3237
31912
23726
44207
11443
40116
19637
19636
7351
27836
19646
7359
23743
15561
7370
36041
3279
15572
36054
23767
3287
27867
27871
44255
27873
11490
11489
7391
31973
19685
44263
40168
11496
11495
7399
27885
3310
19700
3320
15609
36088
31995
7418
15615
40193
44293
36104
48397
27918
23828
15638
19735
15640
3353
3351
40216
32032
11559
48427
7469
3376
44337
11571
32051
19763
44342
32056
23869
15679
11583
44354
15687
15690
36173
32078
19793
44370
32083
44373
3413
27993
40281
48475
3421
15709
3426
36195
36198
7528
3436
3437
32110
36207
7538
48499
23924
3444
11639
36218
23930
44414
19847
19848
7559
36235
44431
7568
32147
11669
40341
40342
36246
40346
48538
23964
11678
40353
48546
23971
11684
7593
36266
11689
7596
23983
32184
48570
23996
3518
7615
7617
40387
48581
48582
19910
36298
32202
44492
36300
3536
15828
36312
36313
32220
7645
3554
32228
7654
36326
11755
48620
15856
48624
28146
48631
7680
11779
7686
15878
32267
24076
40464
15890
15891
28183
44568
48667
24094
36382
32291
40484
20007
40488
28201
44586
36392
3628
7726
44590
32308
28213
32309
28215
7734
36410
32315
40507
11835
7744
28228
20036
20038
7753
3659
28238
44624
20053
7766
11862
44632
28249
24154
44635
32348
11873
24165
20070
40551
24169
32362
40556
20077
40558
7789
32370
7796
7802
24186
16000
48769
16002
28290
36482
7809
44676
28297
3721
16010
28300
44684
3725
28302
32399
24213
24214
36503
44698
36507
20130
24227
16034
16038
44711
7848
28334
20153
20159
20168
32457
28361
28366
48846
3792
16081
44751
40659
32468
11987
11982
24270
11995
48862
24287
28383
12005
40680
44778
16109
28402
48887
24312
24314
36605
44798
24322
48898
3848
28426
36618
7946
48909
44816
16145
20242
36627
40723
7958
7959
12056
7961
3866
28439
3865
16157
28445
48922
7967
44834
48930
20264
7976
12073
7979
3884
32557
3888
20273
12081
3892
40757
20278
7989
40759
16185
36666
12091
16189
48957
40765
44867
16196
8004
3910
28490
24394
12112
28497
20307
32597
44885
8024
8025
20317
40798
16232
12145
24434
12148
16246
36728
32632
49026
24466
49042
49043
28565
36757
32660
40856
36761
12182
32663
36756
44957
20382
28575
8098
16303
40880
28593
49079
4026
44988
8128
24513
24515
28612
16328
45005
4046
45007
32719
16339
28629
4055
36829
8160
32737
16352
8163
36839
36843
40941
8178
8179
20469
45046
16375
8189
