34818
34819
10242
45064
24586
49164
20494
2063
4112
20498
30744
28696
18458
47134
6175
28704
30750
49182
32803
28709
28710
28711
28714
10285
41007
4144
16433
32819
26678
4150
26680
14391
18487
8256
65
2113
38979
47170
49223
20555
16461
45133
43088
22608
47192
30808
39002
16474
32857
14435
26725
24677
8293
2150
18535
14440
20588
47218
36987
4221
10369
20611
6279
136
8330
20621
16527
41107
2197
39062
28824
47258
30883
45219
2214
166
49319
32939
37035
4269
30894
34994
180
20662
4283
47293
10431
41151
194
43203
28866
32965
43205
10439
41160
30919
28874
6348
37070
16593
35028
16597
8407
28890
12509
225
47330
49380
8421
6376
26860
4333
49392
30961
8434
33011
12530
39160
37114
30975
45315
12547
47367
35091
10516
12565
10522
16667
22812
6430
31008
37156
33060
24873
18729
8494
14640
31029
43318
22837
37177
22841
41274
22847
20799
37186
4419
26949
49478
6475
39245
18765
20814
26958
37205
4437
41303
39256
26969
31066
35163
47452
26967
6485
26975
344
24929
45410
43357
16732
14687
16738
6503
16735
10594
45421
2414
8559
47471
8557
18802
29043
20852
43382
16759
35192
39289
47482
31098
384
45441
33155
43399
33164
4493
8592
6544
27027
8600
35231
31137
37283
43427
25001
10665
22959
27055
18864
4530
14771
39346
20917
22972
4545
37313
37318
10698
10699
45519
16851
10707
14812
35300
27108
18918
43496
29160
23018
37354
27115
35310
20975
25071
14833
31223
37368
23038
512
4608
23040
517
27143
35336
21002
12829
8735
18980
49704
27177
2602
27180
10799
2609
16949
39488
10822
6727
21075
8793
31325
36756
29283
2660
8806
12907
4715
35444
45684
8822
23162
2683
33403
21123
47747
43655
2697
4746
49803
45709
31374
10900
21148
23198
10916
23209
31407
35516
10940
707
6852
43717
31433
33482
25292
35534
39630
2768
35538
13011
47827
27350
2779
21211
10979
23268
2787
25318
27366
13032
37608
45800
33515
741
19177
2799
33519
43759
15090
13043
27380
47867
35580
23300
43782
31496
31502
49935
27408
49937
39696
49940
41749
39701
17175
41750
8981
4886
29467
29468
6945
35619
33575
19243
25388
41771
27438
6961
15154
49973
11062
23349
23351
43833
19254
33596
2876
31551
11073
17222
6982
37703
45897
15178
43851
45908
17237
13144
9049
4955
9057
19299
47972
17251
17257
45931
877
15213
25456
27506
29555
9074
39797
11126
42509
23416
45944
33656
23421
895
35719
41863
13196
43916
29582
29584
41876
7060
31638
48023
9111
2970
21404
33693
35742
45984
17315
23465
39850
41899
35765
17335
19384
11193
35776
961
29635
11205
46024
9162
23500
13260
39889
5074
15318
33756
19421
11230
37863
23528
46057
29674
13290
35820
17388
9198
13292
3059
7160
25600
31744
17410
19457
33792
15366
13322
5130
29708
27663
27664
25618
29714
21524
25623
15385
42011
46108
31771
23580
3101
27681
19490
42019
15394
9250
46118
33831
48168
13353
19501
7219
42037
37943
11322
46141
13375
7232
46144
27715
17476
46150
9292
46157
46159
27729
33875
7251
11347
9302
5207
7256
44122
17498
27740
27743
13408
21601
13410
44132
25703
44136
37991
9332
19576
42104
11389
1152
21633
25731
23683
35973
1157
9349
7305
11402
19599
29844
17557
3222
7326
29863
31912
23726
5297
13490
17587
46260
19636
40116
7351
27836
29885
19646
23743
7359
21700
42180
17604
9416
15561
36041
21706
5325
3279
42193
23767
29915
38108
1245
1246
9439
31973
7399
40168
11496
34030
3310
25843
19700
36088
3320
7418
13560
17657
25861
13575
36104
17673
42250
46356
23828
15638
19735
15640
3353
46362
38177
46379
7469
17709
13615
30000
44337
17713
5426
32056
23869
30016
34112
15687
38216
34121
15690
17737
36173
17743
19793
44370
32083
17748
46420
5457
21844
30040
27993
25946
48475
3421
15709
30048
3426
36195
25956
36198
7528
32110
25968
13684
3444
11639
23930
44414
25983
21893
7559
19848
46482
40341
1432
40346
17818
26014
11678
40353
48546
7593
9641
42413
23983
21938
42425
34234
48570
23996
7615
40387
48581
48582
46535
9672
1479
36298
34251
36300
46541
42449
15828
36312
30169
3554
9699
32228
36326
13800
48620
48624
46577
15856
28146
48631
26107
7680
11779
26118
15878
1543
24076
34317
1548
42508
13836
40464
1554
46611
38419
17938
1558
28183
44568
48667
22044
36382
24094
20007
36392
40488
28201
17967
26163
32308
32309
1589
13877
7734
28215
28213
40507
32315
1598
7744
34368
34369
26177
28228
20036
7753
3659
38477
1621
7766
11862
28249
13919
1637
13926
24165
5736
24169
46708
7796
22132
30328
7802
16000
34432
36482
48769
28290
5766
22151
28297
16010
3721
9866
46737
38546
30354
36503
13976
46752
34464
20130
16034
16038
9896
28334
1715
42683
14011
26301
30397
20159
42694
26312
18121
28361
42697
46797
28366
44751
22224
1745
3792
40659
42708
32468
38615
38618
11995
48862
18145
12005
44778
14070
48887
24312
24314
18172
5886
1799
3848
7946
48909
7958
28439
1816
7961
3866
1819
16157
14111
7967
46880
48930
1828
20264
7976
1834
1836
18221
32557
38703
20273
10035
3892
40757
7989
1847
10039
16185
20278
12091
34619
18237
42811
10046
44867
28490
24394
10061
12112
28497
20307
8024
22361
1881
40798
1887
30563
46956
6000
12145
14194
24434
12148
18293
6007
36728
32632
14200
38778
14208
30593
49026
22412
46989
49042
42899
42900
18323
49043
6036
32663
1942
40856
36761
28565
36757
18331
30623
28575
14228
42914
16303
18352
42927
30640
10173
1983
8128
6083
16328
38861
32719
45007
34772
34773
47064
6105
36829
18399
32737
8163
36839
47083
2031
30704
8178
8179
26612
10231
38904
Time taken: 6.8765037059783936