6
4102
4106
4108
2061
4110
2062
4109
4111
2064
19
2071
4120
4123
2075
28
30
2080
4130
38
2092
2093
4140
2044
53
2102
4151
4153
4154
58
2108
2110
63
4160
2112
4161
2117
4167
4168
4169
4170
2120
76
4173
2126
4176
2133
2135
4184
4185
4186
2140
2144
4192
2146
4197
102
2149
4202
4205
4206
2158
4211
4213
4214
4220
124
2177
4227
2184
4237
2192
151
2199
152
4250
2203
2201
4253
4252
2208
4258
2214
4263
168
4268
4270
177
4275
2230
4279
2232
4284
4286
4288
4289
2247
4297
2249
202
205
2254
4303
2256
2257
206
4307
4312
219
4317
2279
4327
2280
4330
236
4332
4333
2287
4336
4339
2293
2299
2300
4349
4350
2302
257
4355
4357
4358
4359
4360
265
4362
4363
4364
271
2326
4379
283
4380
2336
291
4389
2346
2347
4398
2350
4399
4406
4408
4410
315
4412
317
4417
2369
2372
4420
325
4423
4428
2380
2383
4432
2385
4433
4431
4436
4437
4439
2394
4443
348
4445
350
351
4446
4450
4451
2410
4458
4461
2414
367
4464
2416
374
2428
2429
4479
383
4482
4485
2447
2448
4498
2450
4500
4507
4508
4512
4513
4515
2468
4517
2470
4519
4522
427
4526
4534
443
4539
4542
4547
4548
4553
2505
2507
2508
4554
4559
4561
465
2516
471
472
473
2522
2527
2533
486
4583
4584
4585
490
4587
4586
4592
4594
4595
4596
4597
4600
505
2559
4609
2562
4614
2567
4616
521
2570
4619
2580
4629
2581
541
4638
4639
4640
544
4642
4637
4645
4646
4648
554
4653
2605
2606
560
4658
4663
569
4667
4668
2623
2625
578
2629
2630
584
2632
588
2640
4690
4693
4695
4696
4698
4699
2652
4711
619
4717
2671
4724
2678
2680
2681
4730
632
636
637
2685
2686
640
4736
642
641
644
638
4733
4739
2696
4742
4747
2700
653
4749
4751
655
4755
2707
4759
4763
667
4765
4767
4768
4769
671
4772
4773
683
4783
4784
4785
2735
2740
2742
2744
698
4797
2750
4800
2752
706
2753
2759
4807
2760
4815
4818
4819
2773
726
4824
4825
732
4828
4831
4832
4833
2786
4835
4834
4838
4839
742
748
4844
4846
4849
756
4853
4854
759
760
762
4860
4862
766
4864
2817
4865
4869
4870
4871
2825
4874
2827
2829
4884
4888
2844
798
803
2855
2857
4905
4907
4912
4915
4916
821
4928
2881
4930
835
2884
4933
4935
843
844
2892
4950
4955
4956
4957
875
877
2927
4976
884
888
4985
2939
892
891
2942
2944
4993
4994
5000
5001
5003
5005
2958
916
5015
923
2977
5026
2981
2984
5034
2986
938
941
2990
943
2992
950
951
3000
2999
3006
958
3010
966
3019
3023
3025
986
987
3034
3036
992
996
997
3046
1006
1007
1013
1018
3066
1020
1024
1025
1026
3073
1027
1030
1033
3084
3086
1040
1041
3090
1043
3093
3100
1057
1060
3108
1062
3115
3117
1072
3126
3130
1082
1086
3134
3136
1090
1092
1093
1100
3151
3152
1110
3158
3162
3164
1129
3181
1133
3184
1138
1139
1141
1142
1145
3195
1149
1162
3210
3212
1163
1167
3216
1168
3221
3222
1177
1187
1190
1191
1192
1193
1197
1198
3249
1204
3252
1208
3256
1211
1216
1220
3270
3271
1226
1227
1232
3280
1233
3285
3291
1244
3293
3295
3297
1250
1252
1259
1260
1262
1264
3317
3319
1271
1273
3326
3327
3328
3329
1285
1288
3337
1295
3344
1302
1306
1307
1308
3360
1317
1320
3368
1322
1325
3378
1331
1337
3389
3390
1350
3398
1351
1354
1364
3413
1368
1370
1371
3421
1375
3425
1384
3435
1388
1389
3443
1398
3446
1400
1402
1403
3455
1412
3463
1417
1421
3470
1424
3473
1426
1430
3480
1432
3487
1440
3495
1448
3497
1450
1449
1455
3504
3508
1464
1465
1469
3521
3522
3535
3542
3545
1498
3553
3555
1508
1507
3559
1514
1515
3578
1530
1533
3582
1538
1539
3594
1547
3596
1550
3599
1555
1557
3607
1559
1564
1568
3625
1579
3630
1583
3632
1585
3639
3640
1594
1596
3645
3655
1615
1617
1622
3677
3679
1637
3686
3689
3694
3703
1657
3708
1661
1662
1665
3714
1672
1678
1679
3728
1686
1688
1690
1694
3743
3758
3760
3762
1726
3778
1734
3790
3794
3798
3799
3804
1759
3807
1767
1770
1771
1773
3822
1777
1778
1779
1781
1782
3833
3835
3836
3837
1793
1795
1800
3851
1804
3854
1807
3859
1812
1816
1820
1826
3875
3876
3877
3879
1834
1836
1837
1843
3892
1851
3907
3912
1865
3915
1868
1875
1879
3929
1882
3935
1888
3937
3939
1892
1894
3943
3948
1904
3954
3957
3962
1914
3967
3973
1929
3982
3984
3985
3987
1944
3995
3996
1948
4000
1961
4011
1967
4021
4026
4028
1982
4031
1987
4036
1992
2001
2009
4057
2011
4060
2016
4065
4069
4071
4072
4073
4075
2028
2031
2032
4083
2037
4092
Time taken: 52.194896936416626