10242
34819
34818
45064
24586
20494
47120
4112
47127
28696
18458
30750
49182
28704
6175
18466
28710
28714
22571
44
10285
4144
16433
32819
4150
14391
26680
8256
2113
47170
65
38979
47179
16461
22608
47192
32857
39002
30808
41054
14435
2150
18535
14440
20588
18540
47218
4221
16511
10369
12425
8330
16527
41107
39062
28824
47258
2214
49319
37035
32939
34994
178
180
20662
41151
10431
43203
43205
30919
41160
28874
6348
37070
35028
8407
24793
28890
12509
225
6376
18666
26860
49392
8434
12530
37114
30975
39170
12547
6403
49411
47367
10516
12565
14616
10522
16667
6430
31008
10535
22837
43318
37177
41274
20799
37186
4419
26949
49478
6475
18765
26967
344
41303
31066
35163
43357
14687
26975
24929
45410
10594
16738
8557
47471
8559
18802
8563
43382
16759
39289
47482
384
45443
16775
4493
6544
27027
8600
35231
31137
25001
10665
22959
27055
14771
20917
2488
22972
4545
37313
33224
10699
10707
47572
16851
25047
27108
35300
18918
29160
37354
31223
512
517
14863
23060
18980
10799
2609
16949
10822
21075
31325
47713
29283
12907
45684
8822
23160
2683
47747
21123
43655
43656
4745
4746
49803
45709
29331
10900
21148
23198
10916
23209
35516
707
31433
33482
25292
45773
39630
2768
35538
47827
13011
27350
2779
41698
10979
2787
741
27366
37608
45800
33519
19185
15090
27380
47867
43782
31496
49935
39696
49937
27408
49940
8981
4886
41750
39701
41749
29467
29468
6945
35619
19243
25388
27438
23345
15154
6961
49973
19254
23351
43833
2876
31551
6982
37703
43851
45908
13144
9049
19299
47972
877
15213
25456
9074
29555
39797
11126
45944
41863
33671
43916
21388
13196
29582
29584
41876
31638
17303
48023
9111
45974
2970
21404
33693
35742
45984
39850
41899
11193
43961
35776
29635
11205
46024
46033
5074
39889
15318
3034
33756
19421
9192
46057
13290
35820
13292
9198
1010
3059
31744
19457
25600
17410
13322
29708
27664
29714
21524
25623
31771
23580
3101
46108
46118
33831
13353
23596
42037
37948
46141
46144
27715
48198
46150
46159
25680
7251
11347
9302
7256
44122
17498
27740
33887
13408
44132
25703
37991
11369
27757
9332
42104
11389
1152
23683
25731
9349
29844
29863
23726
5297
17587
7351
23743
21700
15561
5325
3279
27856
42193
1245
1246
31973
7399
40168
11496
3310
19700
3320
7418
13575
36104
17673
42250
46356
23828
15638
19735
21784
3350
46362
7469
17709
44337
5426
32056
30016
1346
15687
17737
15690
44370
32083
46420
27993
25946
48475
36195
36198
3432
32110
25966
25968
13681
3444
13684
23930
44414
21893
7559
19848
46482
40341
34199
1432
21914
17818
11678
40353
48546
7593
21930
42413
48570
7615
40387
48581
48582
1479
46535
34251
46541
42449
15828
30169
3554
9699
32228
36326
13800
48624
28146
48631
26107
26118
1543
15878
13836
24076
46611
1557
1558
28183
48667
22044
15899
36382
20007
40488
28201
36392
22063
42544
17967
26163
1589
7734
28215
32315
40507
1598
34368
34369
26177
20036
7753
3659
15962
13919
24165
24169
7796
7802
28290
22151
3721
38542
46737
30354
36503
13976
46752
34464
20130
16038
28334
14011
42683
16065
1733
42694
42697
46797
22224
1745
3792
40659
38615
18145
12005
48871
44778
14070
48887
24314
7946
48909
28439
7961
3866
1819
16157
14111
46880
20264
7976
1836
32557
38703
18226
7989
20278
40757
12088
16185
34619
12094
28490
24394
28497
8024
1881
38747
40798
30563
28516
46956
6000
12145
14194
12148
32632
14208
30593
49026
12168
24458
22412
18323
42900
14228
1942
32663
49043
42899
28565
18331
12183
36757
28575
32674
42914
16303
18352
40885
10173
1983
32719
45007
34772
34773
18399
24544
32737
36839
47083
2031
30704
8178
26612
10231
38904
