10242
34819
34818
45064
24586
20494
2063
4112
47120
47127
28696
30744
18458
30750
49182
47134
28704
18466
6175
28709
28710
28711
28714
44
10285
41007
4144
16433
32819
4150
18487
14391
26680
26678
8256
65
47170
38979
2113
49223
47179
20555
45133
16461
22608
43088
30808
32857
16474
47192
39002
41054
14435
24677
2150
18535
14440
26725
18540
20588
47218
4221
10369
20611
12425
8330
16527
41107
2197
39062
28824
47258
30883
2214
49319
37035
2219
32939
178
34994
180
49333
20662
10431
41151
26817
194
43203
43205
30919
10439
41160
28874
6348
37070
35028
8407
24793
28890
12509
225
6376
18666
26860
4333
49392
12530
8434
33011
37114
6395
30975
39170
12547
49411
6403
262
47367
45315
10516
12565
14616
10522
16667
22812
6430
31008
37156
10535
24873
22837
43318
22841
41274
37177
20799
22847
37186
4419
26949
49478
6475
18765
26958
20814
39245
6485
37205
26967
4437
344
31066
41303
16732
43357
47452
16735
14687
26975
45410
10594
16738
24929
6503
8557
2414
47471
8559
18802
29043
20852
43382
16759
35192
39289
31098
47482
45437
384
45443
16775
33164
4493
8590
6544
8592
27027
8600
35231
415
31137
43427
37283
10665
25001
4522
27055
18864
22959
39346
14771
4530
20917
2488
22972
37313
4545
37318
33224
10698
10699
10707
47572
16851
25047
27108
35300
18918
29160
37354
27115
23018
35310
25071
20975
31223
37368
23038
512
4608
23040
517
27143
14863
23060
27167
18980
49704
2602
27180
10799
2609
16949
10822
6727
21075
8793
31325
47713
29283
8806
4715
12907
35444
45684
8822
23160
2683
47747
21123
43655
43656
4745
4746
2697
49803
45709
31374
29331
10900
21148
23198
10916
23209
31407
35516
707
31433
41674
33482
25292
45773
39630
35534
2768
35538
47827
13011
27350
2779
21211
41698
2787
23268
741
27366
10979
45800
19177
37608
13032
33515
25318
33519
2799
19185
15090
27380
47867
15108
23300
43782
31496
49935
39696
49937
27408
35163
49940
8981
39701
4886
41750
788
41749
29467
29468
6945
35619
33575
41771
19243
25388
27438
23345
6961
15154
49973
19254
23351
11062
43833
2876
33596
31551
6982
37703
45897
13130
43851
15178
45908
13144
9049
4955
9057
19299
47972
17257
45931
15213
877
25456
9074
29555
39797
11126
23416
889
45944
33656
23421
895
39256
41863
33671
21388
43916
13196
29582
29584
41876
45974
17303
48023
9111
2970
31638
21404
33693
35742
45984
17315
23465
39850
41899
35765
11193
43961
35776
29635
11205
46024
46033
5074
39889
15318
3034
19419
33756
19421
11230
37863
9192
46057
13290
23528
13292
35820
17388
9198
46065
1010
3059
44024
31744
19457
17410
25600
15366
13322
29708
27664
29714
25618
21524
25623
15385
31771
23580
3101
46108
27681
19490
46118
33831
48168
13353
23596
19501
42037
11322
37948
46141
46144
27715
48198
46150
9292
46159
25680
27729
11347
7251
33875
9302
7256
17498
44122
27740
31838
33887
42078
21601
13408
44132
21605
37991
25703
11369
44136
27757
9332
42104
11389
1152
21633
23683
25731
9349
38019
35973
11402
29844
17557
3222
29863
31912
23726
5297
13490
17587
40116
46260
19636
7351
27836
19646
7359
23743
21700
42180
9416
15561
21706
5325
3279
27856
42193
23767
38108
1245
13533
1246
31973
7399
40168
11496
34030
3310
27888
19700
13560
3320
36088
7418
13575
36104
17673
42250
19731
23828
46356
15638
19735
21784
15640
46362
3353
38177
42274
7469
17709
13615
30000
44337
5426
17713
32056
23869
30016
34112
15687
38216
17737
15690
36173
17743
5457
44370
32083
46420
21844
17748
27993
25946
48475
15709
3421
30048
3426
36195
36198
3432
32110
25966
25968
13681
3444
13684
11639
23930
44414
25983
21893
7559
19848
46482
40341
34199
1432
17818
21914
11678
26014
40353
48546
7593
21930
9641
42413
23983
21938
42425
48570
23996
7615
40387
48581
48582
46535
1479
9672
34251
36300
46541
42449
15828
36312
30168
30169
3554
9699
32228
36326
13800
48620
15856
46577
28146
48624
48631
26107
7680
15878
26118
1543
42508
42509
1548
13836
24076
1554
46611
38419
1557
17938
28183
1558
48667
22044
15899
24094
36382
20007
36392
28201
5674
40488
22063
42544
17967
26163
32308
28213
7734
32309
28215
1589
13877
40507
32315
1598
40510
34368
26177
34369
34370
20036
7744
7753
3659
38477
11862
7766
15962
13919
26209
1637
13926
24165
24169
48751
22132
46708
7796
30328
7802
16000
48769
28290
36482
22151
3721
9866
28297
16010
38542
46737
30354
38546
36503
13976
34464
46752
20130
16038
28334
1715
14011
42683
26301
20159
16065
1733
42694
26312
42697
28361
5837
46797
28366
3792
1745
11983
40659
42708
22224
38615
38618
11995
18145
12005
48871
44778
32494
14070
48887
24312
24314
18172
5886
30464
3848
7946
48909
7958
28439
44825
3866
7961
1819
16157
14111
46880
48930
20264
7976
42795
1836
32557
18221
38703
20273
18226
3892
32565
20278
7989
40757
1847
16185
34619
12091
16187
12094
10046
18237
24394
28490
10061
28497
8024
1881
22361
38747
40798
1887
30563
28516
46956
6000
12145
24434
14194
12148
36728
32632
14200
14208
30593
12162
49026
12168
24458
22412
46989
12174
42899
14228
42900
49043
12183
40856
28565
36757
18331
18323
32663
1942
30623
28575
42914
42923
16303
18352
30640
40885
42936
10173
1983
8128
24513
4031
16328
45007
32719
34772
34773
47064
6105
18399
24544
32737
8163
36839
47083
2031
30704
8178
26612
10231
38904
