31744
19457
10242
34819
25600
45064
13322
29708
20494
21524
25623
18458
31771
23580
3101
30750
49182
28704
6175
28710
33831
28714
10285
4144
16433
32819
42037
4150
14391
26680
46141
46144
2113
47170
65
38979
27715
48198
16461
22608
47192
32857
44122
17498
27740
33887
13408
44132
18535
14440
25703
37991
20588
27757
9332
42104
11389
10369
23683
9349
8330
41107
39062
28824
2214
29863
37035
23726
5297
34994
17587
20662
7351
43203
21700
43205
30919
41160
15561
6348
37070
3279
27856
35028
24793
12509
1245
225
31973
7399
6376
40168
18666
11496
26860
8434
19700
3320
37114
7418
12547
6403
49411
47367
36104
17673
46356
12565
23828
15638
10522
16667
6430
31008
7469
5426
22837
43318
32056
41274
20799
37186
4419
1346
26949
49478
15687
17737
15690
6475
46420
26967
344
27993
25946
48475
43357
14687
26975
24929
45410
10594
36195
36198
3432
8557
32110
47471
25968
18802
3444
16759
44414
21893
16775
19848
4493
6544
46482
27027
8600
1432
11678
35231
31137
48546
25001
7593
42413
22959
27055
14771
20917
48570
22972
7615
4545
37313
40387
48581
48582
10699
34251
46541
42449
10707
47572
15828
30169
9699
27108
32228
36326
13800
37354
48624
28146
31223
48631
512
517
26118
1543
13836
24076
14863
46611
23060
28183
48667
18980
20007
40488
42544
2609
26163
16949
7734
28215
1598
34368
34369
20036
10822
7753
31325
13919
47713
29283
24165
24169
12907
45684
7796
8822
7802
2683
28290
47747
3721
4746
45709
38542
46737
30354
10900
13976
21148
23198
46752
34464
14011
42683
16065
42694
31433
45773
39630
46797
2768
22224
1745
47827
13011
40659
27350
2779
10979
741
12005
48871
37608
45800
44778
33519
15090
27380
14070
48887
24314
47867
43782
31496
48909
49935
39696
49937
27408
4886
41750
3866
29467
1819
16157
42899
14111
35619
20264
19243
25388
38703
23345
15154
18226
49973
7989
23351
20278
43833
16185
34619
2876
12094
37703
28490
28497
45908
40798
19299
47972
46956
877
6000
12145
9074
14194
11126
45944
32632
49026
41863
33671
43916
22412
18323
41876
42900
31638
17303
48023
9111
14228
1942
21404
33693
32663
18331
45984
39850
41899
16303
18352
40885
11193
29635
46024
32719
45007
46033
5074
39889
34772
34773
3034
33756
49043
18399
32737
36839
35820
13292
9198
8178
3059
26612
10231
38904
