512
31744
34819
517
1543
45064
13322
13836
46611
28183
25623
18458
31771
23580
48667
30750
49182
20007
33831
40488
28714
10285
2609
16433
32819
26163
42037
7734
4150
28215
14391
46141
1598
34368
2113
47170
27715
34369
10822
7753
32857
44122
17498
27740
13919
13408
29283
44132
24165
18535
25703
37991
24169
12907
7796
45684
42104
7802
2683
11389
28290
8330
45709
46737
10900
39062
13976
21148
23198
23726
5297
20662
7351
43203
43205
30919
41160
15561
31433
46797
37070
39630
3279
1745
22224
40659
35028
27350
1245
12509
10979
37608
15090
27380
7418
24314
12547
47367
31496
36104
17673
49935
39696
49937
27408
46356
23828
4886
41750
12565
10522
16667
29467
16157
14111
31008
35619
19243
25388
7469
7989
43318
49973
32056
16185
41274
22837
20278
20799
4419
37703
15687
17737
15690
28497
26967
25946
43357
14687
19299
36195
47972
36198
46956
8557
32110
877
25968
12145
9074
11126
16759
32632
44414
49026
41863
6544
46482
41876
42900
31638
32663
1942
18331
33693
11678
35231
45984
48546
25001
39850
41899
42413
22959
18352
27055
14771
20917
11193
7615
4545
48631
40387
48581
46024
34251
46541
32719
45007
5074
10707
15828
34773
33756
18399
32737
9699
27108
36326
37354
35820
13292
48624
8178
3059
31223
38904
