32768
49152
49157
6
49159
32779
49164
16407
32794
16410
49182
32803
32804
49189
32809
44
16428
16432
16433
16434
32819
32825
32826
49213
16446
64
65
49219
49220
32837
49223
16461
49239
32857
32858
16474
16486
32872
49256
16491
110
49267
16511
32895
49286
136
32910
16527
49302
32918
16537
16540
32925
32927
49312
32931
49315
166
49319
32936
32939
49323
172
178
32946
180
49333
32950
49339
32959
32960
32961
194
49347
32965
16581
49349
199
205
16593
32978
16595
32980
16597
32985
16605
224
32993
49377
225
49380
33007
49392
33009
33011
33013
16633
253
33022
33023
33024
49407
16642
49411
33029
262
16648
266
273
49427
49431
49434
283
16667
287
16674
33060
33063
49454
49456
49459
309
16694
33079
33084
16705
49474
49477
49478
16717
33103
336
49489
33111
344
16732
33119
16735
16738
49509
16744
362
33135
16753
16759
33145
16765
384
49537
49539
33155
16775
394
33164
49549
398
33169
402
405
16790
49559
411
413
415
33183
49569
16802
33186
49572
49580
33197
431
433
435
16820
33205
33208
16824
33215
448
16835
16836
49606
33224
16841
458
456
16851
16859
49629
33246
33249
49636
33261
16878
16879
49650
33271
16887
512
33280
49665
517
16902
519
518
525
528
532
49685
16921
543
49695
16929
49702
33319
49704
551
555
33324
33328
49712
16948
16949
566
33334
33338
49723
33345
16962
49730
579
49731
33354
16972
49742
16975
597
16993
33378
16997
33385
620
17013
49782
17018
33403
49791
641
17025
33409
33417
49803
655
33424
49816
17051
673
33443
677
17062
49831
33451
17068
33457
33458
49848
17085
17086
33472
707
49862
710
33482
714
722
49877
49881
33506
49892
741
33510
740
33515
748
33519
17135
49904
49907
33524
33525
49910
33527
49911
767
33541
49932
49935
49937
49940
788
17175
791
33561
17177
33566
17183
799
33570
33575
810
49964
17200
17202
49971
49973
33590
823
825
49977
33596
33597
17222
841
846
17231
17237
859
17251
17253
17257
875
877
17262
879
33656
889
891
895
33671
903
17292
17297
17303
17306
33693
17315
33704
17323
946
17335
33725
961
962
33736
17352
969
17357
17359
17368
33752
33756
33757
33761
33770
17388
33773
1006
17391
33775
1010
33781
17399
33784
33792
17410
17428
17433
33823
33831
33834
17452
33837
33838
17458
33843
1076
17461
33845
1082
33851
17471
17476
33862
33863
17479
1097
17490
33875
33874
1110
17498
33887
17508
17517
17520
17527
33911
33915
33919
1152
1157
17557
1177
17563
1184
17570
33956
33960
33961
1199
1201
17587
17601
17604
1223
1228
1229
1230
34004
17621
17628
1245
1246
17638
34030
17649
17656
17657
34040
1277
17669
17673
34059
17685
34072
1307
1313
17709
1327
17713
1330
17714
17715
34102
34105
1340
34112
17729
34115
1352
34121
17737
17743
17746
34132
17748
17752
1377
1378
34157
34193
17814
34199
1432
1431
17818
1437
34210
1453
17850
34234
34237
1472
17860
1479
34251
34256
17873
34258
1491
34259
34261
1499
34267
1501
17888
1510
34278
1513
1514
17897
1516
34287
17909
34297
1536
17925
1543
1548
34317
17933
34318
1554
17938
1556
1557
1558
17945
34329
34342
34351
17967
1589
34358
1590
34365
17981
1598
34368
34369
17986
34370
34374
1611
1612
1613
34384
18003
1621
34394
1631
1637
1638
18026
18027
34432
18048
18050
18051
18054
18055
18057
34442
1679
34450
18072
18076
18080
34464
1698
18083
1702
18087
1713
34481
1715
18099
34486
18104
18105
1721
1733
34504
18121
18120
1740
1745
18134
1751
34522
1758
34528
18145
34540
18172
1792
18180
1799
1805
1811
18199
1816
1817
1819
34587
1826
1827
1828
34602
18219
1834
18221
1836
18226
1847
34616
1851
34619
18237
18239
34625
18250
34643
34645
1881
1887
34656
34657
18284
18287
34671
34676
18293
1911
18298
1918
1919
34688
1938
18323
1942
1943
34712
18331
1956
18341
18342
1960
18347
18349
18352
1968
18354
1973
34741
18362
1982
1983
18368
1984
1995
34770
18387
34772
18389
34773
18399
34783
18401
34787
2020
34794
2027
2031
18416
34801
34805
2037
2040
34812
34815
2047
18433
34818
34819
18437
34821
34824
34825
2063
18452
2071
18457
18458
18462
34849
18466
34858
18478
18487
18490
34876
2113
18499
2118
34889
2136
2140
2150
18535
18536
34920
18540
2157
2159
18547
18549
18553
34945
18565
34951
2197
2200
18585
18597
2214
34985
2219
2222
34994
18614
2232
18617
35002
18625
35016
18633
2251
35020
35023
18643
35028
35029
2262
2261
18652
2268
18659
18664
18666
2288
18676
18679
18686
35079
2313
35087
35091
2330
18729
18735
35121
2360
35129
35134
18754
2371
18756
2372
18761
35149
18765
18768
2386
35154
35161
35163
2396
2398
18786
2402
2404
2405
35179
2411
2412
2414
2416
18802
18804
35192
2440
18825
35212
2456
2461
35230
35231
2465
35235
18864
2480
2483
2488
18872
2498
18890
2515
18905
35293
2529
35298
18915
18914
35300
18918
35303
2539
18925
35310
2550
2555
35332
35336
35337
2571
18956
35344
35352
2592
18980
2601
2602
18987
2609
35382
2624
35395
35408
35411
19028
19034
19035
19037
19038
19040
2660
19046
35442
35444
35451
2683
35452
19070
19075
2693
35461
2696
35465
2697
35464
19084
35469
35472
2720
19104
19116
35502
2743
35516
2762
19147
35534
35535
2768
35538
2772
2778
2779
2785
2787
19175
19177
35565
2799
19185
2805
35580
19196
35588
2824
19220
19229
35616
35619
19243
19247
19254
19257
2874
35643
2876
19264
35654
2888
35658
2891
19282
35668
35672
19299
35687
19319
35706
19327
2945
35719
19336
35721
35722
19341
35733
2966
19351
19352
19353
2970
35742
19358
19374
35763
35764
19380
35765
35767
19384
35769
35776
3008
35778
19395
35785
3018
35796
35797
3034
19419
19421
3039
19429
35820
35821
19436
35824
3057
3059
3060
19448
35833
3069
19457
35841
19464
19465
3080
19467
35850
35854
35855
3090
35865
3101
35869
19490
19492
19493
35878
35879
19501
3120
3136
3139
19545
35933
35937
35940
19558
35946
19574
19575
19576
19579
3196
3202
35973
35980
19599
35985
3222
19609
3231
3233
3237
3249
19636
19637
36025
36026
19646
3263
19649
36041
19659
19662
3279
36047
36051
36054
3287
3298
19685
36071
3306
3310
36080
3315
19700
36083
3320
36088
3329
3333
36104
36111
19731
3349
3350
19735
3351
3353
19743
19744
19747
19749
19756
19759
3376
19763
19766
36150
3387
36173
19793
19794
3412
3413
19801
3421
3426
36195
19813
36198
3432
19818
36203
3436
3437
36207
3444
36218
36221
19847
36231
3465
19848
36235
36242
3474
36246
19871
19873
36261
19878
3495
36262
3497
36266
19886
3503
36273
19891
19902
3518
19910
36298
36300
3536
36310
19927
36312
36313
19930
3554
36326
19947
19961
36357
36382
36383
36387
3621
20006
20007
3624
36392
3628
3632
36402
36406
36410
36411
36418
36419
36420
20036
20038
3659
20045
20047
20048
36434
20052
20053
20054
36445
20063
20067
3683
20070
20075
36460
20077
20082
3699
20083
36471
20096
36481
36482
3718
3721
36493
3725
36496
36503
3738
36507
3739
36513
20130
20129
20137
36529
20146
36537
3769
20153
20159
3778
20168
20171
36556
20173
3792
36562
20185
20191
3810
20201
3831
3832
3833
20216
36604
36605
36609
3848
36618
36622
3855
20242
36627
3864
3865
3866
36640
36641
20264
3881
3884
3888
20273
36660
3892
20278
36666
3910
3914
20307
20312
20317
20321
36706
36708
3942
36724
36728
20346
3969
36742
3978
36752
36756
36757
36760
3993
36761
20382
4001
36770
36771
4007
20393
4013
20407
4026
20413
4031
36802
20421
4046
20432
4055
36824
36829
36835
20452
36838
36839
4070
36843
4076
36852
20469
20477
36861
20494
20495
4111
4112
20498
20503
4120
36887
4122
20508
4128
36899
36900
4133
4142
4144
20529
36913
4150
36926
36935
20555
4181
4186
4188
4196
20588
36974
4208
20596
4213
4214
4217
36987
4221
4222
20611
36998
37000
4233
20621
37006
4241
37015
37024
4260
20644
20646
37028
37035
4268
4269
20655
4274
20660
20662
4283
4284
4295
37069
37070
20687
4312
37081
4314
4318
4319
4323
20708
4326
4333
20721
20723
37111
20728
37112
37114
20734
37122
37124
20752
37140
37144
4377
37156
4391
20776
37163
37171
20788
20789
37174
20791
37177
20795
20796
20799
4417
20802
4419
37186
37196
20814
4430
4434
4435
4436
37205
4437
4445
20830
37221
4457
37228
20845
20844
37234
20852
37241
4481
4488
20874
4493
4494
4495
20879
4514
37283
20901
4517
20904
4522
4530
4531
20916
20917
37303
4537
37313
4545
4548
37318
37322
20940
20941
37327
20944
4577
37354
20974
20975
4592
4596
20983
37368
4608
37383
21002
4621
21010
4654
4659
37431
37437
21055
37439
37440
21058
37458
21075
4693
21078
21079
4696
4702
4707
21095
21096
4711
4714
4715
21105
21107
37493
4727
21111
37501
4738
21123
4741
4745
4746
37520
37521
37529
4761
21148
37533
4768
4774
37545
37546
4778
21169
37554
4786
21186
21193
37578
4817
21202
4818
4821
21211
21213
21216
21223
37608
37607
21225
4843
37611
21228
4846
37631
4868
37637
21266
21269
4886
37663
21284
4901
37669
4919
4920
4928
37699
21316
37703
4936
21323
4943
37711
21329
4946
21327
21332
4951
4955
37735
21354
37748
4981
21367
37759
21376
37761
21377
4993
5004
21388
21393
21394
21395
37779
21404
37791
21410
5029
5032
21418
37802
5041
21434
37819
5053
5060
21450
37838
37840
5074
21458
5080
5081
5082
37853
21472
37863
5104
5120
21508
5129
5130
21522
21524
37914
5151
5158
5164
5173
37943
5175
37948
37951
5192
37966
37971
5207
5215
21601
21605
37991
21609
21614
37998
21616
38001
21633
5249
38019
38020
21645
21647
5269
38037
5273
21662
38050
5290
38059
38065
5297
38072
38077
5311
5312
21695
21700
5316
38086
38087
21706
21707
38092
5325
38094
5328
38099
38108
5340
38120
5353
21739
21743
21752
38140
38141
21758
21760
5378
21776
5393
5395
21782
21784
38169
38171
5407
38177
5410
38181
21800
21805
5426
5427
38210
38211
21827
38216
38220
5457
21841
5459
21844
21847
21850
21851
5472
5475
5476
21862
38247
5479
38253
5489
5498
21887
5504
5508
21893
21898
5523
21913
5529
21914
38300
21920
5539
5543
5545
21930
21933
21935
21938
5556
38325
21945
21948
5569
38343
38344
5585
38364
5603
38380
38381
38382
5619
38396
22016
22017
38402
38400
5636
5647
38416
22033
22034
38419
5650
22044
22046
22048
5669
5672
5674
22063
38450
38452
22069
22070
5691
22079
5695
22083
38469
38477
22096
22097
5713
5715
5720
22107
22108
38494
22114
5736
5738
38509
22132
38518
22140
22145
22150
22151
38535
5767
38538
5766
5773
38542
22161
38546
22163
38548
38554
22171
5789
38563
22181
38572
5809
5810
5811
22196
5813
22199
38592
38596
38599
5833
38601
38604
5837
22224
22228
38615
38616
38618
22235
5860
22245
38630
5869
22256
38643
38646
22266
5883
5886
22275
22278
38662
22280
38671
38682
5916
38695
38699
5933
38703
38704
22321
22319
5937
38715
38718
22338
38730
5972
22358
38743
22361
38747
22368
38757
6000
38772
6007
38778
6010
6018
6019
38789
22410
22411
38794
22412
6032
6036
22421
6038
22432
6051
6052
6056
6076
6080
6083
6088
38861
22479
6097
22482
6105
22491
38880
22497
22499
6118
38890
6123
38896
38897
6130
22516
38904
6147
38918
38921
22547
6165
22552
22556
38940
6175
6180
22564
38951
22567
6184
22571
38957
22574
6191
22581
6198
38971
38979
6218
22608
6224
6227
38995
22613
39001
39002
39005
22631
6255
22642
6260
22645
6279
39053
39055
22672
22676
6294
22679
39062
6298
39067
39075
39080
6315
22704
22713
6330
6335
6341
39112
22730
6348
6352
6355
39124
39128
6367
22759
6376
6378
22768
39160
22777
6395
6400
22785
39170
6403
39172
39176
22795
39183
22800
22806
22811
22812
6430
6433
6446
6447
22837
39222
39223
22841
6458
22847
39233
6475
22859
39245
6485
39256
22882
6503
39281
6520
39289
39288
6525
22912
22923
22924
39309
6544
6547
39317
39325
39330
22958
39343
22959
39346
22970
22971
22972
22973
6591
22976
39363
6596
6602
22996
6628
23018
23020
39412
23038
6654
23040
6668
39436
39438
23057
23060
23062
39454
6687
23078
39469
39471
6711
6715
6718
23103
39488
6721
39490
6722
39489
6727
23119
6741
23127
39512
6747
23133
23136
39520
39523
23143
23149
6773
6776
23160
23162
23163
23165
23175
23179
39563
6797
6799
39575
23198
23201
39586
39587
39588
23209
39594
23212
23213
6830
23216
39600
23217
23223
6843
6852
6853
6855
23241
39628
23245
39630
39632
39634
6871
6873
6875
6876
6878
6880
23268
39653
6891
6893
39666
6899
39676
23300
23301
6920
39690
6925
39695
39696
23315
39701
39707
23325
6943
6945
39717
6955
23343
6961
23346
39731
23345
23349
39729
23351
23353
6969
6971
39744
39745
6977
39749
6982
23366
39751
39757
23382
39769
7002
7007
23397
7018
39786
7022
39791
39797
23416
7033
23421
23423
39808
39809
39810
23425
7049
39819
7060
23445
7063
39834
39836
23453
23465
39850
39853
23481
23488
23492
23500
39885
39886
39889
39891
23510
39897
23517
39902
23524
23528
7146
23536
7160
23546
39937
7172
7174
39953
23570
39960
23580
23586
23587
23596
39980
39985
7219
7223
23612
7232
23622
40010
23627
7251
7256
7258
7266
7269
7275
7277
7278
40046
7281
7283
7290
40060
40061
7292
23683
7303
40072
7305
23698
7324
23709
7326
40098
40099
40103
7340
23726
40116
7351
7359
23743
7364
7370
40140
23763
7379
23767
40158
7391
40167
7399
40168
40169
40179
7415
7418
40193
7425
23813
40198
7431
23818
40203
40207
23828
40212
7445
40215
40216
7469
23856
23864
23869
40260
40262
7494
23879
40267
40272
40281
40282
40283
40288
23906
40291
7528
7533
7538
23924
23930
23932
40322
40325
7559
40329
40335
7568
40337
40341
40342
40344
7577
40346
23964
40351
40353
40354
23971
40355
7593
7596
40365
23980
23983
23986
23990
7607
23993
40379
23996
7614
7615
7617
40387
40388
7621
7640
24029
7645
7654
40441
7677
7680
24066
7685
7686
40459
24076
40464
40471
24094
40479
24098
40484
40488
24106
24107
24108
7726
7728
7731
40502
7734
24120
40507
24123
40510
7744
24132
7750
7753
24139
24150
7766
24154
7772
24158
40544
24165
40551
24169
7786
40556
7789
40558
7796
24182
24186
7802
24187
24192
7809
40577
24199
7816
7819
40588
40594
24212
24213
24214
40597
40600
7832
7836
24221
7841
7843
24227
7846
7848
40623
40628
40632
7867
7872
40645
7879
7882
40652
24270
40657
24273
40659
40671
24287
24289
40680
7916
24312
40698
7931
24314
24317
24318
40703
24322
40709
7945
7946
7950
24335
40723
7958
7959
7961
40730
24345
7967
7976
7979
40757
7989
40759
7996
40765
40767
8004
24394
8019
40788
8024
8025
40798
40799
8033
8036
8039
40809
8042
8047
24433
24434
40831
40834
24450
24458
40844
24466
40851
40856
8095
40865
40866
40867
8098
40880
40885
8125
8128
24513
24515
40901
24524
8140
8148
24542
8160
40929
24544
8163
8168
40939
40941
40943
8178
8179
8189
24573
24586
24590
40976
40979
8212
40981
8221
40992
24608
24614
40999
41000
41004
41007
8241
24628
24629
41014
8256
24645
41031
8265
8269
24663
41054
41060
24677
8293
24686
41073
8314
8320
41088
41090
24710
8327
8326
24712
8330
41107
41113
24734
24737
41121
8358
24742
41131
41134
24756
41141
8380
41151
24774
41159
41160
8400
24787
24788
8405
8407
24793
8415
41184
8417
41186
8421
8424
8430
8434
24830
41220
41221
8453
41230
8464
8467
24854
8477
41245
41249
24869
8489
24873
24876
41261
8494
24881
8501
24886
41274
41278
41281
41283
41288
8527
41297
41298
41300
41303
8535
24922
24928
24929
41312
8545
8552
8555
8557
8559
41338
24956
8586
8590
24975
8592
24978
8594
24982
8598
8600
8612
8613
25001
8619
41389
41391
41395
25022
41408
8643
8649
25038
25040
25047
25056
41441
8674
41443
25071
41461
8699
25084
41469
41473
8707
41480
8714
8715
41485
25105
8722
8723
41494
25114
41502
8735
25119
25129
8745
41514
41519
41523
25147
25148
41534
8768
41538
41539
8772
41543
25160
41546
8780
25165
8781
41554
41559
8793
25179
8796
8798
41573
8806
25189
41576
8810
41579
8813
25199
8822
8827
41605
8838
8842
8858
8862
8875
8877
25262
25265
8882
41651
8884
25271
41655
41660
25278
8903
41674
25290
25292
41678
25295
8925
25309
41698
41700
25318
41704
8942
41712
25342
25343
8961
41731
41747
8981
41750
41749
41752
8985
8983
41754
41757
8996
25382
41769
41771
25388
41783
25404
25410
41797
9033
41804
41806
41812
41816
25433
41818
9049
41817
41819
41823
9057
41830
25447
9063
25450
25451
9067
9071
25456
25458
9074
9086
25471
25479
41863
41876
9111
41880
25501
25503
41888
41898
41899
9139
41909
41910
41923
25545
9162
9164
25549
41933
41948
25574
41960
9193
9192
9198
41969
9205
9207
41980
9213
25600
25602
41988
41991
41994
9230
42000
9232
25618
9234
25622
25623
9242
42011
9250
42019
9251
42021
42028
9267
42037
25658
25659
25660
9276
9285
42053
25673
9292
9293
25679
25680
25682
9302
42078
25703
25706
9323
9326
42099
25715
9332
9333
42104
42105
25724
42111
25730
25731
9349
42126
9358
9369
25755
42141
25778
25782
42169
42176
9408
42180
25800
9416
9418
42193
9426
25822
9439
9440
25826
42212
9445
9446
9447
42217
25834
25836
25840
25843
9467
25852
25861
42250
25869
9487
9488
42259
9496
42265
25885
42271
9504
42274
42275
42285
25902
25904
25908
42293
9526
42295
25913
42301
25921
25922
9550
9552
25942
42327
25946
25956
42340
25959
25961
25966
42351
25968
42357
25974
25983
42368
42370
25991
25993
26006
9623
42393
42394
26010
26014
26021
9641
26025
9644
42413
26035
42425
42426
9671
9672
42441
42445
42449
9687
9693
9694
26077
42464
9699
26086
9708
42477
42478
26101
9719
26107
42497
26118
42508
42509
26126
26136
26140
9758
26142
42528
9762
9763
42535
42543
42544
26163
9784
42554
26177
42562
42578
26198
42586
26209
9827
26212
9831
9840
26228
42612
9849
42627
42631
42632
9866
26254
26256
26263
26272
26274
9896
42665
42668
26288
42683
26300
26301
42694
26312
9929
42697
9937
9938
42708
26327
42715
42730
9966
9973
9974
26359
9992
26379
26381
26383
26384
42771
10003
42772
10009
26394
26393
42784
42785
42791
42792
26408
42795
10029
10035
10037
10039
42808
42811
26427
10046
10051
42819
42826
42828
10061
26459
42852
26468
10097
10103
10106
26494
10112
42885
42886
10120
26505
10131
42900
42899
42914
42923
42925
42927
10164
42936
10168
10173
42943
42944
42951
42953
42954
42956
10191
10200
10204
26589
26591
26592
26599
26603
26609
10226
26612
10231
26617
10242
43015
43016
26634
43019
43020
43021
10260
10261
43032
43034
10266
26651
43040
26659
43049
43050
10285
26675
26678
10295
26680
43064
43066
10302
43073
43078
26696
43088
43089
26709
10329
43101
26718
26720
26725
26726
10343
43112
26734
10362
10365
26751
10369
26754
43148
26766
43156
10393
43163
43164
43177
43182
26805
26810
10431
10433
26817
43203
10437
43205
10439
43214
26836
26840
26841
10458
10461
43235
10471
10472
10475
26860
26867
43253
10498
43272
26894
10513
43283
10516
43286
43289
10522
26909
43295
26914
43299
26916
10535
10538
26923
26926
26928
43318
10559
26947
26949
43336
26958
26959
10577
10579
26965
26967
26969
26971
43357
26974
26975
26978
10594
26991
43378
43382
10614
27005
43392
43399
27016
10631
10639
10640
27027
10646
10652
27041
43427
10659
10665
27055
43444
10678
43447
10681
43450
43456
43458
10691
10698
10699
27083
10707
10710
27099
10718
27108
43496
27115
10733
10737
43507
27124
27127
27128
43517
43518
10751
43524
27143
27146
10766
10782
27167
10791
27177
10795
27180
10799
10800
27187
27193
43578
43587
10822
27207
27217
43614
27233
27242
27244
27245
43636
27259
27261
10878
10881
27267
43655
43656
27273
43659
27281
43667
10900
43670
10916
27310
43694
27312
10928
10937
43706
43708
10940
27326
10947
43717
10952
43727
10962
10963
43730
27350
10973
43742
10979
27366
43751
43757
43759
43762
43763
27380
27382
43770
43774
27391
43777
11011
43782
27408
27421
43806
43808
27430
27431
43819
11054
27438
11062
43830
43833
43837
11073
43841
43851
27468
27476
27479
43864
11098
27483
43868
43871
11105
43889
27506
11126
27511
43900
43914
43916
43923
27541
27542
27545
43930
43929
27548
27549
27553
43938
43939
27555
43946
27564
11181
43955
11191
11193
27577
11194
43961
43965
27585
11202
11203
11205
27595
27599
43995
27613
11230
11234
27620
44004
44006
44011
44015
11248
27634
44024
44026
44041
44044
27663
27664
11281
44053
27670
27672
11290
27681
27684
11301
27686
44071
11307
44076
44077
27693
11309
11322
11327
44095
27714
27715
44105
11340
27729
27730
11347
44117
44118
11353
44122
27740
11358
27743
27746
44132
44136
11369
44137
27753
27757
11375
11387
11389
44167
11399
11402
11404
11408
44180
11433
27819
44207
11443
11444
11450
27835
27836
27852
27856
44245
44251
27868
27867
44255
27871
27873
11490
11489
44262
44263
11495
11496
11499
27885
44271
27888
44275
44288
44293
11532
27918
27920
27921
44308
11551
11555
27941
11559
44337
11571
27955
11573
44342
27960
27964
27965
11583
44354
11587
44360
44367
44368
44370
44373
44375
27993
44378
11610
28000
28002
28012
28023
11639
44410
11646
44414
28032
44418
11651
28037
11654
28039
44431
11669
11672
11674
44446
11678
11681
28067
11684
44457
11689
44477
11715
44492
11727
44496
28114
44506
28125
11744
44520
11754
11755
28141
44526
44525
28146
28152
11779
44552
28168
11786
11793
11794
11795
28183
44568
44569
11801
28188
44583
11816
28201
28202
44586
44590
28213
28215
11831
44600
11835
28228
28238
44624
11862
28247
44632
28249
44635
11869
11871
28256
11873
28263
44648
28265
11881
28273
44663
11898
44673
28290
28291
44676
44677
28296
28297
28298
44681
44684
28300
28302
28305
11923
11926
44698
44711
28334
44719
11956
28354
44739
28357
28358
28361
28366
44751
11983
11982
11987
28373
11995
28383
28386
12005
44778
44781
28402
28410
28413
44798
28422
44809
28426
12047
44816
28432
12049
28439
12056
44825
28445
44834
12071
12073
44842
44843
28461
12081
12088
12091
44861
12094
44867
12102
28488
12105
28490
44876
12112
28497
12115
44885
28502
44887
12122
12123
28516
12142
44912
12145
12148
12150
28535
28544
12162
12168
12174
28565
28566
12183
12182
28569
44957
12190
28573
28575
44972
28593
28598
44982
12217
44988
12226
28612
12228
45005
45007
28627
28629
45016
12253
45025
28659
45046
12279
28670
45055
12291
12294
45063
45064
12298
12301
28686
45077
28696
45082
45083
12316
28704
45090
45091
28709
28710
28711
28713
28714
45100
12337
12339
45111
45113
28732
28733
12363
12365
45133
12366
12371
12376
28762
12386
28788
12409
28794
45179
12412
45181
45185
12422
12423
12425
28816
45204
28821
28824
28828
45217
28834
45219
45222
12456
45225
28847
12464
45233
28851
28852
45239
12474
12477
45249
28866
28867
12486
28874
45263
28885
12502
12504
45272
28890
12509
28895
12521
28911
12530
45299
28915
45302
45303
28927
28929
12547
45315
45323
12556
28941
28944
12561
45331
45333
12565
12567
28956
45345
45348
12591
28975
45362
12596
12608
28996
45381
45380
12615
12616
12618
45399
29015
12638
45406
45410
29028
45421
29043
12660
29048
45437
12669
45439
29056
45441
12674
45443
29061
29064
29071
45456
29078
29084
12709
12715
45489
12722
45491
29111
12733
29127
45513
45519
12756
45527
29144
29146
45535
29160
45554
29174
12793
12795
45565
29185
29196
12820
45590
12829
12832
12836
29222
29224
45611
29229
29238
45624
29249
12870
29255
12872
12886
45661
29278
29281
29283
12907
12909
45684
29305
29306
12923
45692
29309
45695
12933
29321
45705
45708
45709
12942
29331
29332
12948
45719
45727
29349
45742
29363
12981
29369
12986
45761
12998
29383
13000
29388
45773
13011
13014
13015
13018
13021
29407
13030
13032
45800
45806
13043
45817
29434
13052
29438
29440
29441
45826
13061
29455
29456
13073
29465
29467
29468
29472
45859
45860
29481
13100
13103
13104
45874
45883
13117
13122
45891
45890
13128
45897
13130
45903
29519
29523
45908
29526
45911
13144
13147
29531
45921
13154
45924
29541
45928
45931
13170
29555
13171
45944
29563
13180
13188
45961
13196
13198
13199
29584
29582
45974
13207
29594
13212
45984
46003
29628
46013
13249
29635
46024
13257
13260
13263
46031
46033
13274
29664
29667
13283
29669
29671
46057
13290
29674
13292
46061
46065
29681
29696
13322
29707
29708
29709
13328
29714
29720
46108
13347
29732
46117
46118
13353
29738
29737
29740
13358
13365
46133
29752
13370
46138
46141
29758
13375
46144
29764
46150
46155
29771
46157
46159
13397
13398
13408
13410
46188
46191
29808
29811
46197
46198
46199
29824
29825
46210
13446
29833
29844
13475
46244
29863
13487
29873
13490
46260
46263
46264
13498
29882
29884
29885
29892
46291
46296
13529
29915
13533
29918
46303
46308
46313
46322
29941
13560
29955
46340
29958
13575
29962
13579
29969
46356
29975
46362
29988
46374
29993
46379
13615
30000
30002
13620
46393
46397
46399
30016
13633
46402
46404
30023
13649
13650
30034
46420
30037
30040
13664
30048
30054
30055
46445
46448
13681
46450
13682
13684
30072
46457
46461
13695
46464
46469
46470
30093
46478
46482
30101
13718
13723
13726
46502
13736
13740
13747
46521
13757
46526
46530
46535
30152
46541
30159
13778
13780
30168
30169
46552
13800
46571
30188
13805
46577
30193
46580
13813
46581
46583
46587
30204
30205
30211
46596
30212
30216
13832
30218
13836
46611
46624
46628
46631
30248
13877
13882
46650
13888
30274
30275
46664
13898
13899
46671
30289
13919
13926
46695
13928
30317
46706
13939
46708
46707
30328
30329
30337
13957
13965
30351
46735
46737
30354
46743
13976
30361
13978
46752
46758
30374
13992
46761
30381
30390
46775
30393
46778
14011
30397
46782
46791
46793
30411
30413
46797
46816
30433
46834
14067
14070
30456
30459
14076
30464
46852
14086
46854
46857
14095
46867
30484
14100
14107
14108
30493
14111
46880
46886
30503
30506
14123
46892
30517
30519
14140
14148
14150
30540
14157
46932
14168
30563
46950
30567
46956
30574
14194
14200
46968
14208
30593
46976
14213
14216
46989
46990
14228
30623
14251
47022
30640
47029
47034
30653
30654
14272
14276
30664
47050
30673
47064
30685
47071
14309
47083
30704
30709
14331
30716
30724
47109
14348
47120
30736
47124
14357
14358
47127
30744
47134
30750
14372
47141
14381
47150
47152
47159
14391
30785
47170
47171
47172
30787
47177
47179
30797
30798
47192
30808
14428
14435
14440
47214
30834
14451
47218
14456
30843
30848
47234
30855
30864
14488
47257
47258
47267
30884
30883
47269
47272
47275
47276
14509
30894
47280
47282
47285
30902
30904
14524
47293
14528
47297
30919
47312
30939
47330
14570
14576
30961
30967
47358
30975
30974
47359
47367
30985
47380
47383
14616
14618
14624
31008
47396
31018
14640
31029
14647
31033
14681
31066
14682
47452
14684
14687
47471
47478
47482
31098
31106
14726
14727
14729
14733
14740
47508
14749
31136
31137
14757
47527
31151
14771
31162
31163
47568
14800
14802
14801
47572
14812
14819
47589
47590
31206
47597
14833
31217
47604
31223
14840
31226
47620
47621
14861
31245
14863
47636
47640
14873
31262
47650
47654
31272
14892
47663
47668
14902
31290
14907
14909
31298
31299
14921
14922
31311
14928
47700
31325
47713
14946
14947
47732
47741
14974
47747
31368
31371
14987
14990
31374
15005
47773
47775
31401
31406
31407
15023
47796
47800
31417
31422
47811
15048
31433
47822
47826
47827
47828
31449
15072
31470
47854
47857
15090
47863
47867
15103
15107
15108
47878
31496
15113
31502
15121
31507
31512
47897
15132
31525
31530
15149
31533
47918
15154
15160
47928
31545
47935
31551
31554
47945
15178
31561
15184
15189
47958
15192
15193
47972
47973
47974
31592
15213
47982
47983
31605
31611
15230
31615
15233
48006
15245
15246
31631
31635
31638
48023
48026
15259
31645
48048
31665
48050
48049
15286
48055
31673
31678
31690
15318
31711
48095
15331
15337
15347
31737
31738
31744
48128
15360
15366
48142
31765
15385
31771
48160
31776
15394
15398
48168
48175
31794
15410
31799
15425
48194
48198
31816
15437
48207
15441
48210
48216
31836
31838
48223
31844
48228
15462
15465
15468
31853
15470
31854
15469
15477
31882
15498
15511
48279
31898
48283
15517
31912
31913
31916
48303
31933
15552
48323
15561
15567
15572
15573
15578
31966
31968
31970
31973
31977
31979
48365
31987
15609
31995
31998
15615
15621
15625
32011
32012
48397
32015
15634
48403
15638
15640
32029
32032
15652
48427
32047
32051
32056
48446
15679
48447
15687
15688
48455
15690
48459
32078
32083
48470
48471
32088
32089
48475
48477
15709
15718
48487
32104
32110
48499
32119
48503
48504
15743
48521
32147
48532
32153
48538
48546
15785
48559
15791
32178
32180
32184
48569
48570
48574
48575
32194
48581
48582
48584
32202
15825
15828
15830
32220
48605
32222
48607
15843
32228
48612
32231
15848
32234
48620
15855
15856
48625
48624
32244
48631
15866
15871
15878
32267
48654
48655
15890
15891
48661
48662
48667
15899
32283
32291
48680
32299
48685
48689
32308
32309
48693
32315
48703
48707
15942
48715
48717
15952
15954
32341
15962
15963
32348
32362
48751
32370
15992
15994
16000
48769
16002
48773
48776
16008
16010
32399
48801
48802
16034
16038
32423
48808
32422
16046
48822
48824
32445
32449
16065
48835
32451
32457
48844
48846
16081
32468
16084
32470
48853
48862
48863
48864
16100
32485
48871
16109
32494
32495
32496
16118
48887
16125
16126
16127
48898
32522
48909
32526
32527
16145
16154
48923
16156
48922
16157
48930
32554
32557
48941
32565
16185
16187
32572
48957
16189
32573
16194
16196
48965
32583
48971
32592
48980
32597
48990
16228
32612
16232
16234
32619
16244
16246
32632
16256
49026
16263
32653
49042
49043
32660
32658
16279
32663
16283
32673
32674
32679
32680
16299
16303
32689
49079
49080
49094
16328
32716
32719
16339
32726
32733
16352
32737
32740
32746
32753
32757
16373
16375
49146
49149
