12294
45064
24586
49164
24590
20494
4112
20498
20503
28696
16410
45083
49182
28704
32803
45091
28709
28710
28711
41000
28714
44
41007
4144
16433
32819
4150
41014
45113
28733
8256
65
64
49223
12363
20555
45133
16461
12371
24663
32857
16474
32858
41054
12386
24677
16486
8293
49256
20588
36974
4208
41073
28788
12409
36987
4221
32895
8320
20611
24710
49286
36998
12425
8330
136
20621
16527
28816
41107
45204
28821
28824
16540
49312
41121
45217
45219
37028
166
49319
37035
32939
4269
45233
178
180
24756
20662
32950
49333
4283
32959
41151
28866
194
28867
32965
4295
41160
28874
37070
8400
16593
32978
16597
8407
24793
28890
12509
225
49380
8421
12521
4333
33007
49392
12530
8434
33011
37114
49407
28929
12547
41220
49411
262
45315
41230
45331
12565
24854
12567
4377
49434
16667
45345
37156
24869
24873
24876
8494
24881
12596
16694
37177
41274
20796
20799
49474
4419
20802
37186
49478
12615
12616
37196
20814
4437
37205
41303
344
16732
12638
16735
24929
45410
16738
49509
8557
45421
8559
29043
20852
16759
29048
24956
45437
45439
384
45441
45443
49539
29061
33155
16775
29064
33164
4493
8590
8592
24978
16790
8600
415
37283
25001
4522
45489
4530
41395
20917
4545
37313
16835
37318
33224
45519
37327
16851
12756
25047
29144
33249
29160
37354
25071
20975
4592
4596
29174
37368
512
4608
517
519
41480
21002
4621
12829
8735
25119
49704
45611
41519
33328
4659
41523
16949
45624
21055
37439
29249
12870
29255
8780
16972
49742
21075
4693
4696
8793
45661
4702
29283
4707
8806
21096
4715
12907
25199
45684
8822
17018
33403
29309
45695
33409
21123
29321
4746
45705
4745
49803
45709
655
33424
37520
29331
8858
21148
8862
33443
37545
29363
17086
707
49862
29383
37578
41674
25292
45773
33482
25295
13011
49877
21211
41698
740
41700
25318
741
37608
13032
45800
33515
45806
33519
8942
24573
4846
13043
13052
49932
49935
29456
49937
49940
788
41750
17175
4886
8983
41749
29467
29468
41757
8981
33570
33575
29481
41769
41771
25388
49964
13104
17202
49973
4919
33596
45891
41797
17222
37703
9033
13130
45897
841
41806
45903
29523
21332
17237
45908
13144
9049
4955
13147
9057
13154
17251
25447
17257
45931
877
25456
9074
29555
13170
45944
889
33656
29563
895
4993
41863
33671
45961
13196
17292
21388
29582
29584
17297
37779
41876
45974
9111
17303
21404
33693
25501
45984
41888
17315
21418
41899
5041
17335
46013
961
13249
29635
46024
9162
13260
25549
46033
5074
33756
33757
37863
41960
46057
13290
29674
13292
33773
17388
9192
9198
46065
1010
9205
25600
33792
17410
5120
5129
13322
5130
29708
29709
13328
21522
25618
29714
21524
25623
29720
42011
46108
5151
9250
42019
46118
33831
13353
5164
42037
37943
1082
25658
37948
46141
29758
13375
46144
46138
17476
46150
5192
25673
9292
46157
9293
25679
25680
46159
33875
9302
5207
17498
42078
5215
13408
33887
13410
21601
21605
25703
37991
25706
9323
37998
17520
9332
42104
1152
21633
25730
25731
5249
1157
38019
9349
29833
21645
9358
29844
17557
21662
46244
29863
33960
1199
13487
5297
29873
17587
13490
46260
46264
42169
38077
29885
9408
21700
42180
17604
38087
9416
21706
1228
38092
5325
42193
38099
13529
29915
38108
1245
13533
9439
1246
5340
25826
17628
42212
17638
46313
42217
25836
34030
46322
25843
13560
17657
25852
25861
13575
17673
42250
13579
34059
21776
29969
46356
21784
46362
25885
38177
42274
29988
46374
21800
29993
46379
17709
13615
30000
17713
25904
5426
42293
34102
30016
34112
34115
46404
30023
38216
34121
17737
17743
5457
17748
46420
21844
30040
25946
30048
25956
25959
25961
25966
25968
13681
46448
13684
46461
21887
25983
46464
42370
21893
21898
46482
34199
1432
42393
21914
17818
38300
26014
9641
21930
42413
21935
21938
42425
34234
21945
21948
17850
17860
46535
1479
9672
34251
46541
42445
42449
30168
30169
34267
9699
13800
1513
46571
46577
30193
9719
34297
26107
1536
5636
26118
1543
42508
34317
1548
5647
13836
42509
1554
38419
17938
1557
46611
1558
22044
9762
9763
5674
22063
42544
17967
26163
1589
13877
22069
1598
34368
34369
30274
22083
34370
26177
30275
46664
1613
38477
34384
22097
1621
22107
1631
13919
26209
1637
13926
9831
5736
18027
30317
46708
22132
42612
30328
34432
30337
18051
42627
18054
22151
5766
9866
5773
38542
46737
30354
38546
13976
13978
34464
46752
26274
18083
9896
42668
5809
1715
30390
42683
14011
30397
26301
1733
42694
34504
18121
26312
42697
1740
5837
46797
9929
22224
1745
42708
38615
38618
18145
9973
14070
9974
5883
18172
14076
5886
30464
22278
1799
38662
1805
38671
10003
1816
14107
1819
30493
14111
46880
1827
1828
38695
26408
42792
1834
42795
1836
18221
34602
22319
38703
18226
10035
30519
10039
1847
34619
42811
18237
10046
22338
10051
42828
10061
22361
1881
38747
1887
30563
46956
18287
6000
10097
14194
18293
1911
14200
6007
38778
18298
34688
14208
30593
14213
14216
22412
46989
42899
42900
22421
18323
1942
14228
18331
30623
42914
18341
42923
47022
42927
18352
30640
42936
6076
30653
10173
1982
6080
1983
6083
14276
42953
38861
18387
34772
34773
18389
47064
6105
30685
18399
34783
26599
38890
26603
6123
47083
2031
30704
38896
18416
26612
30709
10231
38904
18433
10242
34818
34819
2063
47120
47127
30744
18458
10266
26651
30750
47134
6175
43040
18462
18466
10285
47150
47152
26678
14391
26680
18487
2113
47170
38979
30787
47172
6218
47179
30798
22608
43089
43088
6224
30808
47192
39002
14435
26725
2150
18535
14440
10343
18540
47214
26734
47218
30834
26751
30848
10369
18565
6279
39053
30864
22676
2197
6294
39062
47258
6298
30883
30884
47267
2214
47272
2219
30894
43182
34994
47293
10431
10433
26817
43203
47297
10437
43205
10439
30919
6348
43214
35028
35029
2262
10461
47330
18664
6376
18666
26860
14576
30961
39160
6395
47358
30975
18686
39170
6403
47367
22795
22800
10513
35091
10516
47383
14616
10522
22811
22812
6430
14624
31008
26914
43299
47396
10535
18729
31018
6446
26926
14640
6447
35121
22837
31029
43318
22841
22847
39233
18756
26949
6475
35149
26958
18765
18768
39245
2386
10579
6485
26967
39256
26969
31066
35163
47452
43357
2398
26975
14687
10594
6503
35179
2412
2414
47471
18802
43382
35192
39288
31098
47482
39289
22912
43399
2440
6544
6547
27027
10652
35231
31137
35235
43427
47527
10665
22959
27055
18864
39346
14771
10678
2488
22970
22971
22972
43458
10698
10699
10707
47572
10710
14812
35293
18915
27108
35300
18918
47589
43496
23018
27115
23020
10733
35310
10737
31217
14833
47604
2550
31223
23038
23040
47620
27143
35336
39436
6668
39438
14863
23060
47640
35352
27167
18980
31272
27177
2602
14892
27180
10799
2609
27187
14909
39488
6721
10822
27207
6727
23119
35408
27217
31325
39520
47713
19040
2660
27242
35444
6773
23160
23162
2683
27261
10878
19070
47747
2693
35461
43655
43656
27273
2697
23179
14987
43659
31374
10900
39575
47773
23198
23201
10916
23209
31406
31407
23216
23217
31417
10937
10940
35516
27326
6852
43717
10952
31433
2762
39628
23245
35534
39630
2768
35538
39634
47827
27350
2779
6876
6878
2785
2787
23268
39653
27366
10979
19177
43757
2799
43759
19185
15090
47857
27380
39666
47867
35580
15107
15108
23300
43782
31496
2824
31502
39695
27408
39696
39701
19229
43806
6945
35619
31525
19243
31533
27438
47918
23345
6961
15154
23349
11062
23351
19254
43833
2874
15160
2876
31551
11073
43841
39745
6982
15178
43851
15189
11098
43868
19299
47972
15213
7022
27506
39797
11126
23416
23421
15230
23425
39810
15233
35719
7049
43916
31631
7060
27541
31638
48023
2970
15259
39836
27549
35742
27553
23465
39850
35763
35764
35765
15286
43955
19384
11193
43961
23481
35776
11202
11205
3018
23500
27599
39889
39891
15318
3034
19419
19421
11230
19429
44006
23528
35820
35821
35824
3059
3060
7160
44024
3069
31744
19457
7174
15366
19465
27663
27664
27670
15385
31771
23580
3101
35869
48160
27681
15394
19490
27684
35878
48168
23596
19501
44077
15410
7219
11322
7232
27714
27715
48198
40010
27729
7251
11347
7256
11353
7258
44122
27740
35933
31838
27743
7266
35940
44132
44136
11369
7277
7278
27757
7283
15477
19576
11389
23683
35973
40072
7305
11402
19599
3222
48279
7326
3237
31912
23726
44207
11443
40116
19637
19636
7351
27836
19646
7359
23743
36041
15561
7370
3279
27856
15572
23767
27867
27871
44255
11489
11490
7391
31973
44263
40168
11496
7399
11495
11499
27885
3310
27888
19700
3320
36088
7418
31995
15615
40193
44293
36104
48397
19731
23828
15638
19735
15640
3353
3351
40216
19743
11559
7469
3376
44337
32051
19763
44342
32056
23869
48446
15679
44354
15687
15690
36173
32078
19793
44370
32083
44373
40281
27993
48475
15709
3421
3426
36195
36198
3432
7528
3436
3437
32110
36207
7538
48499
3444
11639
23930
36218
44414
7559
19847
19848
44431
32147
11669
40341
36246
40346
48538
23964
11678
40353
48546
11684
11689
7593
36266
7596
23983
32184
48570
23996
3518
7615
7617
40387
48581
48582
32202
36298
36300
44492
15828
36312
32220
7645
3554
32228
36326
7654
11755
48620
15856
48624
28146
48631
15871
7680
11779
15878
7686
32267
24076
40464
15890
15891
28183
15899
48667
24094
36382
32291
40484
20007
40488
36392
28201
44586
44590
32308
32309
7734
28215
28213
36410
32315
40507
40510
7744
20036
28228
20038
7753
3659
28238
44624
20053
11862
7766
44632
28249
15962
20063
11873
24165
24169
32362
40556
20077
40558
48751
7789
7796
7802
24186
16000
7809
48769
28290
36482
3721
28297
16010
28300
3725
28302
32399
24213
36503
44698
36507
20130
24227
16034
16038
7846
44711
28334
20153
20159
16065
20168
32457
28361
28366
11983
48846
3792
16081
40659
44751
32468
11987
11995
48862
24287
28383
12005
48871
40680
44778
16109
32494
48887
24312
24314
44798
24322
48898
3848
28426
7946
48909
44816
16145
20242
40723
36627
7958
28439
7959
3865
7961
48922
12056
44825
3866
7967
16157
28445
48930
44834
20264
12073
7976
7979
32557
12081
20273
3892
40757
7989
32565
20278
40759
36666
12091
16187
16189
40765
16185
7996
12094
44867
8004
16196
3910
28490
24394
12112
28497
20307
32597
44885
8024
20317
40798
8033
28516
16232
12145
24434
12148
32632
36728
12162
49026
12168
24458
12174
49042
49043
32660
28565
12182
36757
40856
36761
32663
36756
12183
28566
20382
28575
44957
8098
16303
40880
28593
40885
44988
4031
8128
24513
24515
28612
16328
45005
4046
32719
45007
16339
28629
4055
36829
24544
8160
16352
32737
8163
36839
40941
40943
8178
8179
20469
45046
16375
8189
