49152
32768
49157
6
49159
32779
49164
16407
32794
16410
49182
32803
32804
49189
32809
44
16428
16432
16433
16434
32819
32825
32826
49213
16446
64
65
49219
49220
32837
49223
16461
49239
32857
32858
16474
16486
32872
49256
16491
110
49267
16511
32895
49286
16519
136
32910
16527
32918
49302
16537
16540
32925
49310
32927
49312
49315
32931
32933
166
49319
32936
49323
172
32939
178
32946
180
49333
32950
49339
32959
32960
32961
194
49347
16581
49349
199
32965
205
16593
32978
16595
32980
16597
32985
16605
224
225
49377
32993
49380
33007
49392
33009
33011
33013
16633
253
33022
16638
33024
33023
16642
49411
49407
33029
262
16648
266
273
49427
49431
49434
283
16667
287
16674
33060
33063
49454
49456
49459
309
16694
33079
33084
16705
49474
49477
49478
16710
33096
16717
33103
336
49489
33111
344
16732
16735
33119
16738
49509
16744
362
33135
16753
16759
33145
16765
384
49537
33155
49539
16775
394
33164
49549
398
33169
402
405
16790
49559
411
413
33183
415
49569
33186
16802
49572
49580
33197
431
433
435
16820
33205
33208
16824
33215
448
16835
16836
49606
33224
456
16841
458
16851
16859
49629
33246
33249
49636
33261
16878
16879
49650
16887
33271
512
33280
49665
517
16902
519
518
525
528
532
49685
16921
49695
543
16929
49702
33319
551
49704
555
33324
16942
33328
49712
16948
16949
566
33334
33338
49723
33344
33345
16962
49731
579
49730
33354
16972
49742
16975
597
16993
33378
16997
33385
620
17013
49782
17018
33403
49791
641
17025
33409
33417
49803
655
33424
49816
17051
673
33443
677
17062
49831
33451
17068
33457
33458
49848
17085
17086
33472
707
49862
710
714
33482
722
49877
49881
33506
49892
740
33510
741
33515
748
33519
49904
17135
49907
33524
33525
49910
49911
33527
767
33541
49932
49935
49937
788
49940
17175
791
33561
17177
33566
17183
799
33570
33575
810
49964
17200
17202
49971
49973
33590
823
825
49977
33596
33597
17222
841
846
17231
17237
859
17251
17253
17257
875
877
17262
879
33656
889
891
895
903
33671
17292
17297
17303
17306
33693
17315
33704
17323
946
17335
33724
33725
961
962
17352
969
33736
17357
17359
17368
33752
33756
33757
33761
33770
17388
33773
1006
17391
33775
1010
33781
17399
33784
33792
17410
17428
17433
33823
33831
33834
17452
33837
33838
17458
33843
1076
17461
33845
1082
33851
17471
17476
33862
33863
17479
1097
17490
33874
33875
1110
17498
33887
17508
17517
17520
17527
33911
33915
33919
1152
1157
17557
1177
17563
1184
17570
33956
33960
33961
1199
1201
17587
17601
17604
1223
1228
1229
1230
34004
17621
17628
1245
1246
17638
1257
34030
17649
34040
17657
17656
1277
17669
17673
34059
17685
34072
1307
1313
17709
1327
17713
17714
1331
17715
1330
34102
34105
1340
34112
17729
1346
34115
1352
34121
17737
17743
17746
17748
34132
17752
1377
1378
34157
34193
17814
1431
34199
1432
17818
1437
17823
34210
1453
34234
17850
34237
1472
17860
1477
1479
34251
34256
17873
34258
1491
34259
34261
1499
34267
1501
17888
34278
1510
17897
1513
1514
1516
34287
17909
34297
1536
17925
1543
1548
34317
17933
34318
1554
17938
1556
1557
17942
1558
34329
17945
34342
34351
17967
1589
1590
34358
17981
1598
34365
34368
34369
17986
34370
34374
1611
1612
1613
34384
18003
1621
34394
1631
1637
1638
1640
18026
18027
34432
18048
18050
18051
18054
18055
18057
34442
1679
34450
18072
18076
18080
34464
1698
18083
1702
18087
1713
34481
1715
18099
34486
18104
1721
18105
1733
34504
18121
18120
1740
1745
18134
1751
34522
1758
34528
18145
34540
1774
18172
1792
18180
1799
1805
1811
18199
1816
1817
1819
34587
1826
1827
1828
1834
18219
1836
18221
34602
18226
1847
34616
1851
34619
18237
18239
34625
18250
34643
34645
1881
1887
34656
34657
18284
34671
18287
34676
18293
1911
18298
1918
1919
34688
1938
18323
1942
1943
34712
18331
1956
18341
18342
1960
18347
18349
18352
1968
18354
1973
34741
18362
1982
1983
1984
18368
1995
2002
18387
34772
34773
18389
34770
18399
34783
18401
34787
2020
34794
2027
2031
18416
34801
2037
34805
2040
34812
2047
34815
18433
34818
34819
18437
34821
34824
34825
2063
18452
2071
18457
18458
18462
34849
18466
34858
18478
34870
18487
18490
34876
2113
18499
2118
34889
2136
2140
2150
18535
18536
34920
18540
2157
2159
18547
18549
18553
34945
18565
34951
18574
2197
2200
18585
18597
2214
34985
2219
2222
34994
18614
2232
18617
35002
18625
35016
18633
2251
35020
35023
18643
35028
35029
2261
2262
18652
2268
18659
18664
18666
2288
18676
18679
18686
35079
2313
35087
35091
2330
18729
18735
35121
2360
35129
35134
18754
2371
2372
18756
18761
2378
35149
18765
18768
2386
35154
35161
35163
2396
2398
2402
18786
2404
2405
2411
35179
2412
2414
2416
18802
18804
35192
35199
2440
18825
35211
35212
2456
2461
35230
35231
2465
35235
18864
2480
2483
18872
2488
2498
18890
2515
18905
35293
2529
35298
18914
18915
35297
18918
35303
35300
2539
18925
35310
2550
2555
35332
35336
35337
2571
18956
35344
35352
2592
18980
2601
2602
18987
2609
35382
2624
35395
35408
35411
19028
19034
19035
19037
19038
19040
2660
19046
35442
35444
2683
35452
35451
19070
19075
2693
35461
35464
35465
2697
2696
19084
35469
35472
2720
19104
19116
35502
2743
35516
2762
19147
35534
35535
19152
2768
35538
2772
2778
2779
2785
2787
19175
19177
35565
2799
19185
2805
35580
19196
35588
2824
19220
19229
35616
35619
19243
19247
19254
19257
2874
35643
2876
19264
35654
2888
35658
2891
19282
35668
35672
35679
19299
35687
19319
35706
19327
2945
35719
19336
35721
35722
19341
35733
2966
19351
19352
19353
2970
19358
35742
19374
35763
35764
35765
19380
35767
19384
35769
3008
35776
35778
19395
35785
3018
35796
35797
3034
19419
19421
3039
3040
19429
19436
35820
35821
35824
3057
3059
3060
19448
35833
3069
35841
19457
19464
19465
35850
19467
3080
35854
35855
3090
35863
35865
3101
35869
19490
19492
19493
35878
35879
19501
3120
19518
3136
3139
19545
35933
35937
35940
19558
35946
19574
19575
19576
19579
3196
3202
35973
35980
19599
35985
3222
19609
3231
3233
3237
3249
19636
19637
36025
36026
19646
3263
19649
36041
19659
19662
36047
3279
36051
36054
3287
3298
19685
36071
3306
3310
36080
3315
19700
36083
3320
36088
3329
3332
3333
36104
36111
19731
3349
3350
19735
3351
3353
19743
19744
19747
19749
19756
19759
3376
19763
19766
36150
3387
36173
19793
19794
3412
3413
19801
3421
3424
3426
36195
19813
36198
3432
19818
36203
3436
3437
36207
3444
36218
3451
36221
36231
19848
3465
19847
36235
3474
36242
36246
19871
19873
36261
36262
3495
19878
3497
36266
19886
3503
36273
19891
3518
19902
19910
36298
36300
19919
3536
36310
19927
36312
36313
19930
3554
36326
19947
19961
36357
36382
36383
36384
36387
3621
20006
20007
3624
36392
3628
3632
36402
36406
36410
36411
36418
36419
36420
20036
20038
3659
20045
20047
20048
36434
20052
20053
20054
36445
20063
20067
3683
20070
20075
36460
20077
20082
3699
20083
36471
20096
36481
36482
20100
36484
3718
3721
3725
36493
36496
36503
3738
36507
3739
36513
20130
20129
20137
36529
20146
3769
20153
36537
20159
3778
20168
20171
36556
20173
3792
36562
20185
20191
3810
20201
3831
3832
3833
20216
36604
36605
36609
3848
36618
36622
3855
20242
36627
3864
3865
3866
36640
36641
20264
3881
3884
3888
20273
3892
36660
20278
36666
3910
3914
20307
20312
20317
20321
36706
36708
3942
36724
36728
20346
3969
36742
36745
3978
36752
36756
36757
36760
36761
3993
20382
4001
36770
36771
4007
20393
4013
20407
4026
20413
4031
36802
20421
4046
20432
4055
36824
36829
36835
20452
36838
4070
36839
36843
4076
36852
20469
20477
36861
20494
4111
4112
20495
20498
36887
4120
20503
4122
4121
20508
4128
36899
36900
4133
4142
4144
20529
36913
4150
20536
36926
36935
20555
36946
4181
4186
4188
4196
20588
36974
4208
20596
4213
4214
4217
36987
4221
4222
20611
36998
37000
4233
20621
37006
4241
37015
37024
37028
20644
20646
4260
37035
4268
4269
20655
4274
20660
20662
4283
4284
4295
37069
37070
20687
4312
37081
4314
4318
4319
4323
20708
4326
4333
4335
20721
20723
37111
37112
20728
37114
20734
37122
37124
20752
37140
37144
4377
37156
4391
20776
37163
4397
37170
37171
20788
20789
37174
20791
37177
20795
20796
20799
4417
37186
4419
20802
37196
20814
4430
4434
4435
4436
37205
4437
4445
20830
37221
4457
37228
20845
20844
37234
20852
37241
4481
4488
20874
4493
4494
4495
20879
4514
37283
4517
20901
20904
4522
4530
4531
20916
20917
37303
4537
4545
37313
4548
37318
37322
20940
20941
37327
20944
4577
37354
20974
20975
4592
4596
20983
37368
4608
37383
21002
4621
21010
4654
4659
37431
37437
21055
37440
37439
21058
37458
21075
4693
21078
21079
4696
4702
4707
4711
21096
21095
4714
4715
21105
21107
37493
21111
4727
37501
4738
21123
4741
4745
4746
37520
37521
4761
37529
21148
37533
4768
4774
37545
37546
4778
21169
4786
37554
21186
37573
21193
37578
4817
21202
4818
4821
21206
21211
21213
21216
21223
37608
21225
37607
37611
21228
4843
4846
4861
37631
4868
37637
21266
21269
4886
37663
21284
4901
37669
4919
4920
21304
4928
37699
21316
37703
4936
21323
21327
37711
21329
4946
4943
21332
21333
4951
4955
21342
37735
21354
37748
4981
21367
37759
21376
4993
21377
37761
21388
5004
21393
21394
21395
37779
21404
37791
21410
5029
5032
21418
37802
5041
21434
37819
5053
5057
5060
21450
37838
37840
5074
21458
5080
5081
5082
37853
21472
37863
5104
5115
5120
21508
5129
5130
21522
21524
37914
5151
5158
21542
5164
5173
37943
5175
37948
37951
5192
5197
37966
37971
5207
5215
21601
21605
37991
21609
21614
37998
21616
38001
21633
5249
38019
38020
21645
21647
5269
38037
5273
21662
38050
5290
38059
5297
38065
38072
38077
5311
21695
5312
21700
5316
38086
38087
21706
21707
38092
5325
38094
5328
38099
38108
5340
38120
5353
21739
21743
21752
38140
38141
21758
5373
21760
5378
21776
5393
5395
21782
21784
38169
38171
5407
38177
5410
38181
21800
21805
5426
5427
38210
21827
38211
38216
38220
5457
21841
5459
21844
21847
21850
21851
5472
5475
5476
21862
5479
38247
38253
5489
5498
21887
5504
5508
21893
21898
5523
5529
21914
21913
38300
21920
5539
5543
5545
38314
21930
21933
21935
21938
5556
38325
21945
21948
5569
38343
38344
5585
38364
5603
38380
38381
38382
5619
38396
38400
22016
22017
38402
5636
5647
38416
22033
5650
38419
22034
22044
22046
22048
5669
5672
5674
22063
38450
38452
22069
22070
5691
22079
5695
22083
38469
38477
22096
5713
22097
5715
5720
22107
22108
38494
22114
5736
5738
38509
22132
38518
22140
22145
5766
22151
22150
38535
5767
38538
5773
38542
22161
38546
22163
38548
38554
22171
5789
38563
22181
38572
5809
5810
5811
22196
5813
22199
38592
38596
38599
5833
38601
38604
5837
22224
22228
38615
38616
38618
22235
5858
5860
22245
38630
5869
22256
38643
38646
22266
5883
5886
22275
38659
38662
22278
22280
38671
38682
5916
38695
38699
5933
22319
38703
5937
22321
38704
38715
38718
22338
38730
5972
22358
38743
22361
38747
22368
38757
6000
38772
6007
38778
6010
6018
6019
38789
22410
22411
38794
22412
6032
38800
6036
22421
6038
22432
6051
6052
6056
6076
6080
6083
6088
38861
22479
6097
22482
6105
22491
38880
22497
22499
6116
6118
38890
6123
38896
38897
6130
22516
38904
6147
38918
38921
22547
6165
22552
22556
38940
6175
22564
6180
38951
22567
6184
22571
38957
22574
6191
22581
6198
38971
38979
6218
6224
22608
38995
6227
22613
39001
39002
39005
22631
6255
22642
6260
22645
39041
6279
39053
39055
22672
22676
39062
22679
6294
6298
39067
39075
39080
6315
22704
22713
6330
6335
6341
6342
39112
22730
6348
6352
6355
39124
39128
6367
39137
22753
22759
6376
6378
22768
39160
22777
6395
6400
22785
39170
6403
39172
39176
22795
39183
22800
22806
22811
22812
6430
6433
6446
6447
22837
39222
39223
22841
6458
22847
39233
6475
22859
39245
6477
6485
39256
22882
6503
39281
39288
39289
6520
39290
6525
22912
22923
22924
22925
39309
6544
6547
39317
39325
39330
22958
22959
39343
39346
39349
22970
22971
22972
22973
6591
22976
39363
6596
6602
39371
39372
22996
6628
23018
23020
39412
23038
6654
23040
39436
6668
39438
23057
23060
23062
39454
6687
23078
39469
39471
6711
6715
6718
23103
39488
6721
39490
39489
6722
6727
23119
6741
23127
39512
6747
23133
39520
23136
39523
23143
23149
6773
23160
6776
23162
23163
23165
23175
23179
39563
6797
6799
39575
23198
23201
39586
39587
39588
23209
39594
23212
23213
6830
23216
23217
39600
23223
6843
6852
6853
6855
23241
39628
23245
39630
39632
39634
6871
6873
6875
6876
6878
6880
23268
39653
6891
6893
39666
6899
39676
23300
23301
6920
39690
6925
39695
39696
23315
39701
39707
23325
6943
6945
39717
6955
23343
6961
23346
23345
39731
23349
39729
23351
23353
6969
6971
39744
39745
6977
39749
23366
6982
39751
39757
23382
39769
7002
7007
23397
39786
7018
7022
39791
39797
23416
7033
23421
23423
39808
39809
39810
23425
7049
39819
7060
23445
7063
39834
39836
23453
23465
39850
39853
23481
23488
23492
23500
39885
39886
39889
39891
23510
39897
23517
39902
23524
23528
7146
23536
7160
23546
39937
7172
7174
39953
23570
39960
23576
23580
23586
23587
23596
39980
39985
7219
7223
23612
7232
23622
40010
23627
7251
7256
7258
7266
7269
7275
7277
7278
40046
7281
7283
7290
40060
40061
7292
23683
7303
40072
7305
23698
7324
23709
7326
40098
40099
40103
7340
23726
40116
7351
23743
7359
7364
7370
40140
23763
7379
23767
40158
7391
40167
40168
40169
7399
40179
7415
7418
7425
40193
23813
40198
7431
23818
40203
40207
40212
23828
7445
40215
40216
7457
7469
23856
23864
23869
40260
7494
23879
40262
40267
40272
40281
40282
40283
40288
23906
40291
40296
7528
7533
7538
23924
23930
23932
40322
40325
7559
40329
40335
7568
40337
40341
40342
40344
7577
40346
23964
40351
40353
40354
40355
23971
23975
7593
7596
40365
23980
23983
23986
23990
7607
23993
40379
23996
7614
7615
7617
40387
40388
7621
7640
7645
24029
7654
40441
7677
7680
24066
7685
7686
40459
24076
40464
40471
24094
40479
24098
40484
40488
24106
24107
24108
7726
7728
7731
40502
7734
24120
24123
40507
40510
7744
24132
7750
7753
24139
24150
7766
24154
7772
24158
40544
24165
40551
24169
7786
40556
7789
40558
7788
7796
24182
7802
24186
24187
24192
40577
7809
24199
7816
7819
40588
40594
24212
24213
40597
24214
7832
40600
7836
24221
7841
7843
24227
7846
7848
40623
40628
40632
7867
7872
40645
7879
7882
40652
24270
40657
24273
40659
24287
40671
24289
40680
7916
24312
40698
7931
24314
24317
24318
40703
24322
40709
7943
7945
7946
7950
24335
40723
7958
7959
7961
24345
40730
7967
7976
7979
40757
7989
40759
7996
40765
40767
8004
40777
24394
8019
40788
8024
8025
40798
40799
8033
8036
8039
40809
8042
8047
24433
24434
40831
24450
40834
40835
24458
40844
24466
40851
40856
8095
40865
8098
40867
40866
40880
40885
8125
8128
24513
24515
40901
8140
24524
8148
24542
8160
40929
24544
8163
24550
8168
40939
40941
40943
8178
8179
8189
24573
24586
24590
40976
40979
8212
40981
40984
8221
40992
24608
24614
40999
41000
41004
41007
8241
24628
24629
41014
8256
24645
41031
8265
8269
24663
41054
41060
24677
8293
24686
41073
8314
8320
41088
41090
24710
8327
8326
24712
8330
41107
41113
24734
24737
41121
8358
24742
41131
41134
24756
41141
8380
41151
24774
41159
41160
8400
24787
24788
8405
8407
24793
8415
41184
8417
41186
8416
8421
8424
41197
8430
8432
8434
8437
24830
41220
8453
41221
41230
8464
8467
24854
8470
8477
41245
41249
24869
24873
8489
24876
41261
8494
24881
8501
24886
41274
41278
41281
41283
41288
8527
41297
41298
41300
41303
8535
24922
24928
24929
41312
8545
8552
8555
8557
8559
8563
41338
24956
8586
8590
24975
8592
8594
24978
24982
8598
8600
8612
8613
25001
8619
41389
41391
41395
25022
41408
8643
8649
25038
25040
25047
25051
25056
41441
8674
41443
25071
41461
8699
25084
41469
41473
8707
41480
8714
8715
41485
25105
8722
8723
41494
25114
41502
8735
25120
25119
8745
41514
25129
41519
41523
25147
25148
41534
8768
41538
41539
8772
41543
25160
41546
8780
8781
25165
41554
41559
8793
25179
8796
8798
41573
8806
25189
41576
8810
41579
8813
25199
8822
8827
41605
8838
8842
8858
8862
8875
8877
25262
25265
8882
41651
8884
25271
41655
41660
25278
8903
41674
25290
25292
41678
25295
8925
25309
41698
41700
25318
41704
8942
41712
41726
25343
25342
8961
41731
41747
41749
41750
8983
41752
8985
41754
8981
41757
8996
25382
41769
41771
25388
25389
41783
25404
25410
41797
9033
41804
41806
41812
41816
41817
25433
41819
41818
9049
41823
9057
41830
9063
25447
25450
25451
9067
9071
25456
25458
9074
9086
25471
41863
25479
41876
9111
41880
25501
25503
41888
41898
41899
9139
41909
41910
41923
25545
9162
9164
25549
41933
41948
25574
9192
9193
41960
9198
41969
9205
9207
25594
41980
9213
25600
25602
41988
41991
41994
9230
9232
42000
9234
25618
25622
25623
9242
42011
9250
42019
9251
42021
42028
9267
42037
25658
25659
25660
9276
42053
9285
25673
9292
9293
25679
25680
25682
9302
42078
25703
25706
9323
9326
42099
9332
25715
9333
42104
42105
25724
42111
25730
25731
9349
42126
9358
25744
9369
25755
42141
25778
25782
42169
42176
9408
42180
9416
25800
9418
42193
9426
25822
9439
25823
9441
25826
9440
42212
9445
9446
9447
42217
25834
25836
25840
25843
9467
25852
25861
42250
25869
9487
9488
42259
9496
42265
25885
42271
9504
42274
42275
42285
25902
25904
25908
42293
9526
42295
25913
42301
25921
25922
9550
9552
25942
42327
25946
25956
42340
25959
25961
25966
42351
25968
42357
25974
25983
42368
42370
25991
25992
25993
26006
9623
42393
42394
26010
26014
26021
26025
9641
9644
42413
26035
42425
42426
9671
9672
42441
42445
42449
9687
26077
9693
9694
42464
9699
26086
9708
42477
42478
26101
9719
26107
42497
26117
26118
42508
42509
26126
26136
26140
9758
26142
42528
9762
9763
42535
42543
42544
26163
9784
42554
26177
42562
42578
26198
42586
26209
9827
26212
9831
9840
42612
26228
9849
42627
42631
42632
9866
26254
26256
26263
26272
26274
9896
42665
42668
26288
42672
42683
26300
26301
42694
26312
42697
9929
42701
9937
9938
42708
26327
42715
42730
9966
9973
9974
26359
42758
9992
26378
26379
26381
26383
26384
10003
42772
42771
10009
26394
10011
26393
42784
42785
42791
26408
42792
42795
10029
10035
10037
10039
42808
26427
42811
10046
10051
42819
42826
42828
10061
26459
42852
26468
10097
10103
10106
26494
10112
42885
42886
10120
26505
10131
42900
42899
42914
42923
42925
42927
10164
10168
42936
10173
42943
42944
42951
42953
42954
42956
10191
10200
10204
26589
26591
26592
26599
26603
26609
10226
26612
10231
26617
10242
43015
43016
26634
43019
43020
43021
10260
10261
43032
43034
10266
26651
43040
26659
43049
43050
10285
26675
26678
10295
26680
43064
43066
43062
10302
43073
43078
26696
43088
43089
26709
10329
43101
26718
26720
43106
26725
26726
10343
43112
26734
10362
10365
26751
10369
26754
43148
26766
43156
10390
10393
43163
43164
43177
43182
26805
26810
10431
10433
26817
43203
43205
10437
10439
43214
26836
26840
26841
10458
10461
43235
26853
10471
10472
10475
26860
26867
43253
26880
10498
43272
26894
10513
43283
10516
43286
43289
10522
26909
43295
26914
43299
26916
10535
10538
26923
26926
26928
43318
10559
26947
26949
43336
26958
26959
10577
10579
26965
26967
26969
26971
43357
26974
26975
10594
26978
26991
43378
43382
10614
27005
43392
10631
43399
27016
10639
10640
27027
10646
10652
27041
43427
10659
10665
27055
43444
10678
43447
10681
43450
43456
43458
10691
10695
10698
10699
27083
10707
10710
27099
10718
27108
43496
27115
10733
10737
43507
27124
27127
27128
43517
43518
10751
43524
27143
27146
10766
10782
27167
10791
27177
10795
27180
10799
10800
27187
27193
43578
43587
10822
27207
27217
43614
27233
27242
27244
27245
43631
43636
27259
27261
10878
10881
27267
43655
43656
27273
43659
27281
43667
10900
43670
43684
10916
27310
43694
27312
10928
10937
43706
10940
43708
27326
10947
43717
10952
43727
10962
43730
10963
27350
10973
43742
10979
27366
43751
43757
43759
43762
43763
27380
27382
43770
43774
27391
43777
11011
43782
27408
27421
43806
43808
27430
27431
43819
27438
11054
11062
43830
43833
43837
11073
43841
43851
27468
43854
27476
27479
43864
11098
27483
43868
43871
11105
43889
27506
11126
27511
43900
43914
43916
43923
27541
27542
27545
43930
43929
27548
27549
27553
43938
43939
27555
43946
27564
11181
43955
11191
11193
43961
27577
11194
43965
27585
11202
11203
11205
27595
27599
43995
27613
11230
11234
27620
44004
44006
44011
44015
11248
27634
44024
44026
44041
44044
27663
27664
11281
44053
27670
27672
11290
27681
27684
11301
27686
44071
11307
44076
27693
11309
44077
11322
11327
44095
27714
27715
44105
11340
27729
27730
11347
44117
44118
11353
44122
27740
11358
27743
27746
44132
44136
11369
44137
27753
27757
11375
11387
11389
11399
44167
11402
11404
11408
44180
11433
27819
44207
11443
11444
11450
27835
27836
27852
27856
44245
11481
44251
27868
27867
27871
44255
11489
11490
27873
44262
44263
11496
11495
11499
27885
44271
27888
44275
44288
44293
11532
27918
27920
27921
44308
11551
11555
27941
11559
44337
11571
27955
11573
44342
27960
27964
27965
11583
44354
11587
44360
44367
44368
44370
44373
44375
27993
44378
11610
28000
28002
28012
11631
11639
28023
44410
11646
44414
28032
44418
11651
28037
11654
28039
44431
11669
11672
28056
11674
44446
11678
11681
28067
11684
44457
11689
44477
11715
44492
11727
44496
28114
44506
28125
11744
44520
11754
11755
44525
44526
28141
11761
28146
28152
11779
28168
44552
11786
11793
11794
11795
28183
44568
44569
11801
28188
44573
44583
11816
28201
28202
44586
44590
28213
28215
11831
44600
11835
28228
28234
28238
44624
11862
28247
44632
28249
44635
11869
11871
28256
11873
28263
44648
11881
28265
28273
44663
11898
44673
28290
28291
44676
44677
28296
28297
28298
44681
28300
44684
11914
28302
28305
11923
11926
44698
44711
28334
44719
11956
28354
44739
28357
28358
28361
28366
11983
44751
11982
11987
28373
11995
28383
28386
12005
44778
44781
28402
28410
28413
44798
44799
28422
44809
28426
12047
44816
28432
12049
28439
12056
44825
28445
44834
12071
12073
44842
44843
28461
12081
12088
12091
44861
12094
44867
12102
28488
12105
28490
44876
12112
28497
12115
44885
28502
44887
12122
12123
28516
12142
44912
12145
12148
12150
28535
44922
28544
12162
12168
12174
28565
12182
12183
28566
28569
28573
12190
28575
44957
44971
44972
28593
44982
44983
28598
12217
44988
12226
28612
12228
45005
45007
28627
28629
45016
12253
45025
45040
28659
45046
12279
28670
45055
12291
12294
45063
45064
12298
12301
28686
45077
28696
45082
45083
12316
28704
45090
45091
28709
28710
45095
28711
28713
28714
45100
28717
12337
12339
45111
45113
28732
28733
12363
12365
12366
45133
12371
12376
28762
28763
12386
28785
28788
45174
12409
28794
45179
12412
45181
45185
12422
12423
12425
28816
45204
28821
28824
28828
45217
28834
45219
45222
12456
45225
28847
12464
45233
28851
28852
45239
12474
12477
45249
28866
28867
12486
12487
28874
45263
28885
12502
45272
12504
28890
12509
28895
12521
28911
12530
28915
45299
45302
45303
28927
28929
45315
12547
45323
12556
28941
28944
12561
45331
45333
12565
12567
28956
45345
45348
28975
12591
45362
12596
12608
45380
28996
45381
12615
12616
29000
12618
45399
29015
45406
12638
45410
29028
45421
29043
12660
29048
12669
45437
45439
29056
45441
12674
45443
29061
29064
29071
45456
29078
29084
12709
12712
12715
45489
12722
45491
29111
29112
12733
29127
45513
45519
12756
45527
29144
29146
45535
29160
45554
29174
12793
12795
45565
29185
29196
12820
45590
12829
12832
12836
29222
29224
45611
29229
29238
45624
29249
12870
29255
12872
12886
45661
29278
29281
29283
12907
12909
45684
29305
29306
12923
45692
29309
45695
12933
29321
45705
45708
45709
12942
29331
29332
12948
45719
45727
45729
29349
45742
29363
12981
29369
45754
12986
45761
12998
29383
13000
29388
45773
13011
13014
13015
13018
13021
29407
13030
13032
45800
45806
13043
45817
29434
13052
29438
29440
29441
45826
13061
29455
29456
13073
29465
29467
29468
29472
45859
45860
29481
13100
13103
13104
45874
13113
45883
13117
45890
13122
45891
13128
45897
13130
29519
45903
29523
45908
29526
45911
13144
29531
13147
45921
13154
45924
29541
45928
45931
13170
29555
13171
45944
29563
13180
29565
13188
45961
13196
29582
13198
29584
13199
45974
13207
13209
29594
13212
45984
46003
29628
46013
13249
29635
46024
13257
13260
46031
13263
46033
13274
29664
13283
29667
29669
29671
46057
13290
29674
13292
46061
46065
29681
46069
29696
13322
29707
29708
29709
29711
13328
29714
29720
46108
13347
29732
46117
46118
13353
29738
29737
29740
13358
46133
13365
29752
13370
46138
46141
29758
13375
46144
29764
46150
29771
46155
46157
46159
13397
13398
13408
13410
46188
46191
29808
29811
46197
46198
46199
29824
29825
46210
29826
13446
29833
29844
13475
46244
29863
13487
29873
13490
46260
46263
46264
13498
29882
29884
29885
29892
13509
46291
29909
46296
13529
29915
13533
29918
46303
46304
46308
46313
46322
29941
13560
29955
46340
29958
13575
29962
13579
29969
46356
29975
46362
29988
29989
46374
29993
46379
13615
30000
30002
13620
46393
46397
46399
30016
13633
46402
46404
30023
13641
13649
30034
13650
46420
30037
30040
30048
13664
30054
30055
46445
46448
13681
46450
13682
13684
30072
46457
46461
13695
46464
13699
46469
46470
30093
46478
46482
30101
13718
13723
13726
46502
13736
13740
13747
46521
13757
46526
46530
46535
30152
13771
46541
30159
13778
13780
30166
30168
30169
46552
13798
13800
46571
30188
13805
46577
30193
13809
46580
46581
13813
46583
46587
30204
30205
30211
30212
46596
13832
30216
30218
13836
46611
46624
46628
46631
30248
13877
46650
13882
13888
30274
30275
46664
13898
13899
46671
30289
13919
13926
46695
13928
30317
46706
13939
46708
46707
30328
30329
30337
13957
13965
46735
30351
46737
30354
13969
46743
13976
30361
13978
46752
30374
46758
13992
46761
30381
30390
46775
30393
46778
14011
30397
46782
46791
46793
30411
30413
46797
46816
30433
46834
14067
14070
30456
30459
14076
30464
46852
46854
14086
46857
14095
46867
14100
30484
14107
14108
30493
14111
46880
46886
30503
30506
14123
46892
30517
30519
14140
14148
14150
30540
14157
46932
14168
30563
46950
30567
46956
30574
14194
14200
46968
14208
46976
30593
14213
14216
46989
46990
14228
30623
14251
47022
30640
47029
47034
47035
30653
30654
14272
14276
30664
47050
30673
47064
30685
47071
14309
47083
30704
30709
14331
30716
30724
47109
30728
14348
30736
47120
47124
14357
14358
47127
30744
47134
30750
14372
47141
14381
47150
47152
47159
14391
30785
47170
47171
30787
47172
47177
47179
30797
30798
47192
30808
14428
14435
14440
47214
30834
14451
47218
14456
30843
30848
47234
30855
30864
14488
47257
47258
47267
30884
47269
30883
47272
47275
47276
14509
30894
47280
47282
47285
30902
30904
14524
47293
14528
47297
30919
47312
47319
30939
47330
14570
14576
30961
30967
30974
30975
47359
47358
47367
30985
30988
47380
47383
14616
14618
31008
14624
47396
31018
14640
31029
14647
31033
14668
14681
14682
31066
47452
14684
14687
47471
47478
47482
31098
31106
14726
14727
14729
14733
14740
47508
14749
31136
31137
14757
47527
31151
14771
31162
31163
47568
14800
14802
14801
47572
14812
14819
47589
31206
47590
47597
31217
14833
47604
31223
14840
31226
14851
47620
47621
31245
14861
14863
47636
47640
14873
31262
47650
47654
31272
14892
47663
47668
14902
31290
14907
14909
31298
31299
14921
14922
31311
14928
47700
31325
47713
14946
14947
47732
47741
14974
47747
31368
31371
14987
31374
14990
47773
15005
47775
31401
31406
31407
15023
47796
47800
31417
31422
47811
15048
31433
47822
47826
47827
47828
31449
15072
47854
31470
47857
15090
47859
47863
15096
47867
15103
15106
15107
15108
47878
31496
15113
31502
15121
31507
31512
47897
15132
31525
31530
15149
47918
31533
15154
47928
15160
31545
47935
31551
31554
47945
15178
31561
15184
15189
47958
15192
15193
47972
47973
47974
31592
15213
47982
47983
31605
31611
15230
31615
15233
48006
15245
15246
31631
31635
31638
48023
48026
15259
31645
48048
48049
31665
48050
15286
48055
31673
31678
31690
15318
48095
31711
15328
15331
15337
15347
31737
31738
31744
48128
15360
15366
48142
31765
15385
31771
31776
48160
15394
15398
48168
48175
31794
15410
31799
15425
48194
48198
31816
15437
48207
15441
48210
48216
31836
31838
48223
48228
31844
15462
15465
15468
31853
31854
15470
15469
15477
31882
15498
15508
48279
15511
31898
48283
15517
31912
31913
31916
48303
31933
15552
48323
15561
15567
15572
15573
15578
31966
31968
31970
31973
15590
31977
31979
48365
31987
15609
31995
31998
15615
15621
15625
32011
32012
48397
32015
15634
48403
15638
15640
32029
32032
15652
48427
32047
32051
32056
48446
15679
48447
32067
15687
15688
48455
15690
48459
32078
15699
32083
48470
48471
32088
32089
48475
48477
15709
15718
48487
32104
32110
48498
48499
32119
48504
48503
15743
48521
32147
48532
32153
48538
48546
15785
15791
48559
32178
32180
32184
48569
48570
48574
48575
32194
48581
48582
48584
32202
15825
15828
15830
32220
48605
32222
48607
15843
48612
32228
32231
15848
32234
48620
48622
15855
15856
48625
48624
32244
48631
15866
15871
15878
32267
48654
48655
15890
15891
48661
48662
15899
48667
32283
32291
48680
32299
48685
48689
32308
48693
32309
32315
48703
48707
15942
48715
48717
15952
15954
32341
15962
15963
32348
32362
48751
32370
15992
15994
16000
48769
16002
48773
48776
16008
16010
32399
48801
48802
16034
16038
32423
48808
32422
16046
48822
48824
32445
16065
32449
48835
32451
32457
48844
48846
16081
16084
48853
32470
32468
48862
48863
48864
16100
32485
48871
16109
32494
32495
32496
16118
48887
16125
16126
16127
48898
32522
48909
32526
32527
16145
16154
48923
16156
16157
48922
48930
16167
32554
48941
32557
32565
16185
16187
32572
16189
48957
32573
32577
16194
16196
48965
32583
48971
32592
48980
32597
48990
16228
32612
16232
16234
32619
16244
16246
32632
16256
49026
16263
32653
49042
49043
32660
32658
16279
32663
16283
32673
32674
32679
32680
16299
16303
32689
49079
49080
49094
16328
32716
32719
16339
32726
32733
16352
32737
32736
32740
32746
32753
16373
32757
16375
49146
49149
