31744
19457
34819
45064
13322
29708
25623
18458
31771
23580
3101
30750
49182
28704
28710
33831
28714
10285
16433
32819
42037
4150
14391
26680
46141
2113
47170
27715
65
38979
16461
47192
32857
44122
17498
27740
33887
13408
44132
18535
25703
37991
27757
42104
11389
10369
23683
9349
8330
41107
39062
2214
37035
23726
5297
20662
7351
43203
21700
43205
30919
41160
15561
6348
37070
3279
35028
1245
12509
225
31973
7399
40168
18666
8434
3320
7418
12547
47367
36104
17673
46356
23828
12565
10522
16667
31008
7469
22837
43318
32056
41274
20799
4419
15687
17737
15690
26967
344
25946
43357
14687
45410
36195
36198
8557
32110
47471
25968
3444
16759
44414
19848
6544
46482
1432
11678
35231
48546
25001
7593
42413
22959
27055
14771
20917
22972
7615
4545
40387
48581
48582
34251
46541
10707
15828
30169
9699
27108
36326
37354
48624
48631
31223
512
517
1543
13836
46611
28183
48667
18980
20007
40488
42544
2609
26163
7734
28215
1598
34368
34369
20036
10822
7753
13919
29283
24165
24169
12907
7796
45684
7802
2683
28290
3721
45709
46737
10900
13976
21148
23198
46752
34464
14011
42683
42694
31433
46797
39630
22224
1745
40659
47827
27350
10979
37608
33519
15090
27380
48887
24314
31496
48909
49935
39696
49937
27408
4886
41750
29467
16157
14111
35619
19243
25388
23345
7989
49973
20278
23351
16185
12094
37703
28490
28497
45908
19299
47972
46956
877
12145
9074
14194
11126
32632
49026
41863
33671
18323
41876
42900
31638
32663
1942
17303
14228
18331
33693
45984
39850
41899
18352
11193
29635
46024
32719
45007
5074
34773
33756
18399
32737
35820
13292
8178
3059
10231
38904
