32768
49152
6
49159
24586
32779
49164
24590
40976
40979
16410
49182
24608
32803
32804
49189
24614
41000
32809
44
41004
41007
16433
32819
41014
32825
16446
8256
65
64
49220
49223
8265
16461
8269
24663
49239
32857
16474
32858
41054
41060
8293
24677
49256
41073
49267
8314
16511
8320
32895
49286
24710
136
8326
8330
32910
16527
41107
32918
41113
16537
16540
24734
49312
41121
24737
49315
32931
166
49319
8358
24742
32936
32939
41131
49323
41134
178
32946
180
49333
24756
32950
41141
41151
32959
32960
194
49347
32965
16581
41160
8400
16593
32978
24787
32980
16597
8405
8407
24793
32985
8415
224
225
49377
49380
8421
8430
33007
49392
8189
8434
33011
16633
253
33022
49407
49411
41220
41221
262
41230
8467
24854
49434
16667
8477
287
16674
33060
24869
24873
24876
8494
24881
8501
16694
41274
33084
16705
49474
49478
16717
33103
8527
41298
41303
344
8535
24922
16732
16735
24928
24929
16738
8545
49509
16744
8555
8557
8559
8563
16759
33145
41338
24956
384
33155
49539
16775
33164
49549
8590
8592
33169
24978
402
16790
8600
411
413
415
33183
16802
33186
25001
49580
41395
33205
33208
25022
33215
16835
16836
8643
33224
8649
456
458
16851
25047
16859
25056
33249
8674
33261
16878
25071
16887
8699
25084
512
33280
517
16902
519
41480
8714
41485
25105
8722
532
41502
8735
25119
33319
49704
8745
41519
33328
49712
41523
16949
33334
566
25148
8768
33345
49730
41539
41543
33354
16972
8780
49742
41554
41559
8793
25179
8798
25189
8806
16997
620
8813
25199
17013
8822
49782
17018
33403
8827
49791
33409
641
33417
8842
49803
655
33424
8858
17051
8862
33443
17062
8875
25262
33457
8882
25271
49848
17086
33472
707
49862
710
33482
41674
25292
714
25295
49877
49881
25309
41698
41700
741
25318
740
41704
33515
748
8942
33519
49904
17135
49907
33525
49910
49911
767
33541
49932
49935
49937
49940
8981
41750
41749
8983
8985
17175
33561
41757
33566
799
17183
33570
8996
25382
33575
41769
41771
25388
49964
17200
17202
49973
823
825
49977
33596
33597
41797
17222
841
9033
41804
846
41806
17231
17237
9049
25433
9057
17251
41830
25447
9063
17257
25451
875
877
9067
17262
25456
9074
33656
889
891
895
25471
41863
33671
25479
903
17292
17297
41876
17303
9111
41880
33693
25501
41888
17315
33704
41898
41899
17323
946
41909
41910
17335
33725
961
962
9162
25549
17357
41933
17359
17368
33752
33756
33757
41960
9192
17388
33773
9198
1010
9205
17399
33784
41980
25600
33792
17410
25602
41991
9232
9234
25618
17428
25622
25623
17433
42011
33823
9250
42019
42021
33831
33834
42028
33837
42037
17461
1082
25658
25660
25659
17476
33863
25673
9292
9293
25679
25680
33875
9302
17498
42078
33887
17508
25703
25706
9323
9326
17520
42099
9332
9333
17527
42104
33915
25724
33919
1152
25730
25731
9349
1157
9358
17557
25755
17563
42141
1184
17570
33956
33960
1199
17587
42169
9408
17601
17604
42180
9416
9418
1228
42193
17621
17628
1245
1246
9439
9440
25822
25826
42212
17638
9446
42217
25836
34030
25840
25843
17656
17657
25852
1277
25861
17673
42250
34059
17685
1307
25885
42271
1313
42274
17709
42285
1327
25904
17713
1330
42293
34102
9526
34105
1340
34112
1346
34115
25922
17737
34121
17743
9552
17746
17748
25942
42327
25946
25956
25959
25961
34157
25966
25968
25974
25983
42370
25991
26006
34199
1432
42393
17818
26010
1431
9623
26014
26021
9641
42413
42425
34234
17850
42426
34237
17860
1479
9672
9671
34251
42445
42449
34258
34259
34261
9687
34267
1499
9694
9699
26086
1513
1514
9708
42478
34287
49149
9719
34297
26107
1536
17925
26118
1543
1548
42508
26126
42509
34317
34318
1554
17938
1556
1557
1558
26140
9758
42528
9762
9763
34342
17967
42544
26163
1589
1598
34368
34369
26177
34370
17986
34374
1611
1613
34384
18003
1621
34394
1631
26209
9827
1637
9831
18027
42612
34432
18050
18051
42627
18054
42631
18057
9866
1679
26256
26263
18072
18076
34464
26272
26274
18083
18080
18087
9896
42668
1713
1715
18105
42683
26301
1733
42694
26312
9929
18121
42697
34504
1740
18120
1745
9938
9937
42708
26327
18145
9966
9973
9974
26359
18172
18180
1799
9992
1805
10003
18199
1816
10009
1819
42784
42785
1827
1828
42791
26408
42792
1834
42795
1836
18221
34602
18226
10035
1847
10039
34619
42811
18237
10046
26427
10051
42828
10061
34643
34645
1881
26459
1887
34657
26468
18287
10097
34676
18293
1911
10103
18298
10106
26494
1918
34688
10112
1919
42886
10120
26505
1938
18323
42900
42899
1942
18331
42914
18341
42923
42927
18352
1968
10164
34741
42936
18362
10173
1982
1983
18368
42953
42956
18387
34772
34773
18389
10200
10204
26589
18399
34783
26591
18401
34787
26599
34794
26603
2031
18416
34801
10226
26612
10231
26617
34812
2047
18433
10242
34819
34818
18437
34824
34825
2063
10260
18452
2071
18458
26651
10266
18462
43040
34849
18466
10285
18478
26678
18487
26680
10295
18490
34876
10302
2113
43073
43078
43088
43089
26709
2136
2140
43101
26720
26725
2150
18535
10343
26726
18540
26734
2159
26751
10369
26754
18565
26766
43156
2197
10393
18597
2214
43177
43182
2222
34994
18617
10431
10433
26817
43203
43205
10437
10439
35020
43214
35023
18643
35028
35029
2262
26836
26841
10461
18664
18666
10475
26860
2288
26867
18676
43253
18679
18686
10498
10513
35091
10516
43283
43286
43289
10522
26909
43295
26914
43299
10535
18729
26926
26928
35121
43318
35129
18754
18756
26949
2372
18765
26958
35149
18768
10577
2386
10579
35154
26967
26969
35163
2396
43357
2398
26975
26974
26971
10594
2404
35179
2412
2411
2414
26991
2416
18802
43382
35192
43399
10631
2440
27016
35212
27027
2456
10652
2461
35231
2465
43427
35235
10659
10665
27055
18864
10678
2488
18872
43450
43456
43458
10698
10699
10707
2515
10710
18905
35293
10718
35298
18915
27108
35300
18918
43496
27115
10733
35310
10737
2550
43517
35332
27143
35336
35337
2571
35352
18980
10791
27177
2602
18987
27180
10799
10800
2609
27187
43587
35395
10822
27207
35408
27217
19028
19035
19038
19040
27233
2660
27242
35444
2683
35451
27261
19070
10878
10881
2693
35461
43655
43656
27273
35465
43659
35464
19084
35472
27281
43667
10900
10916
19116
27310
10928
10937
35516
10940
27326
43717
10952
2762
19147
35534
2768
35538
10962
43730
23346
27350
2772
2778
2779
43742
2785
10979
2787
27366
19175
19177
43757
2799
43759
19185
43762
43763
27380
43770
35580
43774
27391
11011
35588
43782
2824
27408
19229
43806
27421
35619
27431
19243
43819
27438
11054
19254
11062
43833
2874
35643
2876
19257
11073
43841
2888
35658
43851
2891
27468
19282
27476
35668
27479
35672
11098
43868
43871
19299
27506
11126
19319
19327
2945
35719
19336
35721
35722
43916
43923
27541
27542
35733
19352
43929
2970
19351
2966
27549
35742
19358
27553
27564
11181
19374
35763
35764
35765
43955
35767
19384
11193
43961
27577
11194
43965
35776
27585
11202
35778
11205
35785
3018
27599
35796
3034
19419
19421
11230
3039
27620
19429
44006
44011
35820
19436
35821
44015
35824
11248
27634
3059
3060
44024
19448
35833
3069
19457
3080
19465
44041
19467
35854
27663
27664
35855
44053
27670
35865
3101
35869
27681
19490
27684
11301
35878
44071
35879
27686
19492
44076
19501
44077
11322
44095
3136
27714
27715
3139
44105
11340
27729
11347
44117
44118
11353
44122
27740
35933
27743
27746
44132
35940
19558
44136
11369
44137
27757
19575
19576
11389
35973
11402
35980
19599
35985
44180
3222
19609
3231
3233
3237
11433
44207
3249
11443
19636
19637
36026
27835
27836
19646
36041
19662
3279
27856
36054
3287
27867
44251
44255
27871
11489
11490
27873
19685
11495
11496
44263
11499
27885
3310
27888
36083
19700
3320
36088
44288
3329
44293
3333
36104
27918
36111
27921
19731
3349
3350
19735
3351
3353
19743
11551
19747
11559
3376
44337
19763
11571
44342
19766
27960
3387
27964
11583
44354
11587
36173
44368
19793
44370
3413
44373
27993
11610
44378
3421
3426
36195
28002
19813
36198
3432
3436
3437
36207
3444
11639
28023
36218
44414
28032
11651
28037
19847
19848
36235
44431
3474
11669
36246
11678
19871
19873
28067
11684
36262
11689
36266
3503
44477
3518
19902
19910
36298
36300
44492
11727
3536
19927
36312
36313
44506
28125
11744
3554
36326
11754
11755
28146
28152
19961
11779
11794
11795
28183
11801
36382
3621
20006
20007
36392
28201
44586
11816
3628
28202
44590
28213
36406
28215
44600
36410
11835
20036
28228
20038
36420
3659
20045
28238
44624
20048
20052
20053
11862
28247
44632
28249
44635
20063
28256
11873
20070
11881
36460
20077
20083
36471
44673
28290
36482
44676
44677
28296
3721
28297
28300
44684
28302
36493
3725
28305
11923
11926
36503
44698
36507
3739
20130
44711
20137
28334
20153
20159
3778
44739
28357
20168
28361
11982
44751
3792
28366
11983
11987
36562
28373
20185
11995
28383
3810
12005
44778
28402
20216
3833
36605
44798
28413
36609
28422
3848
28426
36618
36622
3855
44816
20242
36627
28439
12056
44825
3866
3865
3864
28445
44834
20264
12073
44842
44843
3884
3881
3888
20273
12081
3892
36660
20278
12088
36666
12091
44861
12094
44867
3910
28490
12112
28497
20307
12115
44885
20317
28516
3942
12145
12148
36724
36728
12168
3978
36752
36756
28565
28566
12183
36757
36761
12182
3993
44957
20382
28575
20393
44972
28593
44982
20407
12217
4026
44988
20413
4031
12226
28612
12228
45005
4046
45007
28629
4055
45016
36829
12253
36838
36839
36843
4076
20469
45046
20477
12291
12294
45064
20494
20495
4112
20498
20503
28696
4120
4122
45083
12316
36887
28704
45091
36899
28709
28710
28711
28714
4144
12337
20529
4150
45111
45113
28732
28733
36926
20555
12363
45133
12371
4181
12376
12386
20588
36974
28788
4213
12409
4217
36987
4221
45181
20611
36998
12425
20621
28816
4241
45204
28821
37015
28824
45217
28834
45219
37028
45222
45225
37035
4268
4269
28847
45233
4274
28851
20662
4283
28866
28867
4295
28874
37070
20687
28885
4312
45272
28890
37081
12509
4326
12521
4333
12530
28915
20723
45299
37111
37112
37114
28927
28929
12547
45315
28941
28944
45331
37140
12565
12567
4377
45345
37156
37163
45362
12596
20788
37177
20795
20796
20799
4417
37186
4419
20802
45380
28996
12615
12616
12618
37196
20814
4430
4435
4436
4437
37205
29015
12638
45410
45421
20845
29043
20852
29048
45437
12669
45439
45441
45443
29061
29064
20874
4493
29078
37283
12709
4522
45489
4530
45491
20917
12733
4545
37313
4548
37318
29127
45513
37322
20940
20941
45519
37327
12756
29144
4577
29160
37354
20975
4592
4596
29174
20983
37368
45565
4608
29185
21002
4621
12829
12836
29224
45611
29229
4654
4659
37431
45624
37437
21055
37439
29249
12870
29255
21075
4693
12886
21079
4696
45661
4702
29278
29283
4707
21096
12907
45684
37493
4727
29306
29309
37501
45695
21123
4741
4745
4746
45705
29321
45709
45708
37520
29331
37529
21148
37533
29349
4774
37545
37546
45742
21169
4786
29363
12981
45761
21186
12998
29383
37578
29388
45773
21202
13011
13014
21211
21213
13021
29407
13030
21223
37608
45800
13032
37611
21228
45806
4846
13043
29434
13052
37631
29441
4868
13061
29456
21269
4886
29465
29467
29468
37663
29472
45859
21284
29481
13104
4919
13117
45891
21316
37699
37703
13128
45897
13130
45903
4943
21329
4946
29523
45908
21332
45911
13144
4955
13147
29531
45921
13154
45924
45931
13170
29555
37748
4981
13171
21367
45944
29563
4993
37761
45961
21388
13196
29582
29584
21393
37779
45974
29594
21404
37791
45984
21410
21418
37802
5041
29628
46013
5053
13249
29635
46024
21450
13260
37840
46033
5074
5081
21472
29667
29669
37863
29671
46057
13290
29674
13292
46065
5120
5129
13322
5130
29708
29709
29707
13328
29714
21522
21524
29720
46108
5151
13347
46118
5158
13353
5164
29740
13358
5173
13365
37943
29752
5175
46138
37948
46141
29758
13375
46144
29764
46150
5192
29771
46157
37966
46159
37971
13398
5207
5215
13408
21601
13410
37991
37998
46191
21614
46198
21633
5249
38019
38020
29833
21645
29844
5269
21662
46244
29863
38059
13487
5297
13490
29873
46260
38065
46264
38072
13498
29882
29884
29885
38077
5311
21700
29892
38086
38087
21706
21707
38092
5325
38094
38099
46296
13529
29915
38108
5340
46303
38120
46313
21739
46322
29941
13560
21752
38140
38141
29955
46340
13575
13579
21776
29969
5393
46356
21784
46362
5407
38177
29988
38181
46374
21800
29993
46379
13615
30000
5426
5427
13620
46399
30016
38210
38211
46404
46402
30023
38216
38220
5457
13649
13650
46420
21844
30037
30040
30048
13664
5476
30054
38253
46448
13681
13682
5489
13684
30072
46457
5498
46461
21887
46464
21893
46470
46469
21898
46478
46482
21913
21914
5529
38300
13723
5539
5543
21930
21935
21938
5556
38325
21945
21948
13757
46526
46535
38343
46541
5585
13780
30169
38364
13800
46571
38380
13805
38382
46577
30193
13813
46587
30204
30205
38400
38402
46596
5636
30216
13836
5647
22034
46611
38419
22044
22046
30248
5674
22063
38452
13877
22069
13882
22079
5695
30274
22083
30275
38469
46664
13898
38477
46671
22096
22097
5715
5720
22107
22108
13919
13926
5736
5738
30317
38509
46706
22132
46708
30328
30337
5766
22151
22150
5773
38542
13965
46737
30354
38546
22161
46743
13976
13978
5789
46752
46758
30374
38572
5809
5810
5813
30390
30393
46778
14011
30397
38599
46791
30411
38604
46797
5837
22224
22228
38615
38618
22235
22245
22256
38643
14067
14070
38646
30456
22266
5883
14076
30459
5886
22275
38662
22278
14086
22280
38671
14100
14107
30493
14111
46880
38695
22319
38703
38704
30517
30519
22338
14150
38730
46932
38743
22361
38747
22368
30563
38757
46950
46956
30574
6000
14194
6007
14200
46968
38778
14208
30593
6018
6019
14213
38789
14216
38794
22410
22412
46989
6032
14228
22421
30623
22432
6056
14251
47022
30640
6076
30653
6080
14272
6083
14276
38861
22479
47064
6105
30685
38880
14309
6118
38890
47083
6123
30704
38896
6130
30709
38904
30716
6147
30724
38921
47120
30736
22547
14358
47127
30744
30750
6175
47134
22567
22571
47150
6191
47152
14391
47170
38979
30787
47172
47171
6218
47179
30798
22608
6224
6227
47192
30808
39002
14428
14435
14440
47214
47218
30834
14451
22645
14456
30848
6279
39053
39055
30864
22672
22676
39062
22679
6294
47258
6298
30883
30884
47267
47272
47276
14509
30894
47282
47285
22713
47293
47297
6341
30919
39112
22730
6348
6352
6355
39124
39128
30939
6367
47330
6376
14576
30961
39160
22777
6395
47358
30975
47359
30974
39170
6403
22785
39172
47367
39176
22795
22800
47383
14616
22811
22812
6430
31008
6433
14624
47396
31018
6446
6447
14640
22837
31029
39223
22841
6458
22847
39233
6475
14668
39245
22859
6485
39256
31066
14682
47452
14687
6503
47471
39281
39288
39289
47482
31098
6520
22912
14727
22924
39309
14733
6544
6547
39317
14749
39325
31136
31137
47527
22959
31151
39343
39346
14771
31162
22971
22972
22970
6591
6596
14800
14801
14802
47572
14812
14819
47589
31206
23018
23020
14833
31217
47604
39412
31223
23038
6654
23040
47620
47621
6668
39436
39438
14863
14861
23060
47640
6687
31272
14892
39469
39471
47668
6711
14909
39488
6721
6722
39489
14922
23119
31311
6741
39512
31325
23133
39520
47713
23143
47732
6773
23160
23162
23163
47747
23179
14987
39563
31374
39575
47773
23198
47775
23201
23209
23213
31406
31407
23216
23217
39600
15023
47800
31417
6843
47811
6852
6853
6855
31433
39628
23245
39630
47822
39634
47827
6873
6876
6878
15072
23268
39653
47857
15090
39666
47867
15107
23300
15108
23301
47878
31496
15113
31502
39695
39696
39701
39707
15132
6943
6945
31525
31533
47918
23343
23345
15154
6961
39731
23349
39729
23351
15160
23353
6969
6971
31551
47935
39745
39749
6982
39751
31561
15178
47945
15184
15189
23382
15192
39769
47972
31592
39786
15213
7022
47983
47982
39797
31605
23416
23421
15230
31615
23425
39810
15233
39809
48006
7049
15245
15246
31631
31635
7060
31638
48023
7063
39834
15259
39836
23465
39850
48050
15286
23481
31673
23492
23500
39889
39891
15318
39897
23524
23528
7146
23536
7160
31737
31744
15360
15366
7174
15385
31771
23580
48160
15394
23587
15398
48168
23596
15410
7219
31794
31799
7223
7232
15425
48198
40010
15437
15441
7251
7256
7258
31838
7266
15462
7275
7277
7278
31853
40046
7283
15477
23683
7303
40072
7305
48279
31898
7324
23709
7326
40098
31912
31913
7340
23726
7351
31933
23743
7359
15552
15561
7370
23763
15572
23767
15578
31966
7391
31970
31973
7399
40168
40167
31979
48365
7415
15609
7418
31995
15615
40193
7425
15625
32012
48397
32015
40207
48403
23828
40212
15638
15640
40216
32029
32032
15652
48427
7469
32051
32056
23869
48446
15679
48447
40260
40262
15687
15688
15690
48459
32078
40272
32083
32088
40281
40282
48475
40283
15709
23906
15718
7528
32110
7538
48499
23924
48503
32119
23930
40325
7559
40329
48521
40335
7568
40337
32147
40341
40342
40346
48538
23964
40353
48546
23971
40355
7593
15785
7596
23980
23983
7607
32184
48570
40379
23996
48574
7615
48575
7617
40387
40388
48581
48582
7621
32202
15825
15828
32220
7645
48605
48607
32228
7654
32231
48620
15855
48624
15856
48631
40441
15866
15871
7680
15878
7686
32267
24076
40459
40464
15890
15891
48662
48667
15899
24094
24098
32291
40484
40488
24106
32299
7726
32308
32309
7734
48693
40502
32315
40507
48703
7744
48707
7750
7753
24139
15952
15954
7766
15962
24154
32348
15963
7772
40544
24165
40551
24169
32362
40556
7789
40558
48751
32370
7796
24182
15992
7802
24186
16000
7809
16002
24192
48773
48776
16008
16010
7819
40588
32399
24213
24214
24221
7841
16034
24227
48802
16038
7846
32423
7848
48808
16046
40623
48822
7867
16065
48835
7879
32457
7882
24270
48846
24273
16081
40659
32468
48853
40657
48862
24287
48863
48871
40680
16109
32494
48887
24312
24314
40698
7931
16127
48898
24322
40709
7945
7946
48909
16145
40723
7958
7959
7961
48922
48923
16157
7967
48930
7976
7979
32557
7989
40757
32565
40759
16185
16187
7996
16189
48957
40765
32572
16194
16196
8004
32583
24394
8019
40788
32597
8024
8025
40798
48990
40799
8033
32612
16232
40809
24434
16246
32632
16256
49026
24450
24458
32653
49042
49043
32660
24466
32663
40856
16279
32673
32674
8098
40866
32680
16299
16303
40880
40885
49079
8128
24513
24515
49094
16328
24524
32719
16339
32733
24544
32737
16352
8163
8160
8168
32746
40941
40943
8178
8179
16375
49146
24573
