10242
34819
34818
45064
24586
20494
47120
4112
30736
47127
28696
18458
30750
49182
28704
6175
18466
47134
28710
28711
28714
22571
44
10285
41007
4144
16433
32819
4150
14391
26680
18487
26678
8256
2113
47170
65
38979
47179
16461
45133
22608
47192
32857
39002
30808
16474
41054
14435
8293
2150
18535
14440
24677
26725
20588
18540
47218
36987
4221
16511
10369
20611
6279
136
12425
8330
16527
41107
39062
28824
47258
30883
2214
49319
37035
32939
30894
45233
34994
178
180
20662
41151
10431
28866
43203
194
43205
30919
41160
28874
6348
37070
16593
35028
8407
24793
28890
12509
225
6376
18664
18666
26860
4333
49392
30961
8434
12530
33011
37114
6395
30975
39170
12547
6403
49411
45315
47367
22795
35091
10516
12565
14616
10522
16667
22812
6430
31008
37156
24869
10535
24873
22837
43318
31029
37177
41274
22841
20799
37186
4419
26949
49478
6475
14668
18765
20814
26958
39245
4437
37205
26967
344
41303
31066
35163
16732
43357
6485
14687
26975
24929
45410
10594
16738
16735
28566
8557
2414
47471
8559
45421
18802
8563
20852
43382
16759
35192
39289
47482
31098
45437
384
45443
16775
43399
33164
4493
8590
6544
8592
27027
8600
35231
415
31137
43427
37283
25001
10665
22959
27055
18864
4530
14771
39346
20917
2488
22972
4545
37313
43458
37318
33224
10698
10699
10707
47572
16851
25047
32660
27108
35300
18918
29160
37354
23018
35310
25071
10737
14833
4596
31223
37368
23038
512
23040
517
27143
14863
23060
8735
18980
49704
2602
27180
10799
2609
16949
29249
10822
21075
8793
31325
47713
36756
29283
2660
8806
12907
45684
35444
8822
23160
23162
2683
33403
47747
21123
43655
43656
4745
4746
49803
45709
31374
29331
10900
21148
23198
10916
23209
35516
707
43717
31433
33482
41674
25292
45773
39630
2768
35538
47827
13011
27350
2779
21211
2785
41698
10979
2787
741
27366
41700
37608
45800
19177
13032
33519
2799
19185
15090
27380
47867
23300
15108
43782
31496
49935
39696
49937
27408
49940
8981
4886
41750
39701
41749
29467
29468
33566
6945
35619
33575
19243
25388
41771
27438
23345
15154
6961
49973
19254
23351
23349
43833
11062
2876
31551
6982
37703
17222
45897
13130
43851
15178
45908
13144
9049
43868
9057
19299
47972
17251
45931
877
15213
25456
9074
29555
39797
11126
45944
889
23416
33656
23421
895
41863
33671
43916
21388
13196
29582
29584
41876
31638
17303
48023
9111
45974
2970
21404
33693
35742
45984
17315
23465
39850
41899
35764
35765
11193
43961
29628
35776
29635
11205
46024
9162
13260
46033
5074
39889
15318
3034
19419
33756
19421
11230
37863
9192
46057
13290
23528
35820
13292
9198
35824
46065
1010
3059
44024
7160
31744
19457
25600
17410
33792
15366
13322
29708
27664
29714
21524
25623
15385
31771
23580
3101
46108
27681
19490
15394
46118
33831
48168
13353
23596
19501
44077
15410
7219
42037
37943
37948
46141
46144
7232
27715
48198
46150
9292
1847
46159
25680
25679
7251
11347
9302
7256
44122
17498
27740
42078
33887
13408
21601
31838
7266
44132
25703
37991
11369
44136
27757
9332
42104
19576
11389
1152
21633
23683
25731
9349
1157
11402
19599
29844
17557
7326
46244
29863
31912
38059
23726
5297
17587
46260
19636
19637
7351
11443
27836
23743
7359
21700
17604
15561
21706
36041
5325
3279
27856
42193
38108
1245
1246
31973
7399
40168
11496
3310
34030
27888
25843
19700
3320
13560
7418
17657
13575
36104
17673
42250
19731
46356
23828
15638
19735
21784
3350
46362
3353
42274
7469
17709
13615
30000
44337
5426
17713
32056
23869
30016
34112
1346
15687
38216
17737
15690
36173
5457
44370
32083
46420
21844
17748
30040
27993
25946
48475
15709
36195
25956
36198
3432
7528
32110
25966
25968
13681
3444
13684
23930
46461
44414
21893
7559
19848
46482
40341
11669
34199
1432
21914
17818
11678
40353
48546
7593
21930
9641
42413
21938
42425
48570
34234
7615
40387
48581
48582
1479
46535
9672
34251
46541
42449
15828
36312
30169
3554
9699
32228
36326
13800
48620
48624
46577
28146
48631
15866
26107
26118
1543
15878
32267
13836
24076
1548
42508
40464
42509
46611
1557
1558
28183
48667
22044
15899
36382
24094
9762
20007
40488
28201
36392
5674
44586
22063
42544
17967
26163
32308
1589
7734
28215
13877
28213
32309
32315
40507
1598
34368
34369
26177
34370
20036
7753
3659
1621
7766
11862
15962
13919
20063
24165
13926
1637
5736
24169
48751
7796
22132
46708
30328
7802
28290
36482
22151
3721
28297
9866
38542
46737
30354
38546
36503
13976
44698
46752
34464
20130
16034
16038
7846
28334
1715
14011
42683
26301
20159
16065
1733
42694
26312
42697
1740
46797
5837
44751
22224
1745
3792
40659
38615
38618
18145
12005
48871
44778
14070
48887
24314
5886
7946
48909
7958
28439
7961
3866
1819
44825
16157
14111
46880
48930
20264
7976
26408
42795
1836
32557
38703
20273
18226
7989
20278
40757
12088
16185
32565
34619
16187
42811
12094
10046
12091
44867
28490
24394
42828
10061
12112
28497
8024
1881
22361
38747
40798
1887
30563
28516
46956
6000
12145
14194
24434
12148
32632
36728
38778
14208
30593
49026
34688
12168
24458
22412
46989
18323
42900
14228
1942
32663
49043
42899
28565
18331
12183
36757
40856
28575
32674
42914
16303
18352
30640
42927
40885
42936
10173
1983
8128
24513
6083
16328
32719
45007
34772
34773
47064
18399
24544
32737
34783
8163
36839
47083
6123
2031
30704
8178
8179
26612
10231
38904
