49152
32768
6
49159
24586
32779
49164
24590
40976
40979
8212
16410
49182
24608
32803
32804
49189
24614
41000
44
41004
41007
16432
16433
16434
32819
41014
32825
49213
16446
8256
65
64
49219
49220
49223
8265
16461
8269
49239
24663
32857
16474
32858
41054
41060
24677
8293
16486
49256
41073
49267
8314
32895
8320
24710
49286
8326
136
8330
32910
16527
41107
32918
16537
41113
16540
24734
32927
49312
41121
24737
49315
32931
166
49319
24742
32936
8358
49323
41131
32939
41134
32946
178
180
49333
32950
41141
24756
41151
32959
194
49347
16581
49349
32965
41160
8400
16593
32978
24787
32980
16597
8407
32985
24793
8415
225
32993
49380
8421
33007
49392
8434
33011
16633
253
33022
49407
33023
49411
41220
41221
262
41230
8464
273
8467
24854
49434
16667
283
41245
8477
287
41249
16674
33060
24869
24873
24876
8494
49454
24881
8501
16694
24886
41274
33084
41281
49474
49478
16717
8527
33103
41297
41298
41303
344
8535
24922
16732
16735
24928
24929
16738
49509
16744
8555
8557
8559
16759
33145
41338
24956
384
33155
49539
16775
8586
33164
49549
8590
8592
33169
24978
402
16790
8600
411
413
415
33186
16802
25001
49580
41395
16820
33205
33208
25022
33215
16835
16836
8643
456
33224
458
8649
25038
25040
16851
25047
16859
49629
25056
41441
33249
8674
33261
16878
25071
16887
8699
512
33280
49665
8707
517
16902
519
41480
8714
41485
25105
8722
8723
532
41502
25119
8735
543
33319
49704
8745
41519
33328
49712
41523
16949
33334
566
25147
25148
8768
33345
49730
41539
41543
33354
8780
8781
49742
16972
41554
597
41559
8793
25179
8798
33378
25189
8806
16997
620
8813
25199
17013
49782
8822
17018
8827
33403
49791
641
17025
33409
33417
8842
49803
655
33424
8858
17051
8862
33443
677
17062
8875
8877
25262
33457
8882
8884
25271
49848
17085
17086
33472
707
710
49862
33482
714
25292
41674
25295
49877
49881
25309
41698
41700
741
25318
33510
740
41704
33515
8942
33519
49904
24573
17135
49907
33525
49910
49911
767
33541
49932
49935
49937
41747
788
41749
41750
17175
8983
33561
17177
8981
49940
41757
8985
17183
799
33570
25382
33575
41769
41771
25388
49964
17200
17202
49973
41783
823
825
33596
33597
41797
17222
841
9033
41804
846
41806
17231
17237
9049
25433
9057
17251
41830
9063
25447
17257
875
9067
877
17262
9071
25456
25451
9074
33656
889
891
25471
895
33671
41863
903
25479
17292
17297
41876
17303
9111
33693
25501
41888
17315
33704
41898
41899
17323
946
9139
41909
41910
17335
33725
961
962
41923
25545
9162
25549
41933
17359
17357
17368
33756
33757
9192
41960
33770
17388
33773
9198
41969
1010
9205
17399
33784
41980
25600
33792
25602
17410
41991
25618
9234
17428
25622
25623
42011
33823
9250
42019
33831
33834
42028
33837
42037
33845
17461
1082
33851
25660
25659
25658
9276
17476
42053
33863
25673
9292
9293
25679
25680
33875
1110
9302
17498
42078
33887
17508
25703
25706
9323
9326
17520
25715
9332
9333
42099
17527
42104
42105
25724
42111
1152
33919
25730
25731
1157
9349
9358
17557
25755
17563
42141
1184
17570
33956
33960
1199
17587
25782
42169
9408
17601
42180
17604
9416
9418
1228
42193
17621
17628
1245
25822
9439
9440
1246
25826
42212
9446
17638
42217
25836
34030
25840
25843
17656
17657
25852
1277
25861
17673
42250
34059
42259
17685
9496
1307
25885
42271
1313
42274
42275
17709
42285
1327
25904
17713
1330
17714
42293
9526
34102
34105
1340
34112
25922
34115
1352
34121
17737
17743
9552
17746
34132
17748
25942
42327
25946
25956
25959
25961
34157
25966
25968
42357
25974
25983
42370
25991
34193
26006
9623
1431
1432
42394
17818
26010
34199
26014
42393
9641
42413
42425
34234
17850
34237
17860
1479
9671
9672
34251
42445
42449
34258
34259
34261
9687
1499
34267
1501
9694
42464
9699
26086
1513
1514
9708
42478
34287
49149
9719
34297
26107
1536
17925
26118
1543
1548
34317
42509
26126
34318
42508
1554
17938
1556
1557
1558
26140
9758
42528
9762
9763
34342
42535
17967
42544
26163
1589
1598
34368
26177
34370
17986
34369
34374
1611
1613
34384
42578
18003
1621
34394
1631
26209
9827
26212
1637
9831
18027
42612
34432
18050
42627
18051
18054
42631
18057
9866
1679
26256
26263
18072
18076
34464
26272
26274
18083
18080
18087
9896
42668
1713
1715
18105
42683
26301
1733
42694
26312
9929
18121
42697
34504
1740
18120
1745
9938
9937
42708
26327
42715
18145
9973
9974
26359
18172
18180
1799
9992
1805
10003
18199
1816
10009
1819
34587
42784
42785
1827
1828
42791
26408
42792
1834
42795
34602
18221
1836
18226
10035
1847
10039
34616
26427
42811
18237
10046
34619
10051
42828
10061
34643
34645
1881
26459
1887
34657
18287
10097
34676
18293
1911
10106
18298
26494
1918
34688
10112
1919
42886
10120
26505
1938
18323
42899
10131
1942
42900
18331
42914
18341
42923
42927
18352
10164
34741
42936
18362
10173
1982
1983
42943
18368
42953
42956
18387
34772
34773
18389
10200
10204
26589
26591
18399
18401
34783
34787
26592
26599
34794
26603
2031
18416
34801
10226
26612
34805
10231
26617
34812
2047
18433
34818
34819
10242
18437
34824
34825
2063
10260
18452
2071
43034
10266
26651
18458
18462
43040
34849
18466
43050
10285
18478
26678
18487
26680
10295
18490
34876
10302
43073
2113
43078
43088
43089
26709
2136
43101
26720
26725
26726
2150
18536
18535
10343
18540
26734
2159
26751
10369
34945
26754
18565
26766
43156
2197
10393
43163
18597
2214
43177
2219
43182
34994
18617
35002
10431
26817
10433
43203
43205
10437
10439
35020
43214
18643
35028
35029
26836
2262
26841
2268
10461
18664
18666
10475
26860
2288
26867
18676
43253
18679
18686
10498
10513
35091
43283
10516
43286
43289
10522
26909
43295
26914
43299
10535
18729
26926
18735
26928
35121
43318
35129
18754
2371
18756
26949
35149
26958
26959
18768
10577
2386
10579
35154
18765
26967
26969
35163
2396
43357
26974
26975
2398
10594
35179
2412
2411
2414
26991
2416
18802
43382
35192
10631
2440
43399
27016
35212
27027
2456
10652
2461
35231
2465
35235
43427
10659
10665
27055
18864
10678
43447
18872
2488
43450
43456
43458
10698
10699
10707
2515
10710
18905
35293
10718
35298
18915
27108
35300
18918
43496
27115
10733
35310
10737
27124
2550
27128
43517
35332
27143
35336
35337
35352
27167
2592
18980
10791
27177
2602
18987
27180
10799
10800
2609
27187
43587
35395
10822
27207
35408
27217
19028
19035
19038
19040
27233
2660
27242
35444
35451
2683
27261
10878
19070
10881
2693
35461
43655
35464
43656
2697
27273
43659
35465
27281
43667
10900
2720
10916
19116
27310
10928
10937
43706
10940
43708
27326
35516
43717
10952
2762
19147
35534
2768
10962
43730
35538
2772
27350
10963
2778
2779
10973
43742
2785
2787
10979
27366
19175
19177
43757
43759
2799
19185
43762
43763
27380
43770
35580
43774
27391
43777
11011
35588
43782
2824
27408
19229
43806
27421
35619
27431
19243
43819
11054
27438
11062
19254
19257
43833
35643
2876
2874
11073
43841
2888
35658
2891
43851
19282
27476
35672
43864
11098
27483
43868
43871
19299
27506
11126
19319
27511
19327
2945
35719
35721
35722
43916
19341
43923
27541
2966
27542
19351
43929
2970
43930
35733
27549
19358
35742
19352
27553
27564
19374
35763
35764
35765
43955
35767
19384
43961
11193
11194
27577
43965
35776
27585
11202
35778
11205
35785
3018
27595
27599
35796
35797
3034
19419
19421
11230
3039
27620
19429
44006
44011
19436
35821
35820
44015
11248
35824
27634
3059
3060
44024
19448
35833
3069
19457
3080
19465
44041
19467
27663
27664
11281
35855
27670
35865
3101
35869
27681
19490
19492
11301
35878
35879
27684
27686
44071
11307
44076
19501
44077
11322
44095
3136
27714
27715
3139
44105
11340
27729
11347
44117
44118
11353
44122
27740
35933
27743
35937
27746
44132
35940
19558
44136
11369
44137
27757
19575
19576
11389
35973
11402
35980
19599
35985
44180
3222
19609
3231
3233
3237
11433
44207
3249
11443
19636
19637
36026
27835
27836
19646
3263
19649
36041
19662
3279
27856
36054
3287
44251
27868
27867
44255
27871
11489
27873
11490
19685
11495
36071
44263
11496
11499
27885
3310
27888
36080
36083
19700
36088
3320
44288
3329
3333
44293
36104
27918
36111
27921
19731
3349
19735
3351
3353
19743
11551
19747
11559
19756
3376
44337
19763
11571
19766
44342
27960
3387
27964
11583
44354
11587
36173
44368
19793
44370
44373
3413
27993
11610
44378
3421
3426
28002
36195
19813
36198
3432
3436
3437
36207
3444
11639
28023
36218
44414
28032
11651
19847
19848
28039
36235
44431
3474
36242
11669
36246
11678
19871
28067
11684
11689
36266
3503
36273
44477
3518
19902
19910
36298
36300
44492
11727
44496
3536
19927
36312
36313
44506
28125
11744
3554
36326
11754
11755
28146
28152
19961
11779
36357
11794
11795
28183
36382
3621
20006
20007
36392
28201
28202
44586
3628
3624
44590
11816
28213
36406
28215
44600
36410
11835
36411
28228
36420
20038
20036
3659
20045
28238
20048
44624
20053
11862
28247
44632
28249
44635
20063
28256
11873
20070
44648
11881
36460
20077
20083
36471
11898
36481
28290
28291
44676
44677
44673
36482
3721
28297
28300
3725
36493
28302
44684
28305
11923
11926
36503
44698
3739
36507
20130
44711
20137
28334
36529
20153
3769
20159
3778
44739
28357
20168
28361
20171
28366
11983
11982
3792
36562
44751
11987
28373
20185
11995
28383
3810
28386
12005
44778
28402
20216
3833
36605
44798
28413
36609
3848
28426
36618
36622
3855
44816
28432
20242
36627
28439
12056
44825
3866
3864
3865
28445
44834
20264
12073
44842
3881
3884
44843
3888
12081
20273
3892
36660
20278
36666
12091
12094
44867
3910
28490
12112
28497
20307
44885
20317
28516
3942
12145
36724
12148
12150
36728
12162
12168
3978
12174
36752
36756
28565
12182
28566
12183
36761
3993
36757
28573
20382
44957
28575
36770
20393
44972
28593
20407
12217
4026
44988
20413
4031
12226
12228
28612
45005
4046
45007
28629
4055
36829
12253
36835
36838
36839
4070
36843
4076
20469
45046
20477
12291
12294
45064
28686
20495
4112
20494
20498
20503
4120
28696
4122
45083
12316
28704
36899
45091
28709
28710
28711
28714
4144
12337
20529
4150
45111
45113
28732
28733
36926
12363
20555
45133
12371
4181
12376
4188
12386
20588
36974
4208
28788
4213
4217
28794
12409
36987
4221
45181
4222
20611
36998
12422
12425
20621
28816
4241
45204
28821
37015
28824
28828
37024
45217
28834
45219
37028
4260
45222
45225
37035
4268
4269
28847
20655
45233
4274
28852
20662
4283
28866
28867
4295
28874
37070
20687
28885
45272
37081
28890
4312
4314
12509
4326
12521
4333
12530
28915
20723
45299
37111
37114
28927
28929
45315
12547
12556
28941
28944
45331
37140
45333
12565
12567
4377
28956
45345
37156
37163
45362
12596
20788
37174
37177
20795
20796
20799
4417
37186
4419
28996
45380
20802
12615
12616
12618
37196
20814
4430
37205
4437
29015
12638
20830
45410
20845
45421
29043
20852
29048
12669
45437
45439
45441
4481
45443
29061
4488
29064
4493
4494
29078
29084
37283
12709
4522
45489
4530
12722
20917
29111
12733
4545
37313
4548
37318
29127
45513
37322
20940
20941
45519
37327
12756
29144
4577
29160
37354
20975
4592
4596
29174
20983
37368
45565
4608
29185
21002
4621
12829
12836
29224
45611
29229
4654
4659
37431
45624
37437
21055
37439
29249
12870
29255
21075
4693
12886
21079
4696
45661
4702
29283
4707
21096
12907
4715
45684
37493
21111
4727
29305
29306
37501
29309
45695
21123
12933
4741
29321
4745
45705
45708
45709
4746
37520
29331
29332
37529
21148
37533
29349
4774
37545
37546
45742
21169
4786
29363
37554
12981
45761
21186
12998
29383
13000
37578
29388
45773
21202
13011
13014
13018
21211
13021
21213
29407
13030
13032
37608
45800
4843
21228
4846
45806
13043
29434
13052
37631
29441
4868
13061
37637
29456
21269
4886
29465
29467
29468
37663
29472
45859
21284
29481
13104
4919
13117
37699
45891
21316
37703
13128
45897
13130
45903
21329
4946
29523
45908
21332
45911
13144
4955
29531
13147
45921
13154
45924
29541
21354
45931
13170
13171
37748
4981
29555
21367
45944
29563
4993
37761
45961
21388
13196
29582
13198
29584
21393
37779
45974
29594
13212
21404
37791
45984
21410
21418
37802
5041
46013
5053
13249
29635
46024
21450
13260
13263
37840
46033
5074
5081
13274
21472
29667
29669
37863
29671
46057
13290
29674
13292
46065
5120
29696
5129
13322
5130
29708
29707
29709
13328
21522
29714
21524
29720
37914
46108
5151
13347
5158
46118
13353
29738
29740
5164
13358
5173
13365
5175
29752
37943
46138
37948
46141
29758
13375
46144
29764
46150
5192
29771
46157
37966
46159
37971
13397
13398
5207
5215
13408
21601
13410
21605
37991
21614
46191
21616
38001
37998
46197
46198
29824
21633
5249
38019
29833
21645
29844
5269
38037
21662
46244
29863
13487
29873
38065
5297
46260
13490
46264
38072
13498
29882
29884
29885
38077
5311
21700
29892
38086
38087
21706
38092
5325
38094
5328
46291
38099
46296
13529
29915
5340
38108
13533
46303
38120
46313
21739
21743
46322
29941
21752
13560
38140
38141
29955
13575
13579
21776
29969
5393
46356
29975
21784
46362
5407
38177
29988
38181
46374
21800
29993
46379
13615
30000
5426
5427
13620
30002
46399
30016
46402
21827
46404
38211
38210
30023
38216
38220
13649
5457
13650
46420
21844
30037
30040
21850
30048
13664
5475
5476
30054
38247
30055
38253
46448
13681
13682
5489
13684
30072
46457
5498
46461
21887
46464
5504
46469
21893
46470
21898
46478
46482
30101
5529
21914
21913
38300
13723
21920
5539
21930
21933
21935
21938
5556
38325
21945
46521
21948
13757
46526
46535
38344
38343
46541
30159
13780
30168
30169
38364
13800
46571
38380
13805
38382
46577
30193
13813
46587
30204
38400
38402
5636
46596
30216
13836
5647
22034
38419
46611
22044
5669
30248
5674
22063
38452
13877
22069
13882
5695
13888
22079
30274
22083
30275
38469
46664
13898
38477
46671
22096
22097
30289
5715
5720
22107
22108
13919
13926
5736
5738
38509
30317
46706
46708
22132
38518
30328
30329
30337
5766
22151
22150
38538
5773
38542
13965
22161
38546
30354
46737
46743
13976
13978
5789
46752
30374
38572
5809
5810
5813
30390
22199
30393
46778
14011
30397
46791
38599
38604
5837
46797
22224
22228
38615
38616
38618
22235
30433
22245
22256
38643
14067
14070
30456
22266
30459
14076
5883
5886
30464
38662
22278
22280
46857
14086
14095
38671
14100
38682
14107
5916
30493
14111
46880
38695
22319
38703
38704
30517
30519
38718
22338
14150
38730
46932
38743
22361
38747
22368
30563
46950
46956
30574
6000
14194
6007
14200
46968
38778
14208
30593
6018
6019
14213
38789
14216
22410
38794
22412
46989
6032
14228
22421
30623
22432
6056
14251
47022
30640
6076
30653
6080
14272
6083
14276
47050
38861
22479
47064
6105
30685
38880
14309
6118
38890
47083
6123
38896
30704
6130
30709
38904
30716
6147
30724
38918
47120
30736
22547
14358
47127
30744
47134
30750
6175
38951
22574
6191
47150
47152
47159
14391
30785
47170
30787
47171
38979
47172
6218
47179
30798
6224
22608
6227
47192
39001
30808
39002
14428
14435
22631
14440
47214
47218
30834
14451
22645
14456
30848
47234
6279
39053
39055
30864
22672
22676
39062
6294
22679
47258
6298
47267
30884
30883
47272
39080
47276
14509
30894
47285
22713
47293
47297
6341
30919
39112
22730
6348
6352
6355
39124
39128
30939
6367
47330
22759
6376
14576
30961
22768
39160
22777
6395
30974
30975
47359
22785
39170
6403
47358
39172
47367
22795
22800
47383
14616
22811
22812
6430
31008
6433
14624
47396
31018
6446
6447
14640
31029
22837
39223
22841
6458
22847
39233
22859
6475
39245
6485
39256
14682
31066
47452
14687
6503
47471
39281
39288
6520
39289
31098
47482
6525
22912
14727
22924
39309
14733
6544
6547
39317
39325
14749
31136
31137
47527
39343
31151
22959
39346
14771
22970
22971
22972
31162
6591
6596
14800
14801
14802
47572
14812
14819
6628
47589
31206
47590
23018
23020
47597
14833
31217
47604
39412
31223
31226
23038
6654
23040
47620
47621
39436
6668
39438
14861
14863
23060
47640
31262
6687
47650
31272
14892
39469
39471
47668
14909
39488
6721
39490
31299
6722
6727
14921
14922
31311
23119
6741
39512
31325
23133
39520
47713
23143
47732
6773
23160
23162
23163
47747
23179
14987
31374
6799
39575
47773
23198
47775
23201
23209
31401
39594
23213
31406
31407
23216
23217
15023
39600
47800
31417
6843
47811
6852
6853
6855
31433
39628
23245
39630
47822
39634
47827
31449
6876
6878
15072
23268
39653
47857
15090
39666
47867
15107
23300
15108
23301
47878
31496
15113
6925
31502
39695
39696
39701
39707
15132
6945
31525
6955
31533
47918
23343
6961
15154
23346
39729
23349
39731
23351
15160
23345
23353
6971
6969
31551
47935
39745
39749
23366
39751
6982
31561
15178
47945
15184
15189
23382
15192
39769
47972
31592
39786
15213
7022
47982
47983
39797
31605
23416
23421
15230
31615
39808
39809
39810
15233
23425
48006
7049
39819
15246
31631
31635
7060
31638
48023
7063
39834
15259
39836
23465
39850
48050
15286
48055
31673
23481
31678
23492
23500
39889
39891
15318
39897
23517
23524
23528
7146
23536
7160
31737
23546
31744
48128
15360
7174
15366
39960
15385
31771
23580
48160
15394
23587
15398
48168
23596
48175
15410
31794
7219
31799
7223
7232
15425
48198
40010
15437
48207
7251
7256
7258
31838
7266
48228
31844
15462
7275
31853
7278
15470
40046
7277
7283
15477
23683
7303
40072
7305
23698
48279
31898
48283
7324
23709
7326
40098
31912
31913
7340
23726
40116
7351
31933
23743
15552
7359
7364
15561
7370
23763
15572
23767
15578
31966
7391
31970
31973
7399
40167
40168
31979
48365
31987
7415
15609
7418
31995
15615
7425
40193
40198
32012
48397
40207
32015
15634
48403
40212
23828
15638
15640
40216
32029
32032
15652
48427
7469
32051
32056
23869
48446
48447
15679
40260
7494
15687
15688
15690
48459
32078
40272
32083
40281
40282
48475
40283
15709
23906
15718
7528
32110
7538
48499
23924
32119
48503
48504
23930
40325
7559
48521
40329
40335
7568
40337
32147
40341
40342
7577
40346
48538
23964
32153
40353
40354
40355
48546
23971
15785
7593
23980
7596
23983
32178
23986
7607
32184
48570
40379
23996
48574
48575
7615
7617
40387
40388
7621
48582
48581
32202
15825
15828
32220
7645
48607
15843
32228
7654
32231
48620
15855
48624
15856
48625
48631
15871
7680
7686
15878
40459
24076
32267
40464
15890
15891
48662
15899
48667
24094
32291
40484
40488
24106
32299
48685
7726
7731
32308
32309
40502
7734
24120
48693
32315
40507
40510
48703
7744
48707
7750
7753
24139
15952
15954
24150
7766
15962
24154
15963
32348
40544
24165
40551
24169
32362
40556
7789
40558
48751
32370
7796
24182
15992
7802
24186
16000
48769
24192
7809
16002
48773
48776
16008
16010
32399
24213
24214
24221
7841
16034
7843
24227
7846
32423
48808
16038
7848
40623
48822
7867
7872
16065
32449
48835
7879
32457
7882
24270
48846
16081
24273
40659
32468
48862
24287
40671
24289
48871
40680
16109
32494
48887
24312
24314
7931
40698
24322
48898
40709
7945
7946
48909
16145
40723
7958
7959
7961
48922
16157
7967
48930
7976
7979
32557
32565
7989
40759
40757
16185
16187
7996
32572
16189
40765
48957
16194
8004
16196
32583
24394
8019
40788
32597
8024
8025
40798
48990
40799
8033
32612
16228
8039
16232
40809
8047
24434
16244
16246
32632
16256
24450
49026
16263
24458
49042
24466
49043
32660
32663
40856
16279
8095
32673
8098
40867
40866
32680
16299
16303
40880
32689
40885
49079
8128
24513
24515
49094
16328
24524
32719
16339
32733
16352
32737
8160
8163
24544
8168
32746
40941
40943
32753
8178
8179
32757
16375
49146
8189
