32768
32770
5
32774
32773
6
32781
13
32783
32782
32786
32787
19
21
32788
32791
32792
18
32795
32797
30
32803
32804
32805
35
40
41
42
43
32812
32814
50
54
32823
56
55
32825
32829
32830
63
64
66
32835
75
78
80
32849
32852
32853
85
32855
32858
91
32861
32862
99
101
103
104
108
32877
32880
114
32884
32888
123
32891
125
32897
131
132
32900
134
136
137
32906
32907
140
32909
142
32910
32912
32913
32918
32921
32922
32924
160
32930
162
163
32934
166
32936
173
32942
32941
32943
32947
179
32949
183
184
32951
32954
32956
189
32959
194
195
197
32965
32968
209
32978
32980
32981
215
32985
32987
220
221
32990
223
32992
32994
227
228
229
231
33000
33001
234
33003
33005
33006
33007
237
241
33008
33012
245
33014
247
246
249
33018
33019
33021
33022
259
260
261
33030
263
33032
33033
33035
33042
33045
279
33047
281
282
33050
33052
285
33051
33056
33057
33058
293
33064
33065
297
298
300
299
302
33073
305
33074
33076
308
33080
33081
314
33083
33084
315
318
33089
321
33090
324
33093
33092
330
33102
33103
33105
33107
33112
344
346
347
348
349
350
351
33116
345
33123
355
359
360
33130
33131
364
363
33134
367
33136
33133
370
33138
374
33142
33143
377
33148
33149
33151
33153
33155
389
390
33160
33162
33163
396
397
400
33168
33170
403
402
33173
33175
33176
409
410
33179
411
414
33187
33188
420
33189
421
33193
426
427
33198
430
33199
33201
33205
439
33209
33212
33216
33217
449
33218
33220
457
33227
33228
463
465
470
471
33241
474
475
480
33249
485
33253
487
33255
33257
33258
33259
33260
493
494
33264
502
504
507
508
33275
33277
509
33280
33282
33283
515
33288
522
33291
33292
33293
33294
527
33297
532
33301
534
33303
33304
535
33305
539
540
538
33306
33310
544
33314
549
33318
550
33319
553
33323
557
559
33328
33329
562
560
33332
33333
565
33335
568
33334
33339
573
33345
577
33349
33351
583
588
33359
595
33363
598
601
602
33371
604
605
33379
614
618
33390
625
33393
631
33400
633
33402
634
33403
637
638
33407
639
641
642
33412
646
33414
648
649
33417
650
653
33422
655
33424
656
33427
663
664
33435
670
33441
33443
33445
33447
680
33449
681
682
686
687
33456
690
691
692
33461
33463
33464
33468
33471
705
33473
709
33480
713
714
33484
33490
33492
725
33493
33494
728
33500
732
733
737
740
33508
33511
33513
747
751
33520
33521
33525
33529
762
765
33533
772
774
33543
775
33544
33546
779
33548
783
784
33552
33554
787
790
33558
33560
33559
33563
795
796
797
799
33567
33569
33570
800
804
805
33574
33575
808
33576
33578
33580
814
33584
33589
821
33591
33592
825
823
827
33596
33598
830
33600
832
33603
835
33604
839
841
846
33615
33616
850
852
33621
854
855
857
858
33628
861
864
33634
33635
868
33636
33638
33640
872
874
876
33645
882
887
33658
893
33662
33663
894
33665
907
908
33677
909
33680
912
913
33682
918
919
920
33687
922
33691
924
929
930
931
33700
933
932
935
33706
33708
33709
943
33711
33713
33718
33719
33720
956
957
958
33728
962
33732
965
33737
33739
33741
975
976
33743
33747
33755
33756
33757
990
992
994
995
33762
33765
998
999
33768
996
33766
33772
1005
33773
33777
1009
33779
1012
1013
33782
1014
1015
1018
1021
33792
1030
1031
1032
33801
1036
33806
33808
1040
33810
33811
1041
1046
33818
1052
33820
33828
33829
1060
1064
33832
33834
33837
1074
33849
1082
1084
33853
1085
1087
33856
33857
33855
1092
1096
33866
1098
1100
1101
33869
1104
33875
1108
33879
33882
33885
1119
33888
33889
33890
1122
33891
1125
33894
1129
1130
33903
1135
33906
33907
33908
1140
33913
1149
33919
1152
1153
1154
33923
33924
1157
33925
33927
33921
33931
33932
1163
33934
1168
33938
1172
1173
1174
1175
1176
1178
1180
1181
1184
1187
33955
1189
1188
33956
1193
33964
33965
1199
1202
1204
1206
33977
33978
1210
1213
33983
33984
1219
33988
33989
33992
33995
1228
33996
1234
1237
1242
1243
34012
1248
34017
1250
1251
34018
34019
34022
1254
34024
34023
1261
34033
1266
1268
34037
34038
34039
1274
34046
1278
34048
1280
1282
34050
34053
1286
34055
34056
1287
1285
1292
1298
34070
1303
34075
1307
34080
1314
34082
1316
1318
34087
34088
34090
1322
34092
34094
34095
34096
1328
34098
1330
34102
1335
34105
34109
1342
34112
34115
34116
34117
1350
1351
34121
1353
1355
34124
1357
1359
1364
34136
1368
1372
1374
1375
1376
34147
1380
34150
34151
1385
1387
1394
34167
1400
1402
1403
1405
34174
34173
1408
34179
34180
34181
1418
1419
34188
1421
1420
34191
1424
1423
1425
34195
1428
1430
34198
1435
1438
1440
34209
1446
34216
1449
1450
34221
1455
1457
1458
34226
1459
1460
34230
1466
1470
1473
34242
1475
34246
1480
34249
1483
34254
1487
1486
1489
1490
34258
34259
1495
1500
34268
1503
34276
1513
34284
1517
1518
1522
1524
1525
34293
1527
1528
34297
1530
34299
1531
1533
34301
34302
1536
34305
1540
34308
34313
34314
1546
34317
34318
1551
1552
1554
1555
34324
34327
34328
34330
1565
34334
34337
1576
1579
1580
1583
1588
34356
34357
1591
34360
34361
1594
34363
1596
34367
1600
34372
1605
1606
34375
34373
34377
1609
1610
34374
1613
34380
34384
34388
1620
34392
1625
34394
1627
1628
34396
34393
1631
34401
1634
1637
1641
34411
34412
1646
34415
34414
34420
34421
1653
1656
34424
1658
1659
1661
1663
34432
34434
34435
1667
34438
1671
1673
34441
34444
1677
1679
34451
1686
1687
1688
1690
34458
34460
34461
1691
1695
34463
34465
34466
34468
1701
34470
1703
1705
34476
34478
1710
1713
1717
1719
34488
34489
1722
1723
1724
1725
34495
34497
34499
34500
34501
1735
34504
1737
1741
1743
34512
1746
1747
34529
1761
34531
1766
34535
1768
34537
34544
1777
1778
1780
34550
1783
34552
1785
1786
1787
34555
1793
34562
34565
1798
1799
34568
1800
34570
34571
1805
1809
34578
34579
34580
34581
1816
34584
1818
1822
34592
34593
34594
1827
1828
34597
1830
34598
34602
1834
34605
1838
34607
34608
34611
1845
1847
34615
1849
34618
34621
1856
1857
1858
1859
34632
34634
34637
34647
34651
1883
1884
1885
34658
1891
34661
1894
34663
34676
1909
1911
1912
34684
1919
34689
34691
1924
34694
1928
1929
1930
34696
34700
1932
1934
34703
1935
34702
34706
34711
34714
34715
1950
34719
34722
34729
1963
34732
1965
34736
34738
34739
34740
34741
1976
34745
1978
34747
1980
34748
1981
1982
1977
1985
1986
34754
1979
34757
34758
1990
1989
34761
34762
34763
1993
34760
1998
34771
2006
34776
2008
2010
34778
34782
34783
2017
2018
34787
34786
2025
2026
34795
34794
34797
2030
34796
2028
2034
34802
34810
2044
34812
2048
34817
2050
2049
34820
2053
34822
34823
2054
34824
34826
34827
34828
34829
2062
34831
2064
2063
34834
2067
34836
34835
34838
2071
2073
2074
2076
34846
2078
34847
2081
2080
34851
2084
2083
34854
2079
34852
34857
34855
34859
2090
2093
2095
34865
34867
2100
2103
2104
2106
2108
34876
34877
2111
2112
2115
2116
2117
2120
2122
34891
2126
34895
2128
2127
34899
2136
34907
2142
2143
34911
34914
2149
34919
34923
2155
34924
34926
34927
2159
34928
2156
2163
2165
34934
34933
2168
34938
34941
34942
2174
2176
2177
34944
34947
2181
2182
34952
2188
34958
34959
34960
34965
34966
2197
34968
2201
2202
2205
34975
34976
34978
2211
34980
34983
34986
2225
2226
34996
34998
34999
35000
35001
2235
2236
35006
35007
2240
35009
35011
2246
2247
35015
2248
2250
2252
35020
35021
2254
2258
2260
35029
2262
35031
35032
2266
2267
35040
35042
2275
35045
2277
2279
2282
2283
35050
35053
35055
2288
35057
2291
2292
35061
35062
35063
2297
2299
2300
35068
2303
35071
2305
2306
35075
2308
2311
35082
35083
2316
35084
2315
35088
2322
35093
2326
35094
2328
2329
35098
35096
2331
35101
35104
2339
2342
2343
35112
35111
35115
2349
35118
35120
35121
2354
2356
35124
35127
35128
35129
35136
2370
35139
2373
2374
2377
35146
35147
35148
35149
35150
35152
2384
2386
35155
35154
35158
35163
2396
2398
35166
35168
2401
35170
35171
35172
2409
2411
35179
35182
2416
35188
35190
2422
35191
35193
2425
2427
2429
2430
35198
2432
2433
2439
35209
2442
35213
35214
2447
35216
2450
2451
2452
35222
35223
2458
2460
35228
2461
35231
35235
35237
2470
2474
35247
35250
35256
35261
2494
2495
35263
35265
35268
35269
2504
35272
35274
2509
2510
35279
35282
35283
2514
35285
35287
2521
2523
35293
35294
35295
35296
35298
2534
2535
35302
35307
2540
35309
35310
35311
35314
35315
35316
2549
2554
2556
2558
35326
2565
35336
35337
35338
2572
35340
2577
35345
35349
35350
2583
35352
2581
2586
35355
35356
35358
35360
35362
2595
35365
35369
35377
35378
2610
2612
35381
2613
2615
2617
2618
2619
2621
2623
2628
35397
2633
35403
35407
2641
35409
35410
2644
35412
35414
2647
35417
35421
2657
35427
35428
2662
35430
35434
35436
2668
35438
2674
35444
2678
35448
2681
2680
35451
2686
35456
35457
2690
35458
2692
35461
2693
35464
35465
35467
2700
35470
35474
35477
2711
2717
2719
35488
2722
2723
35491
2725
2724
2727
2726
35500
35501
35505
2740
2741
35510
2744
35515
2747
2751
2755
35526
2759
35528
2762
2763
35530
35533
2766
35534
35537
35541
2775
2777
2778
2780
2782
35551
2784
2785
2788
2789
2794
2796
2799
2800
35569
35572
2808
2809
35576
35580
35582
2814
2815
2817
35586
35590
35591
2824
35594
35595
2826
35597
2830
35598
35603
2836
35605
35604
35606
35608
2841
2843
35611
2846
35620
35622
2859
2863
35633
2865
2867
35635
2870
2871
35640
2873
35639
35643
35644
2874
2879
2881
35652
35653
35656
2888
35658
2891
2892
2893
35662
2896
2902
2904
35673
2907
2911
2914
35683
2916
35686
35689
35691
2924
35694
35695
2928
35698
35702
2936
2939
35711
2945
35714
35715
2948
35718
35719
35723
2956
35727
35730
2963
2962
2964
35734
2966
35733
2971
2975
35744
2977
35748
35751
35753
35754
2990
35758
2992
35761
35759
35763
35764
2996
2993
2999
3003
35772
3004
35775
3010
35779
35782
3015
35784
3017
35785
3019
3018
35788
3022
35801
35802
3036
3042
3043
35812
3044
3046
3047
35816
3048
3050
3051
35818
3049
35822
3055
3054
35827
3059
3060
35831
35833
3067
35836
3069
3070
3071
3072
35838
3074
3075
35844
35846
35847
3080
35849
3082
3083
35859
3091
3093
35862
3092
35867
35870
3103
35873
3105
3107
3108
35878
35879
3111
3113
35882
35883
3118
35890
3123
3124
35894
3128
35899
3131
35900
35901
3137
3141
3142
35913
35916
35919
3153
3154
3162
35930
35932
3165
35931
3167
3168
35933
35936
3169
3172
3173
3174
35940
35944
35945
3171
3181
35951
3183
3185
3187
35956
35958
35959
3190
35960
35963
3201
35971
3204
35973
35972
3205
35976
3206
3209
3203
3212
35982
3219
35988
3221
3222
35991
35994
3227
3229
3232
36003
36005
3237
36007
36009
3242
36012
36013
36016
3252
3254
3255
36022
3259
36027
36028
3264
36033
36034
3271
3272
36041
3274
36043
3277
36046
3280
3281
3282
3283
3286
3287
36054
3289
36061
36063
36064
3299
36068
3301
36070
36072
36073
36075
3309
3311
3312
3313
36083
36085
3318
36088
36090
3323
3325
3327
3328
36095
3333
3335
36103
36106
36110
36113
3345
3349
3351
3352
3354
3355
36126
3362
36130
36131
3365
36132
3367
36136
36137
3370
36139
36140
3373
36142
3369
3376
36141
36152
3385
3386
36155
3389
36159
3391
3393
36162
36161
36164
3396
3399
3401
36170
3403
36169
36173
3411
36180
3413
3415
36185
36186
3420
3421
36190
36191
3423
36193
3426
36197
36200
36201
36202
3435
3436
3437
36204
36207
3433
3443
36215
36216
3450
36218
36220
3454
3456
36225
3457
3459
36228
3462
36233
36234
3467
36236
3466
3470
3468
36235
3475
36244
36246
36249
3482
3484
36252
3486
36254
3488
36257
3489
36259
3492
3493
3494
3496
3498
36266
36268
3500
3503
36272
3505
36275
3507
3508
36278
3511
36279
36282
3514
3518
36287
3519
3521
36290
3520
36293
3527
36295
3530
36298
36300
36301
36299
3535
36304
3537
3536
36306
3543
36312
3545
3547
3548
3549
3558
36329
3565
3569
3571
36339
3572
36340
3580
36351
36353
36354
36355
36358
3592
3594
36363
36365
36367
3603
3604
36375
3609
36378
36379
36377
3611
3614
3616
36385
3620
3622
36393
36394
36396
3628
36398
36401
3636
3637
3639
36408
36407
36409
3641
36412
36410
36414
3647
3649
3651
36420
36421
3655
3656
36426
3662
36431
3665
36435
36437
3669
36439
36440
36441
3674
3675
3678
3679
3680
36450
36452
36453
3688
3690
36460
3693
3692
36465
36468
36470
3703
36473
3705
36474
3708
36476
36477
36480
3713
3714
36483
3716
36486
3723
36493
36494
36501
36502
3734
3736
36506
36507
3739
3746
36515
36516
36518
3751
36521
36525
3762
36531
36530
36532
36534
3767
36538
3771
3773
36544
3776
36546
3778
3783
3786
36557
3789
3791
36558
3790
3794
3795
3796
36563
36566
3799
3802
3803
3804
3805
36574
36573
3807
36575
3808
36581
3814
3815
36587
3820
3821
3823
36591
3825
3826
3828
36596
36597
36601
3833
3836
3837
36605
36607
3841
3842
3844
36613
36614
3847
3848
3849
36618
36615
3852
3853
36621
36623
3856
36622
3855
36627
3859
3861
36629
36632
3865
36633
3867
3868
3869
36637
36639
3870
3874
36643
3875
36645
36648
3883
3884
3888
36657
3891
3892
36662
36664
36666
36669
3904
36676
3910
3911
36681
36683
3916
3917
36688
36689
36694
36696
3932
3934
36702
3938
3939
36707
3947
36715
3948
3950
3951
36721
3953
3955
36723
36722
36724
36726
3959
36731
3965
3966
36735
3968
36738
3971
36739
36744
3978
36746
36748
36749
3981
3982
36752
3987
3988
36757
3992
36761
3994
3993
4000
36772
4004
36775
4008
4010
36778
4012
36781
36782
4015
36780
4017
36786
4025
4026
4027
36795
36796
36798
4030
801
4033
36804
4036
4038
4039
4044
4046
36816
4050
36820
36821
4054
4055
4056
4057
4058
36829
4062
36831
36832
4064
4067
4073
36843
4077
4078
36845
36848
36849
36850
36851
4080
4083
4086
4079
36856
36857
36858
4091
4088
4087
4094
36863
4097
36866
4101
36869
4105
4108
36877
4110
4109
36882
36886
4118
4119
4120
4122
36890
36892
4125
36887
36888
4131
4132
4134
36903
4137
4138
36907
36912
4151
36920
4153
4155
4156
4158
36927
4160
36929
4161
4159
36937
36938
4172
36944
36945
36947
36949
36950
36951
4185
36954
36955
4190
36958
36960
4193
36962
4194
36961
4197
4200
4201
36970
4203
4204
36969
4206
36974
4205
4211
36982
36988
36990
36994
4228
4229
4230
36999
36996
37001
37002
37003
4234
4237
4239
37007
37009
37010
37011
37013
37015
4255
37025
4258
37028
4261
37032
4267
4268
37041
4273
37043
37044
4277
37046
37048
37050
4282
37052
4285
4283
37055
37056
37059
37060
4293
4295
37064
4298
37070
37072
37077
37078
37079
4312
37080
4316
37085
37086
4326
4327
37096
4329
4330
4331
37102
4334
37104
37105
4337
37107
37108
37109
4342
37111
4349
37120
4354
4356
37125
4358
37127
37128
4360
37135
37137
4370
4372
37140
4375
4377
4378
4379
37146
4382
37152
4386
4387
4388
4392
37163
37165
4398
37166
4400
4399
37167
4405
4406
37176
4410
4411
37183
4418
37187
37189
37191
4424
37192
37194
4426
4428
37196
37202
37203
37208
37210
4444
37212
37214
37216
4448
37218
37217
37220
4453
4452
37223
4459
37229
37230
4463
4464
37233
4469
4470
37239
4472
4475
4477
37247
37248
37253
4486
37257
37265
4501
37269
37271
37272
4504
37274
37278
4511
4512
37283
4516
37285
37291
4526
4528
37297
4535
37305
37306
37307
37308
37309
37310
37311
37316
4549
4550
37319
4552
37322
37324
37325
4559
37331
37332
37333
4564
37335
4568
37336
4570
37337
4572
4569
4571
4574
37344
4577
4578
37346
37341
4582
4583
37350
4590
37358
4592
37359
4595
37364
37365
37367
4601
37370
4605
4607
4608
37380
37385
4618
37386
4626
37395
37397
4630
37399
37406
4639
37409
37410
4645
4646
37415
37417
37418
4651
37420
37421
4654
37423
37424
37425
37426
4659
37419
4663
37433
37434
4668
37437
37438
37439
4673
4675
4679
4682
37456
37459
4693
37462
4696
37464
4699
37467
4702
4703
37471
37473
37470
37475
4708
4709
4707
37477
4712
37480
37482
37484
37485
37487
37488
4720
4721
37493
4727
4728
4729
37498
37499
37500
37501
4734
4737
37505
4740
37513
37515
37516
37517
4751
4753
37523
4758
37527
4759
37531
37532
37533
4765
4766
4767
4769
4763
37534
4772
4774
37543
37542
4777
37546
4784
37553
4786
4788
4789
37559
37562
4795
37566
37568
37569
4805
4807
4808
4810
37578
37581
4813
37585
37586
4819
4822
4823
4825
37594
37597
37598
4836
37605
4838
4839
37609
37610
4844
37612
37613
4846
4849
4850
37622
4855
37631
37633
37635
4868
4869
37642
4875
37644
37645
4878
4881
37649
37654
4887
4889
4895
37664
4896
4900
37668
4902
37672
37674
37680
4912
37684
4917
4918
4919
37687
4922
37690
37697
37698
37700
37701
37702
4934
37707
37708
4940
4950
4954
4956
37725
37726
4960
37729
4961
4967
4969
37738
4973
37746
37747
4980
37750
37752
4985
37756
37757
37758
4991
37760
4993
37763
4997
5000
37769
5003
5008
5010
37779
37783
5016
37785
5017
5020
37789
37788
5021
37791
37793
37796
37797
37798
5033
5034
37803
37804
5037
37808
5041
5043
37811
5045
37813
5046
37817
37821
5053
37823
37825
5059
5061
5063
5064
37833
5065
5069
5070
37839
5072
5071
5076
5084
5085
5086
37856
5088
37863
5097
5100
5101
37870
37869
5105
5106
37874
37876
5108
5110
5111
37880
5107
5119
37887
37889
37890
37892
5129
5130
37898
37900
5132
5135
5136
37903
37906
5143
37912
37916
5150
5151
37921
37922
37923
37924
37925
5162
5164
5167
37941
5173
5175
37944
5177
37947
5181
5185
37955
37956
5191
5192
37961
5193
37964
37967
5201
5207
37976
5208
37979
37980
5214
5215
5216
37985
5218
37982
5226
37997
5230
37999
5233
38002
5236
5243
38013
5246
5248
38016
38018
5249
5252
38022
5255
38029
38031
5263
38032
5266
38034
5268
38033
38038
5271
5272
38041
38039
38043
38044
38040
5278
5279
38048
38049
38051
5287
5288
5292
38061
5296
38066
38067
38068
38070
5302
5303
38076
38077
38078
38079
5314
5315
38083
38085
5319
38087
5323
38092
38093
5324
38095
5327
5329
38098
5326
38099
5333
5334
38103
38096
5338
38107
5340
5341
5342
38111
5345
38114
5348
5349
5351
5354
5356
38124
38127
5360
38129
38130
38131
5367
38137
5370
38138
38141
38144
38151
38154
5386
38156
38159
5392
38164
5398
38167
5400
5402
5406
38174
5407
5409
5411
38180
5413
5414
38181
5415
38185
5412
5416
38182
5421
38190
5419
5424
38193
5429
38202
38204
5436
38206
5439
38207
5441
5444
38215
5448
38219
38220
38222
5455
5456
38224
5458
5461
38231
38233
38234
38235
5468
5469
38238
38243
5477
5478
38249
38253
5486
5491
38260
38262
5494
5500
38270
38272
38274
5506
38278
5515
5517
38285
38288
5521
5522
38289
38292
5526
38296
5529
38298
38297
38300
38301
5533
5530
5535
5539
5540
38311
5544
38318
5550
5552
5553
38322
5555
38320
38323
5558
5556
5560
38326
38330
5554
38332
5565
38335
5568
38337
5571
38340
38342
5575
5578
5580
5581
38350
5583
38352
5582
5586
5584
38349
5592
38360
5594
38364
5598
38370
38376
5609
5611
38380
5613
38382
5615
5618
38388
38389
38390
5620
38392
38393
5625
38398
38399
5636
5639
38410
5645
38414
5646
38417
38419
38420
5651
5656
5657
38425
38427
38428
5670
38439
38442
5675
5678
38447
5680
38448
5684
38452
5686
38456
38457
5694
38462
5696
5698
38466
38467
38469
38470
38471
38472
5703
38474
5707
5708
5705
5710
38478
5712
38477
5714
5715
38479
38489
5721
38495
38496
5729
5728
38499
38497
38502
38503
38504
38506
38508
5740
5741
5742
38513
38514
38515
38522
5757
5760
38529
5763
38531
5766
38536
5770
38540
5773
38544
5777
38546
38547
5780
5781
5782
38550
38553
38555
38557
38562
38565
5799
5800
38574
5809
5818
38589
5821
38591
38593
5825
38594
5828
38597
5830
38599
5831
5829
38598
5836
38606
38608
5840
38612
38613
5849
38618
5856
5859
5861
5862
5864
5867
38639
5872
5871
38641
5876
38645
5877
38647
38649
5882
5883
38652
5885
5886
38654
5888
5889
38656
5887
38662
38664
38665
38666
5899
38667
5900
5902
38670
38671
38673
5906
38668
38677
5910
5909
5913
38686
5920
38689
38688
38691
5924
38692
38695
5928
38696
5929
38697
38701
38704
38705
5939
38707
38709
5942
5945
5947
38717
5952
5954
38722
5961
38730
5963
38731
5965
5966
38735
5967
5970
38739
38740
38741
5973
5977
38745
5979
38748
5980
38750
38751
38753
5988
5990
5993
38762
38765
38766
6001
38769
38771
6007
38780
38781
6014
6018
6019
38791
6026
38794
6028
6033
38804
38805
38807
6040
6041
38810
6044
6046
6047
6048
38817
6053
38823
38826
6058
6060
6059
38830
6063
6069
6070
6071
38842
6076
38845
38847
6080
38849
6092
38861
6093
6100
6105
38874
6109
38878
38879
6112
6113
38884
38885
6118
38887
38888
38889
38890
6121
38893
38895
6127
6129
38898
38905
38906
6140
6142
38910
38913
6146
38917
6151
6154
6155
38924
6158
38929
6162
38932
6166
38935
6170
38938
6172
38942
38943
38944
6177
6179
38948
6185
6186
38958
6190
38960
6193
38962
6194
6196
38965
38966
6192
6195
6199
38970
6208
6211
38981
6214
6217
6220
38989
6223
6224
38994
6227
38997
6230
6231
39003
6235
6236
39006
6240
39008
6242
6244
6250
39019
6252
39021
6253
6256
39024
6259
6262
39032
6265
6267
39036
39037
39038
39039
6271
39040
39044
6277
6278
6279
39047
39049
39050
39046
39052
39053
39055
39057
39059
39060
6294
6295
39066
39068
39070
39071
39072
6305
6306
39077
39082
6317
39086
39089
39090
6323
39092
6325
6326
39095
39096
6327
39099
39101
6334
39105
39106
6338
39107
39109
39108
6343
39112
6345
6347
6349
39118
39119
6352
39121
6353
39123
6354
6356
39126
39127
39129
39133
6368
6373
39141
6376
6377
39145
39147
6379
39146
6382
6383
39152
39153
6385
39157
6390
39159
6392
39161
6394
6391
39160
39162
6398
6399
6402
6404
6405
39175
6409
6411
39180
6416
39185
6417
6422
39191
6424
6432
6433
6435
39205
6442
39211
6444
6446
39215
39216
6449
39218
6448
39220
39221
6447
39223
6456
39228
39229
39230
39231
6462
39233
6464
39235
6461
6471
39241
6476
6478
39247
6481
6482
6483
39249
39252
6487
6490
6493
39262
6496
39267
39269
6502
39271
6504
6506
6507
39276
6508
6510
6511
39281
39282
39283
39285
6518
6519
39288
6520
6517
39297
6530
6531
39300
6533
39301
39299
39304
39307
39308
6542
39313
6547
39321
39322
39324
6557
39326
39329
39332
6566
39339
39344
39346
39347
6580
6581
6582
6585
6589
6594
39362
6596
39365
39366
6598
6600
6601
6606
39374
6608
6615
39384
6617
6618
6619
39389
6622
39390
39393
6626
39395
39396
39397
39398
39399
6635
39404
39406
6640
6641
39411
39412
6645
6648
6650
39419
6653
6654
6655
6656
6658
39432
6666
6668
6669
39438
39436
39439
39441
6673
39445
39448
39455
6687
39457
39463
39464
6697
39468
39470
39471
39472
39473
6706
6707
39475
6710
39480
6712
39482
39483
6716
39486
39488
39489
39491
39492
6726
6728
6729
6730
6731
39500
6733
39504
6736
6738
39506
6741
39509
6743
6742
39513
39514
6744
39516
6750
6751
39520
39521
39519
6757
6758
39525
6761
39530
39533
6765
39535
39536
39538
6771
39540
6773
39542
39545
6781
39550
6782
6784
39553
39551
39557
39558
6791
6792
6794
39566
6798
6801
39571
6804
39574
39575
6808
39579
6815
39583
6816
39584
6817
39589
6825
6826
6828
6829
39601
39603
39604
6837
6836
39609
39614
39616
6851
39620
39621
39623
39624
39625
6856
6858
39628
6865
39634
6867
6866
6872
39640
6874
6876
39645
6878
39647
39648
39649
6881
39651
39652
39653
6884
6888
39657
39660
39661
6897
39666
39668
6902
6907
39675
6909
39678
39679
39680
39682
39683
6916
39686
39687
6918
6921
6923
39691
39695
39696
39697
6930
6932
39700
39705
6940
6941
6950
6952
39724
6956
39729
6962
39730
39731
6965
39734
6969
6972
6973
6976
39745
6978
39747
39749
39751
6986
39759
6992
6994
6995
39762
39765
39767
6999
7000
39770
7006
39774
7009
39777
7011
7013
7014
39783
7019
39787
39789
7022
7025
7026
7027
39793
7029
7030
39799
39802
39805
7038
39807
39810
7044
7045
7046
7047
7048
7049
39813
7051
7053
7057
7058
7059
7060
39826
7062
7063
39833
39834
39836
7068
39838
7075
39845
7077
7079
7082
39852
7086
7091
39860
39861
39863
7095
39865
39866
39864
39868
39869
39871
7107
39875
7109
7108
7111
39880
39881
7113
7115
7116
7121
39891
7127
39895
39897
7130
7131
7132
39899
39903
39904
39907
7139
7142
7143
7144
7149
39920
7153
39923
7156
7157
7159
7160
39931
7164
39933
39936
7169
7171
7173
7174
39942
7177
7178
7179
39946
39948
7185
7187
39959
7195
39969
39971
7204
7208
7211
7213
7214
39983
7216
7217
39986
7219
7220
39989
7222
39994
39996
7229
39997
39998
40002
7234
40003
7237
40006
40007
40008
40009
40010
7243
7247
40022
40025
7258
7264
7266
7267
7270
7272
40041
40040
40042
40044
7275
7278
40047
40048
40049
7280
7283
40051
40055
7293
40064
7297
7299
7303
40073
7305
7309
40077
7311
7312
7313
40084
40086
7319
7320
40087
7321
40091
7322
40093
7327
40097
40098
7332
7335
40104
7339
7340
40111
40112
40113
7345
7346
40115
7352
7354
7356
7360
7363
7365
7366
7369
40138
7370
7371
40144
40145
7378
7380
7381
7382
40149
7384
7385
7386
40155
40154
40152
7390
40151
7392
40153
7387
40159
7396
40165
7401
40171
40173
7407
7408
7409
40178
7411
40177
7414
40185
40187
40189
7427
40196
7428
40199
40201
7434
7435
40206
7438
40209
7447
40216
7449
7450
7451
7452
7454
40226
7462
7463
40232
40230
7466
7467
40236
40234
40239
7472
7473
40242
40240
7476
40245
40246
40247
7480
7481
40251
7485
40256
7490
7491
7493
40262
40269
7503
7505
40275
40276
7509
7510
40281
7513
40283
7516
7517
40284
7520
7521
7523
7525
7527
7530
40298
40300
7534
40303
40304
7538
7539
40308
7541
40309
7540
7545
7548
40317
7549
7553
7555
7557
7558
40327
7560
7562
40331
7565
40334
7567
7566
40340
7573
7576
40346
40349
40350
7581
7586
7587
7589
40359
7596
7597
40367
40369
40372
40373
7606
7609
7616
40384
7617
7619
40388
40389
7622
40393
7629
40398
7635
40407
40410
7643
40411
7645
40415
7648
7647
40417
40420
40421
7654
40424
40426
40429
7662
7661
40433
40434
7667
7671
7672
40442
7676
40444
7678
40445
7680
7681
40449
7683
7686
7688
40457
7689
7691
40460
40458
40459
40462
40464
40463
40466
7699
7700
7706
40475
7708
40477
40478
40476
7709
40484
40485
40487
7719
40489
40490
7720
7724
7726
7727
40498
7730
40499
40503
7736
7741
7742
40515
40516
7749
40518
40519
7755
40524
40528
40533
40535
7768
7769
40539
40540
40542
40543
40544
40545
7781
7782
40551
7784
40549
7787
40556
40557
7789
40558
7791
40562
7795
7797
40566
40568
7800
40570
7803
7804
40573
40575
7808
7809
7815
7817
40587
7819
40590
40591
7824
7826
40598
7831
40601
7835
7839
40607
7841
7842
40608
7844
40613
40615
40616
7850
40620
7852
7853
40621
7857
7859
7861
7865
7866
7867
7868
7873
40643
7879
40648
7882
7883
40653
7887
7888
7889
40660
7893
40662
7895
40665
40666
7899
7898
7901
7905
7906
40675
40673
40677
40679
40680
7913
40689
7921
40698
40700
40701
7937
40709
7942
7941
40710
40713
40714
40715
40718
7952
7955
7956
40725
40726
40727
7959
7962
7963
40732
40733
7964
7967
40734
7971
7972
7973
40741
7974
40744
7979
40748
40747
40752
7984
40754
7987
40758
7991
7992
40759
40763
7996
40765
7998
40769
40772
8004
40773
40775
8010
8011
8018
8019
40787
40786
40788
40791
40792
8025
8022
40796
8029
40797
40799
8033
40801
40802
40806
40807
40809
8041
8043
40811
40820
40826
8060
40828
40830
8065
8069
40837
8071
8072
8073
40839
8078
8079
8081
40852
8084
40855
8088
40857
8090
8091
8092
8098
8100
40868
8101
40871
8106
40879
40880
40882
47203
8116
8114
8118
8119
8121
40891
40894
8128
8132
8134
40905
40907
8139
40909
40913
8147
8149
40918
8151
8153
8154
8155
40923
40926
8160
40932
8166
40935
40936
40934
8170
40937
40940
40941
8174
8177
40945
8181
40951
40952
40955
8187
8189
40958
8188
40960
40961
8194
40964
40965
8199
40969
8203
8207
40975
40979
40980
8214
8216
8218
8219
40986
40989
8222
8223
8224
40994
40997
40998
8229
41000
41005
41006
8240
8242
41012
41013
41020
41023
41025
41026
8258
8259
8260
8261
8262
8264
8265
41034
41035
8272
41040
41043
41044
8277
8276
41045
8280
41046
8285
8287
8288
8289
41056
8293
8297
41066
41069
41071
8304
41073
41074
8307
41076
41077
8309
8310
41082
41084
41086
41087
8320
8324
41092
41095
41098
41099
8333
41102
8335
8336
41107
8340
8344
41113
8347
41116
41121
8353
41123
8356
41125
41126
8358
8360
41130
41131
8369
8370
41139
8372
8373
8374
41143
41142
8377
8378
8371
41146
41149
8386
41154
8390
8391
41162
41164
41167
8400
41168
41175
8408
8410
8411
41178
8412
41182
8414
41188
8420
41190
8421
41192
41194
8427
41195
41198
8431
41200
41199
8436
41211
41213
41217
41218
8452
41221
8455
41223
8457
41229
41231
41233
41234
8467
41236
41235
8466
8471
41238
8473
8474
41240
8475
8477
8478
8481
41250
8484
8485
8486
41254
8488
41257
8494
41263
41264
8497
8500
41269
41272
41275
8511
8513
8519
8522
8524
8526
41296
8530
8532
41302
41303
41304
8536
41307
8540
41308
41309
41311
8544
8543
8545
41318
41321
8558
41327
41328
41332
8567
8569
8571
41342
41345
8580
8585
41356
8589
41358
8588
41360
41364
8597
41365
8596
8601
8602
41375
41382
8614
8617
8622
8623
41394
41395
8630
41401
41402
8634
41405
8638
8640
8641
41410
8644
41414
8648
8649
8651
8653
8655
41423
41425
8656
8660
41429
41430
8663
8662
41431
8664
41435
41434
8671
41440
8674
8676
41446
41448
41451
41452
41454
41456
41457
41458
8694
41463
8695
41467
8702
41470
41472
41475
41480
41481
8718
8720
41490
41492
8730
8734
8736
8737
41508
41509
8740
41511
41512
8744
8746
8750
8752
41522
8755
41523
8757
41526
8759
41527
41533
41535
41536
8769
8767
8768
8771
41543
41545
41547
8780
41550
41551
8782
41554
41556
8789
41559
8792
41561
41562
41564
41565
8799
8802
8803
8806
8808
41577
8812
8815
8816
41588
41589
41591
8824
41594
8827
41599
41600
41603
8836
8839
41611
8844
8845
8846
8847
8848
8850
8851
41620
8853
41622
8855
41621
41623
8858
41628
8860
8862
8863
8866
41635
41636
41637
8870
41639
8874
41642
41644
8875
41646
8881
8882
41649
8888
41657
8889
8892
41661
8894
41664
41665
41669
41671
41673
8907
8908
41675
8910
41677
41680
8912
41684
41687
41690
8922
8923
41697
8931
8932
41702
41705
8937
8938
41706
8942
8947
41716
41718
41721
41724
41725
8957
41728
41729
8962
8963
41733
41734
8967
41735
8969
41737
8971
41740
41741
41743
8976
41745
8977
8978
8979
8983
8984
8985
41756
8989
41759
8994
41764
8997
8998
41767
41769
9004
41772
41775
9011
41781
41782
9014
41784
9019
41788
9021
9023
41792
41797
9029
41798
41800
41801
41799
9031
41804
9037
41806
9039
41808
9035
41805
41814
9048
9050
9051
9052
41821
41826
9059
41828
41829
41831
9063
41838
41839
41842
41843
9077
9078
41845
9080
41849
41850
41851
41852
41853
9085
9089
41859
9093
9094
41864
41866
41868
41869
9101
41871
9104
41873
41875
9112
41882
41883
41884
41886
9120
41888
41890
9123
41892
9121
41896
41897
9130
41900
41902
41909
41910
41912
9144
41914
9151
41921
9158
41933
9166
41937
41940
9175
9176
9178
9180
9181
9183
41953
9188
41956
41960
9199
41970
9202
9205
41975
9209
9210
9212
41986
9219
41990
41991
9222
41993
9224
41995
41999
42001
9235
9236
42004
42009
9241
42011
42012
42014
42015
9248
42016
9250
9249
42020
42019
9253
42026
9259
42028
42029
42032
42036
42041
9274
9275
42044
42045
9280
9281
42050
9284
9288
9289
42057
9292
9293
9294
9296
42064
9299
42068
9300
9307
42076
42077
42079
9312
42081
42082
9317
9318
42087
9320
42089
9323
42092
42091
9326
42095
42096
42098
9331
9333
9334
42104
9337
9340
42108
9341
42110
42112
9345
9348
42117
9350
42116
42120
9354
9355
9356
9357
9358
42128
42132
9366
42135
9368
42134
42138
42141
42144
9378
42146
9380
42148
9383
42152
42151
9385
9388
9389
9390
9392
9393
9395
42163
9397
42168
42169
42170
9404
9408
42177
42180
42181
9416
42185
9417
42186
9418
9421
9422
9423
42192
42196
9429
42198
9433
42202
42204
9437
9439
9440
42209
42212
9444
9448
9449
42217
42218
42219
9453
42222
9455
9456
9458
42230
42231
42239
9472
42241
42242
9475
9476
42245
42240
9477
9480
9481
9482
9483
42252
42253
9485
9489
42258
9491
9492
9493
42262
9495
9498
42267
9503
42272
42276
9511
42283
42285
9518
9519
42287
42288
9521
9523
42293
9525
9528
9529
9531
9533
42302
9534
42304
9537
9538
42306
42309
9545
9551
42320
9552
9556
9558
9560
9563
9565
9569
9570
42341
9574
9576
42344
9581
9583
9585
42354
42358
9590
42361
9594
42362
42363
9597
9598
42370
9603
9604
9605
42374
9607
42375
42376
9612
9614
42382
9618
42390
42391
42393
42399
9634
9635
42404
42405
9639
9640
42409
9648
9649
9652
9653
42424
9657
42430
42431
9664
42433
9663
9667
42435
9670
42438
9674
9675
9677
42445
42447
42448
9678
9682
42450
9681
9685
42454
9687
42456
9688
42451
9694
42463
9696
9697
42466
9699
42468
9700
9698
9704
9707
9709
42478
42480
42481
9712
42484
42485
9719
42488
9722
42491
9724
42493
9727
42496
9729
9732
42501
42503
42504
42505
9737
42508
42509
9744
9745
9750
42519
9751
42521
42522
42524
9757
42527
9760
42528
9761
9763
42531
42533
42532
9767
42537
9770
42541
42545
42546
42547
9780
9778
42551
42552
9788
9790
42559
9793
9794
42564
9798
42566
42568
42567
42570
42571
9805
42577
42580
42582
9815
42584
9817
9818
9819
42589
42591
42592
42593
42594
9828
9831
42601
42604
42608
9842
42612
42614
42615
42620
9854
9856
42625
42626
42627
42628
9861
9865
9873
9876
42645
42646
9878
9881
9883
42651
42653
9888
9889
42657
42659
9892
42660
42661
42663
9896
9900
9901
9903
9904
9905
9906
9907
42675
9909
9910
9914
42682
9916
9917
9920
9926
9927
9929
42703
42705
42706
42708
9941
42710
9942
9944
42716
42717
42718
42721
42722
42724
9957
9958
42729
9963
9967
42736
9968
9970
42740
42741
9974
9973
9976
42745
42743
42744
42746
42748
9985
9986
9987
9992
9993
42762
9995
42764
9999
10003
42776
10009
42778
42779
10008
10014
42784
10017
42786
10016
42791
42792
10027
42797
42798
42800
42801
42803
42804
10035
42806
10039
10043
42811
42813
42817
10052
10053
10054
42820
42821
10057
42825
42827
10060
10063
10064
42832
10068
42838
10071
42839
10079
42848
10081
42853
10085
42856
10093
42862
10095
10097
42867
10101
42869
42874
10106
42876
42877
10109
10111
10112
10110
42881
42883
42880
10118
42889
42890
42891
42892
10125
42894
10135
10137
42909
10143
10145
10150
10155
42923
42927
10160
42929
42928
42935
42937
10169
42939
42940
42942
10175
10180
10181
42949
42953
10186
10187
10188
42956
10190
42959
10192
42961
10193
42965
10200
42969
10204
42973
10206
42972
42978
10212
10213
42982
42984
42986
42987
10220
42990
42991
42992
42993
10226
42995
10228
10229
42998
42999
10233
43002
10235
43001
43005
10239
10240
10243
43012
10246
43018
10250
43023
43025
10258
10260
43031
10265
10266
43035
10267
43037
43038
43036
43033
10271
43042
10275
43044
43040
10279
10282
43053
10286
10287
43056
10288
43055
43057
43059
10293
10295
43065
10298
10302
43070
10304
43073
43077
10310
10314
10315
43082
43085
43086
43088
43091
10323
43093
10324
10327
43098
10330
43099
10336
43105
43108
43110
10343
43113
43114
43115
43117
10350
43123
10359
10361
43133
10366
43135
10368
43142
10374
10377
10378
10379
10380
10381
10382
43153
43154
43155
43156
43157
10389
43160
10393
43162
10397
43166
43167
43172
43173
10406
43177
10414
10418
43187
43189
10422
10423
43192
10426
43195
10428
43198
10432
10433
10434
10435
43204
10439
43210
43213
43214
10447
10445
43217
10449
10454
43223
10455
10457
10459
43229
10461
10463
10464
43237
43238
43241
10474
43243
10476
10479
10480
43248
10484
43252
10486
10487
10488
43259
43260
43262
10495
10499
43269
10501
10503
10505
10507
10508
10512
10513
10514
10515
43283
10518
43286
10521
10523
10526
43295
10527
10528
43297
43300
10532
10534
43302
43308
10543
43312
43311
10548
10551
43319
10554
43324
10564
10565
10567
43337
10570
10571
10574
10577
10578
10579
43347
43349
10582
10584
10587
43355
10588
10589
43363
43364
10597
43366
43367
43368
10601
43370
43374
43375
10606
10609
10612
43385
43388
43389
10628
43399
43400
43403
43407
43409
10641
43412
43414
43416
43417
10650
10651
10652
43420
43422
10656
43425
43424
10660
10661
43431
43434
10666
10668
43437
43436
43439
10670
43441
43442
10669
43445
10678
10679
43446
43450
10683
43456
10692
10693
10694
43463
43464
43467
43468
10703
43471
43474
43475
43476
10710
10711
43479
10713
10714
43480
43485
43490
10723
10724
10726
43496
43497
10731
43500
10732
10735
43503
10736
43504
43508
10741
43511
43512
10746
10748
43519
43520
10756
10759
43528
10761
10764
43533
10767
43535
43537
43540
10775
10776
43545
43546
10778
10783
10786
10787
10788
10789
10790
43556
43564
10798
43567
10800
43569
43571
10803
10804
10810
10811
10813
10814
43582
43581
43585
43586
10819
10820
43589
10822
43583
10824
43593
43594
43595
43592
43590
43599
10832
10833
43602
10839
10840
43608
10841
43613
10846
10847
43615
43617
10852
43620
10855
43628
10860
43632
10872
43645
43647
10885
43653
10891
43660
43661
43662
43659
43663
10897
10895
10899
43668
10900
43667
43671
43669
43673
10906
10905
43675
10909
10911
10912
43681
10919
10920
43689
10924
43692
10925
43697
43698
10932
43702
43703
10936
10937
10940
43709
10942
10946
10949
43718
10952
10954
43726
10959
10960
43731
34744
10968
43742
43743
43744
10976
10978
10979
43747
10981
10982
43753
43754
43756
43757
10989
43761
10993
43763
43767
43768
11002
43771
11004
43773
11006
11007
43776
43770
11005
43779
11011
11012
11016
43785
11017
11021
11022
43790
11026
11027
43796
11030
43799
43800
11034
11035
11036
43805
43806
43807
11038
43809
11042
43812
43813
43814
11051
43822
11056
43826
11058
11060
43829
11062
11063
43832
43831
11066
43827
11069
43840
11073
43842
43841
43843
11077
11078
11079
43847
11081
43848
43851
11083
43855
43856
43860
43865
11098
43867
43871
43873
43874
43875
11108
11109
43880
43884
11116
43886
11119
11120
11121
43890
43885
11123
43894
43896
43897
43902
43904
11140
43915
11149
11150
43920
43922
43923
43924
11157
11156
43929
43931
43933
11166
43936
11169
11168
11173
11174
11175
43942
11177
43945
43947
11180
43950
11183
11184
11187
43955
43957
43956
11188
11189
11193
11195
43966
11198
43968
11201
11202
43976
11211
43979
43982
11215
11214
11217
43986
43987
43988
43990
11222
11223
11225
43994
11224
43996
11226
11228
43999
44001
11235
11236
11237
44006
11239
44008
11240
11243
44012
11245
44014
11248
11249
44020
11253
11252
11256
11259
44028
11269
11271
44040
11276
11278
11280
44048
11285
11286
44055
11288
44062
11295
11294
44067
11301
44071
44072
11305
44073
11312
44084
11317
11319
11322
44090
11323
11326
44095
44100
44103
44104
11337
44106
11339
11340
11341
44107
11344
44113
11345
44116
11349
44118
11350
44120
11353
11351
44123
11356
44128
11361
11362
44131
44129
11366
44137
11371
44140
11376
44145
11379
11380
44149
11381
44150
44152
44147
11386
44154
44155
44159
11393
44161
44166
11400
44168
44169
44172
11405
44175
44176
11409
44178
44179
11412
44180
11415
44184
11419
11420
11422
44191
11425
11426
11428
44196
44197
11431
44201
11436
11439
44207
11441
11443
11445
11447
44217
44222
44223
44226
44229
44230
11463
11464
44234
11467
11466
44237
44235
44239
11471
11474
11475
11476
11479
11483
44252
44255
11487
44257
11490
44258
44256
44261
11493
44263
11489
11497
44265
11499
44268
11503
11507
44276
44277
11509
11510
11513
11514
44284
11518
11519
44288
11521
11524
44293
11526
44295
11528
44296
11529
11535
44304
11536
11538
44307
44310
44311
11543
11545
44317
44318
11554
11559
44328
11560
44329
11564
44334
44335
11568
11571
11572
11574
44342
44344
11577
44346
44345
11580
11583
44354
11587
11588
44358
44359
11591
11593
11596
44366
44368
44373
11606
11614
44382
11615
11617
11619
11621
44390
11623
11622
11625
44393
44392
11628
11629
44398
11626
11632
44399
44402
11635
11636
44404
44406
11639
44407
11641
11642
44416
44417
11650
11651
11652
44421
44422
11655
44423
11657
44426
11659
11662
44431
44430
44432
44433
44435
11668
44439
11671
11675
44443
11679
11680
44447
11684
11689
11690
44459
44461
44463
11695
11697
44466
44465
44468
44467
11702
11706
44475
11708
11707
11710
11711
11712
44478
44482
44485
44490
11723
11724
44492
11722
11725
11731
11732
44500
44504
11737
11736
11739
11738
11741
44510
44512
44513
11748
44518
11750
11752
44522
44523
11756
11758
11760
11762
11766
11768
44538
11770
44540
11775
44544
11776
44545
11779
11782
11783
44555
44557
11789
11792
11795
11799
44570
11804
44574
11807
11808
11809
44578
11812
11813
44582
44580
44584
11816
11818
11820
44590
11823
44593
11826
11827
44596
11825
44597
44600
11833
11835
11836
11838
44607
44608
11841
44609
11839
11845
11848
44618
11852
44624
44627
44628
44632
44633
44635
11868
44636
11870
11872
11873
11875
11876
11878
11882
11885
11886
11887
11895
44666
11899
11902
44670
11904
44673
44674
44675
44676
11909
44677
44680
44683
44684
11917
44686
44687
11920
44688
11918
11924
44694
44695
11927
11928
11933
44703
44704
44705
44707
11939
44708
11944
11949
44718
11953
11957
11958
44730
11963
11965
44735
11969
44738
44740
44741
44743
11976
44746
44747
44748
11982
44751
44753
11989
11990
11991
44760
44757
11995
11998
11999
44774
12007
44776
12013
44782
44783
44784
44785
12018
12019
12020
12016
12021
44789
44792
44793
12026
44794
44796
44797
44795
44798
12027
12036
44805
12045
12046
44815
44816
44817
44813
44820
12053
44821
12055
44824
12057
12056
12058
12060
12059
12062
44831
12065
44834
44833
44837
12070
12073
44842
12075
12074
12079
12080
12081
44848
44847
44853
44856
44857
44860
44864
44865
44866
44867
12100
12106
44885
12118
44892
44893
12128
12129
44898
44899
44900
12130
44903
44904
44906
44907
12140
12141
44910
12139
12144
44917
12149
44918
44921
12156
44925
12158
44926
12157
12161
44930
12163
44927
44933
12165
12167
12173
44943
12178
44948
12182
44953
12186
44954
12188
44957
12200
12201
12202
44972
12205
44977
12210
44980
12215
44985
12219
44988
12222
12223
12225
12226
44995
12228
44997
44998
44999
12230
12233
12235
12236
45006
12242
45011
12244
45012
45013
45015
12246
45018
12252
45022
45023
12256
12258
12262
45032
12265
12269
45038
12271
12270
45039
45042
45043
12274
12273
45046
12281
12284
12288
45057
45061
12294
45062
12297
45066
12299
12300
45072
12308
45078
12310
45080
45083
12316
12317
12318
12319
12321
45091
12323
12325
12327
12328
45102
12335
12336
12337
45106
12340
45110
45111
45112
12345
45114
12343
45116
45113
12349
45120
12352
45123
45124
12355
45125
12363
45135
45139
45140
12371
12374
45143
45144
12377
45147
12380
45152
45156
45157
45158
12391
12390
45163
45164
45165
12398
12399
45169
12407
12409
45178
45180
45181
12414
45182
45183
12420
45191
45192
45194
45197
45203
45204
45205
45207
12442
45211
45210
45215
45217
12449
12452
45221
12459
12465
45233
45236
12469
45238
12473
45242
12476
45244
45246
12482
45251
45253
45255
45256
12491
12493
12496
12501
45269
45271
45272
12505
45273
12507
12508
45277
12515
45285
12518
45288
45290
45294
45296
12529
12532
12533
12534
45304
45306
12538
45309
12542
45312
12545
45314
12546
12549
12550
45319
12551
45321
12553
12557
45325
12559
45328
45330
45331
12569
45338
45339
12570
45341
12571
45344
45345
45346
12579
45347
45349
45351
12584
12583
12586
12587
45357
45359
12593
45361
45362
45364
12597
12596
45367
12600
12601
45370
45374
12609
12610
12611
12612
12613
12614
45380
12615
12617
12618
12619
12620
45389
12623
12625
45404
12637
12638
12640
12641
12642
45408
45412
45413
45414
12647
45417
12651
45420
12653
45421
12655
12657
12659
45429
12663
12668
45436
12669
45439
45440
12672
45441
12677
12681
45449
45451
45453
45454
45455
12690
12693
12696
12697
45467
45469
45470
45471
12703
12705
45473
12710
45479
45478
12713
45482
45481
12716
12720
45489
12724
45499
12733
12735
12739
45509
12741
45511
45512
45513
12747
45516
45515
12750
45519
45520
12751
12752
45521
12754
45525
12758
12757
45529
12764
12765
12769
12770
12771
45542
12776
45545
45546
12780
45550
45551
12785
12786
45553
12790
12791
12792
45563
12796
45565
12798
45564
45570
45571
12802
45574
12808
12809
45578
12811
45579
45581
45583
12815
12818
45587
12823
12825
45594
12828
12829
45599
45601
45602
45606
12839
45615
45616
12849
12851
12852
12853
12854
45624
12858
12860
45629
12869
12870
12874
12877
12883
45652
12884
12886
45657
12892
45661
45660
45663
45664
12897
45669
12903
12906
12908
12911
45681
12913
12915
45682
45685
45686
45689
12925
45695
12928
12927
45698
12931
12936
45705
12939
45711
12944
45715
45716
12952
45721
12956
12959
12961
45730
45731
45732
12965
12966
45735
45737
12970
12971
45741
45742
12974
45744
12977
45748
12981
45757
45759
12991
12992
45762
12994
12996
45765
45766
12999
13001
45770
13004
13005
13007
13009
45779
45780
13013
45783
45789
45792
45793
13028
13030
45799
45801
45806
13040
45810
13043
45812
45814
45815
13048
45818
13051
45819
13053
13054
13055
13052
13057
13058
45828
45830
45831
45832
13063
45835
13068
45836
13070
13071
13072
45838
45843
13075
45845
13076
45847
13077
13081
45850
13083
45852
13085
13086
45854
45857
45858
45859
13090
13093
45863
45869
13102
13104
45872
45875
45878
13111
13112
45881
13110
45884
45885
45886
45887
13120
13121
13123
45892
45893
13126
45895
13128
45898
13132
13134
45903
13136
13137
13139
13141
45910
13143
13142
45911
45909
13147
45915
45916
45918
45921
13153
13154
45924
13158
13159
45927
45931
45934
13166
13169
13173
13174
45941
13177
13187
45956
13189
13190
45960
45961
13192
45963
13195
45967
45968
45969
13202
13203
45972
45973
13206
13200
45976
45980
13213
13214
13215
13216
45983
45991
13223
13228
45997
13230
13229
13236
46005
13237
46009
13244
46013
46014
13245
13248
46016
13249
13251
13246
13252
13254
46025
13260
46034
46035
46039
13277
46048
13281
46052
46053
46054
13286
46056
13289
46062
46063
46064
13298
13299
46070
13302
13303
13307
46075
13311
13312
13313
13314
13316
46088
13321
46092
13324
46094
46095
13328
13329
13333
13334
46103
13337
46107
13340
46113
13345
13347
13350
46120
13352
46123
46124
46126
13359
46128
13360
46130
13367
46138
46142
13375
13376
46145
46151
13385
46154
13389
46157
46159
13392
46162
46163
13394
13398
46168
13401
13402
46171
46176
13410
13411
46179
46182
13415
13418
13419
13420
46194
13430
46200
46201
13434
46203
13436
13437
46205
13439
46207
46208
46206
13435
46204
46213
46215
13447
46217
13448
13451
46222
13455
46225
13461
46231
13463
46233
46234
13467
46235
13465
13470
46239
46240
46241
13471
13473
46242
46245
46247
46249
13483
46251
13486
13487
13490
13491
13492
46264
46265
13497
46267
46270
13504
13505
13506
46275
46276
46277
13513
46282
46281
13516
13519
46289
13524
46293
13525
13527
46296
13530
13532
46301
46303
46306
46307
13541
46312
46313
13546
46315
13547
46317
13551
13552
46321
13555
46325
13559
46328
13561
46329
13563
13565
46333
46335
46342
13574
13578
13579
46349
13582
13585
46354
13586
46357
46360
46361
13594
13592
13595
13593
46365
13600
46369
13602
46371
46370
13603
46374
46372
46376
46377
46378
13605
13612
46381
46382
13615
46384
13608
13609
13619
13620
13621
46386
13624
13626
46395
13627
13630
46399
13632
13634
46406
13639
46407
13643
46412
13646
13648
13649
46416
13652
46423
46424
13658
46432
13664
13666
13668
46438
13671
46440
46441
13673
46443
13676
13674
13679
46447
46448
13682
13683
46453
13686
13685
13689
46466
46468
46469
13701
46475
46478
13711
46479
13713
46481
46483
46484
13717
13715
13719
46488
46489
46487
13725
13731
13732
13735
13738
46509
13742
46511
46512
46510
46514
13750
13752
13754
46524
46525
13758
46527
13759
13761
13756
46531
46532
13768
46539
13772
46541
46542
46544
46545
13777
46549
13785
46554
46553
46557
46560
13793
13794
13796
13802
46571
46572
46573
13806
46577
13811
13814
13815
13816
46584
13819
46588
46587
13822
13823
13820
13824
13825
13827
46593
13829
13830
46600
13835
13836
46604
46608
13840
13842
13841
13844
46613
46614
46615
13848
46617
13846
46619
13852
13853
13857
46626
13859
13860
13861
13862
46632
46642
13879
13880
46647
13882
46653
13885
46655
13890
46664
13898
46669
13904
46673
46674
46675
46677
13911
13912
46682
46683
13914
13915
46684
13920
13922
13923
13925
13932
13934
13936
13937
13938
46706
46708
13942
46710
46712
46713
46716
46717
13950
13949
46720
46721
13948
13955
13956
46725
13953
46727
13954
13961
46724
13960
13965
46734
46736
13970
46740
13973
13972
13974
46742
13978
46749
13981
13983
46750
13986
13988
46757
13990
46763
13996
13997
46766
13998
13999
46769
46770
14001
14007
46778
46779
14012
14023
14027
14029
46797
14031
46799
14033
14034
46805
46807
14040
14042
14044
46813
46818
14050
46819
14052
46822
14054
14051
46825
46827
46831
46833
46835
46836
14069
46842
46843
14076
14079
14084
46853
14085
14087
46856
14086
46864
46868
14101
46869
46872
14106
14107
46874
46876
46881
14116
14117
14120
14121
46890
14125
46895
46896
14127
14130
14131
14132
46901
46902
14135
46905
46907
14139
46910
14143
46911
14150
46919
14153
46922
46923
46924
14155
14156
14159
46926
46929
46930
14161
14163
14166
46935
46937
46940
14174
46945
46947
46948
14181
14182
14180
46950
14185
46953
14187
46960
46961
46967
14202
46971
14209
46980
14213
46981
14216
14219
46988
14221
46991
46992
14225
14223
46995
14227
46997
14231
14237
47006
47009
14241
14246
47014
47018
14251
14253
14254
47022
14259
14268
47039
14273
47042
14275
14276
47046
47047
14282
47054
47056
47059
47062
47063
14294
14297
14299
47074
14309
14310
14312
14313
47082
14315
14317
14319
14320
14322
47091
47092
47093
47095
47096
14329
14330
47098
47099
47102
47103
14335
14337
47106
47104
14343
47111
14351
47122
14354
14355
14358
14360
47131
14365
47133
14366
47135
14368
47134
47136
14369
14373
14377
14378
14379
14380
47150
14383
47152
14382
14386
14388
14389
47156
47158
47157
14394
47163
14400
47170
47171
47172
47173
14404
14406
47176
14408
14405
47182
47183
47184
14416
14419
47190
47191
14423
14425
47196
14429
14432
14433
14434
47201
47202
47205
14435
47207
47208
47209
14442
47211
14439
14445
47215
47216
14450
47220
14453
14454
47221
47222
14455
47224
47228
47230
14463
47236
14469
14476
14477
47246
47248
14481
14486
14487
47258
14491
47259
14494
14498
14499
47267
47268
14502
47271
14504
14503
47274
14507
47276
14509
47288
47289
14520
47292
47294
47295
47296
47297
47298
14532
47301
14534
14536
14537
47304
14539
47308
47309
47310
47313
47316
14550
14554
47325
14559
47329
47330
47334
14568
47337
47336
14571
14573
14574
14575
14577
14578
14580
14588
47357
47358
47359
47361
47362
14595
47366
14600
47369
47368
14603
14601
14605
47375
47379
14612
47382
47386
14619
47387
47390
14909
47392
14624
14627
47396
14629
47399
47408
14640
47409
14644
14646
47416
14650
47419
14655
14657
14661
47431
47434
47437
14669
47439
14672
47438
47440
47443
47444
14677
14675
14678
47452
47455
14691
14695
14696
14698
47468
14701
14702
14706
14707
14708
14709
47479
14712
14714
14716
14720
47489
14722
14723
47492
47488
47494
14727
47500
14734
47505
14739
47507
47509
14745
14746
47518
14752
14754
14755
14756
47524
47525
14759
14760
14758
47534
14767
14768
14774
14775
47544
14777
14778
14781
14784
47555
47556
14787
47557
47560
14796
47565
14798
47566
14801
14802
14803
14808
47577
14811
14812
47582
14815
47585
14820
47589
14824
14825
47594
14827
47595
14833
47603
47604
14837
47606
14835
14841
14842
14843
47612
14845
14848
14849
14850
47617
47620
47621
14854
47625
47627
14859
14861
47629
14862
47632
14866
47634
14867
14868
47637
47640
47642
14875
14876
14877
47646
47647
14883
14890
47659
14892
14894
47662
14899
47667
47668
47670
14903
47672
14906
47674
47677
47678
47679
14911
47681
14910
14915
14916
47682
14918
47689
14922
47691
47693
47695
14927
14929
14930
14931
47698
14933
47699
47703
47704
47705
47706
47707
47710
14950
47719
47720
14954
14955
47725
47727
14959
47730
14962
14964
14965
47733
47739
47740
14973
14975
47744
14978
47749
14983
47753
14987
47756
47759
47761
47762
47763
47764
47769
15003
47773
15008
47777
47778
15010
47781
15013
47783
15017
15019
15023
47792
15026
15029
15032
47800
15034
47804
15036
15039
47808
15041
15042
47812
15044
47814
47816
15050
47819
15053
15054
47823
47824
15058
15059
47832
47833
15065
15067
47840
47841
47843
15076
47844
47847
47848
47849
47850
15084
15085
47857
15092
47865
15098
47868
47870
15102
47872
47877
47878
15109
47881
15114
47882
47885
15119
47888
15124
15125
47894
15129
47898
47899
15132
15133
47903
15136
47905
47906
15139
47908
47909
47912
15146
15147
47918
47919
47920
47925
15158
15157
15160
47929
47930
15162
15163
47935
47936
15168
47937
15171
47939
15175
47943
15177
47945
15184
15185
47954
47952
15188
47957
15189
15191
47956
15192
15195
47965
15202
15206
47976
15211
47980
15214
15216
15217
15218
15219
47986
15223
47991
15225
15228
47997
47998
15230
15232
15233
48002
15235
15236
48005
48006
15240
48009
15244
48014
48015
48016
15252
48021
15255
15258
15259
15262
48030
48033
15266
48036
15269
48038
48039
15273
48045
15278
48047
15279
48050
15282
15285
48054
48053
48056
15286
48058
15291
15292
48062
15297
48066
15302
15303
15304
48073
48074
15307
48077
15312
15313
48082
15314
15318
48087
15320
48088
48090
48086
15324
15323
15326
48089
48102
48103
15336
15341
15343
48119
48120
15352
15360
48131
48141
15379
15380
48147
48149
15383
48151
15385
48148
48154
48156
48157
48160
15393
48161
48162
15396
48167
15400
48170
15402
15407
48176
15412
48181
48183
15416
15417
15422
48191
15425
48195
15429
48199
15432
48200
48204
48208
15443
15445
48213
48215
48217
48218
15450
48220
15452
48226
48227
15463
48232
48233
48239
15474
48243
48244
15477
48246
48247
48248
48249
15483
48253
48255
15487
48259
15492
48261
48263
48264
15497
48266
48270
15503
15506
48279
48285
15519
48288
15527
48295
15529
48298
15530
48301
48302
15542
15544
48314
48315
15547
48319
48320
15552
15554
15556
15557
48327
15561
48330
15564
48333
15570
48338
15572
15574
15576
48345
48346
48347
15578
15581
15583
15584
48354
15589
48358
15591
48360
48361
15593
48362
48364
48365
15598
15603
48374
15609
15610
48378
15612
48381
15615
48384
48383
15620
48391
48392
15626
48395
15628
48397
15631
15632
48404
15640
15641
48410
15642
48412
15645
15650
15651
15652
15653
48421
15654
15656
15657
15658
48427
15661
15664
48435
15673
48444
15677
15678
48447
15679
48448
15682
48452
48453
15689
48463
48464
15697
15698
15696
15702
15703
48472
48474
15706
48476
15711
15713
48482
48483
48484
15718
48489
15722
15723
15724
48493
48494
48495
15728
48499
48501
15734
48502
15736
48505
15737
15739
48508
15735
48510
48512
15745
48519
15753
48522
15754
15755
48523
15761
48530
48531
48533
48534
15766
48535
15769
48538
48540
48541
15772
15775
48543
15774
15779
48549
48550
48553
15788
48556
15790
48557
48560
48566
48571
15804
48572
48574
15807
15808
48576
48575
48580
15813
15814
48583
15817
48587
15820
48589
15822
15824
15825
48594
48595
48596
15829
48599
48607
48608
48611
15846
48617
48618
15849
15853
15858
48627
15860
48630
48632
48635
48638
48639
15873
15882
48651
15884
48653
15886
15888
48657
15890
48659
48660
15891
48662
15895
48658
48666
15902
48673
48674
48676
48677
15910
48678
15913
48681
48683
48687
15920
15919
48692
48694
15929
48697
48699
48702
15937
15939
48708
15941
48709
15944
15950
48720
15952
48722
48723
15960
48730
48733
15967
48737
48739
48741
48744
15977
48748
15981
48750
15982
48752
15980
15987
48757
48758
15989
15995
48765
16002
16004
48772
16005
48775
16010
48782
16015
48784
48785
16014
16017
48796
48799
48800
16034
16037
48810
16043
48813
48814
16049
16053
48822
16056
16057
48830
48833
16066
48835
16067
16069
48841
48842
48845
48846
48848
48849
48850
48852
16087
48858
16091
16093
48862
16097
16098
48866
16101
48872
16105
48874
16109
16111
16113
48882
16116
48885
48884
16121
16123
48893
48895
16130
16131
16132
48901
48902
16134
48904
48906
48907
16145
16147
16150
16153
48922
48924
16157
48926
16160
48928
48933
48934
48935
48936
48939
48942
48944
16177
16176
16178
48948
16182
48951
48952
48953
16185
48957
16190
16189
48960
48961
16196
16197
48967
16199
16201
16202
16207
48976
16209
16210
48978
16213
48983
16216
16217
16221
48990
48991
16225
49001
16233
16236
16238
16239
49009
16243
16245
16246
49017
16250
16249
49020
49021
49018
16255
16259
49032
16268
16270
49039
16273
49042
16274
49044
16277
49046
16279
16280
49048
49050
16282
16284
49053
49054
49055
49056
49058
16295
16299
49067
49069
16300
16304
16305
16306
49075
16311
49079
49082
16314
16316
16318
16319
49089
16321
49091
16324
49092
49094
49093
49099
16331
49101
16334
49104
16337
16338
16339
49106
16341
49105
49117
49118
16351
16352
49121
16356
49126
16360
49130
16363
49133
16369
49137
49139
16372
49140
16374
16375
49138
16377
49148
49149
16382
16389
49159
16392
49160
49162
16395
49164
16397
16398
16393
16400
49169
16402
16401
16404
16403
16409
16410
16411
16413
49183
16415
16419
49188
49189
16422
49191
16427
16431
16436
49205
16439
16440
16441
16443
49212
16446
49218
49220
49223
49224
16456
16455
16459
49230
16465
49234
16467
16469
16470
49238
49239
16474
16476
49245
16481
16482
49251
49252
16487
49255
49259
49260
16493
49263
16496
16497
16498
16502
49271
49272
49273
49275
16510
16512
16513
49288
16521
49290
49291
16524
49295
16528
16530
16531
49298
49301
16536
49304
16541
16542
16543
16544
16545
16547
16548
49316
49318
49320
49322
16555
49324
49325
16557
16559
49328
16561
16567
16569
16570
16572
16573
16577
16578
16579
16580
16581
16582
49351
49347
49358
16593
16594
49363
49364
16597
49366
16603
49371
49379
49380
49384
49385
49391
16624
16626
16627
49396
49398
16632
16634
16636
49405
16639
49407
16641
49410
16647
16652
49424
16659
49428
16662
49438
16673
16675
49443
49444
16678
49447
16680
49448
16686
16692
16693
16694
49464
16696
16698
49467
16700
49466
49470
49468
49472
16701
49474
16706
16704
16709
49476
16703
49480
16714
49493
49494
49495
16726
49497
16729
16733
16734
16735
49505
49508
16741
49509
49511
49512
16743
16746
49510
16748
16751
49519
16757
16760
16761
16763
16764
49536
16769
49539
49541
49545
16778
49547
16780
16781
16782
49550
16784
16785
49549
49555
49548
16789
49558
16791
16795
16796
16797
16801
49570
49571
16804
16807
49576
49579
49584
16819
49589
16825
49594
16827
49600
49602
49603
16836
16837
16835
49609
16842
16846
16860
49630
16862
16867
49637
49639
16873
49644
16877
49645
49647
49649
16884
49653
16886
16887
49656
16888
49659
49660
49661
49663
16896
16897
49666
16898
16905
49673
16908
49678
16912
49681
49682
16915
16916
16918
49686
16919
49689
49690
16932
16933
49701
16934
16938
49707
16939
16943
49712
49714
16947
16950
16953
16955
49724
49725
49726
49729
49730
16965
16967
49736
16969
16968
16971
16972
49741
49742
49743
49747
16983
16986
16987
16988
49757
49758
49756
16994
16995
49763
49764
16998
49762
17008
49777
17009
49780
17013
49781
17015
17014
49785
49786
17019
17018
17022
49792
17027
49797
17030
17032
49800
49805
17039
17040
49808
49811
17044
17045
49812
17046
17048
49819
17051
49821
49823
17055
17058
17059
17062
49833
49835
17067
17070
49839
49843
17076
17077
49845
17079
49848
49849
49854
17086
49856
17089
17088
49859
49861
17094
49862
17096
17093
49868
17102
49871
17106
49876
49877
17110
49881
17114
49884
17117
17118
49889
49890
17123
17127
17131
17133
17134
49906
17140
49914
17147
49917
17149
17150
49920
49921
17154
17155
17156
49925
49927
49929
49930
49932
17165
49934
17166
17170
17171
49938
17175
17181
49950
17184
17185
49957
17190
17191
17189
17194
17196
17197
49964
17202
17203
49972
49975
49978
17210
49982
49983
49984
49986
49988
49989
49991
49993
49996
17231
17232
17236
17238
17239
17242
17243
17251
17254
17257
17259
17262
17265
17267
17268
17272
17278
17279
17280
17282
17289
17290
17292
17293
17297
17300
17308
17319
17320
17321
17323
17330
17331
17332
17333
17340
17341
17343
17346
17347
17348
17353
17354
17355
17357
17360
17362
17368
17373
17378
17380
17385
17387
17390
17399
17404
17405
17406
17407
17415
17416
17429
17436
17438
17439
17440
17441
17444
17445
17446
17448
17449
17451
17453
17461
17466
17476
17477
17481
17485
17487
17488
17489
17493
17496
17499
17500
17501
17504
17505
17506
17507
17514
17516
17520
17522
17534
17535
17538
17541
17545
17547
17555
17559
17562
17563
17564
17567
17568
17569
17572
17573
17574
17579
17582
17583
17584
17588
17589
17595
17596
17598
17602
17603
17604
17606
17609
17610
17612
17620
17621
17623
17624
17627
17628
17631
17632
17635
17638
17641
17644
17646
17651
17652
17656
17657
17672
17677
17678
17684
17685
17688
17699
17700
17701
17708
17710
17717
17718
17721
17723
17732
17733
17738
17740
17741
17742
17751
17753
17757
17759
17762
17765
17768
17769
17770
17774
17776
17778
17780
17781
17783
17786
17795
17803
17804
17808
17809
17811
17819
17821
17826
17832
17834
17835
17837
17840
17843
17844
17848
17850
17853
17855
17859
17860
17861
17863
17865
17866
17867
17868
17880
17881
17883
17885
17894
17898
17904
17915
17916
17919
17920
17924
17925
17927
17931
17937
17938
17940
17941
17946
17952
17954
17958
17959
17971
17972
17979
17980
17988
17994
17995
17998
18002
18003
18009
18013
18014
18021
18027
18029
18032
18036
18038
18046
18047
18050
18051
18053
18054
18056
18062
18065
18072
18073
18074
18081
18083
18086
18088
18089
18090
18091
18092
18100
18101
18109
18117
18120
18121
18126
18128
18129
18133
18137
18141
18142
18146
18147
18150
18153
18156
18160
18161
18163
18170
18171
18176
18178
18189
18190
18192
18194
18198
18199
18204
18206
18211
18216
18229
18234
18241
18242
18243
18245
18246
18247
18249
18256
18257
18262
18266
18267
18269
18287
18288
18289
18291
18293
18294
18296
18298
18302
18304
18305
18307
18308
18310
18311
18317
18318
18324
18328
18329
18335
18336
18338
18340
18341
18344
18348
18351
18358
18366
18367
18368
18370
18371
18373
18375
18378
18380
18382
18387
18389
18393
18394
18404
18414
18416
18417
18419
18420
18422
18425
18432
18433
18436
18441
18445
18452
18458
18460
18469
18470
18472
18474
18477
18482
18484
18489
18493
18496
18501
18503
18505
18506
18507
18510
18525
18528
18529
18530
18532
18548
18554
18556
18557
18560
18564
18565
18568
18573
18578
18579
18581
18584
18586
18590
18591
18593
18599
18600
18603
18607
18612
18613
18615
18618
18619
18620
18629
18632
18634
18636
18637
18639
18643
18646
18651
18654
18657
18663
18665
18669
18670
18674
18676
18678
18679
18686
18687
18692
18693
18694
18709
18716
18717
18721
18726
18729
18733
18741
18743
18746
18751
18756
18757
18764
18765
18767
18768
18772
18781
18782
18787
18788
18790
18803
18807
18808
18811
18815
18818
18820
18826
18827
18838
18840
18845
18847
18849
18852
18854
18856
18857
18863
18865
18868
18869
18872
18873
18882
18885
18893
18894
18896
18901
18902
18907
18908
18913
18915
18917
18919
18920
18931
18932
18933
18934
18935
18937
18939
18942
18944
18945
18946
18948
18951
18954
18958
18959
18960
18962
18966
18970
18971
18972
18973
18976
18981
18987
18988
18989
18991
18993
18994
18995
18997
18998
18999
19003
19004
19005
19010
19013
19014
19015
19017
19019
19021
19022
19023
19024
19025
19031
19035
19036
19039
19040
19042
19043
19044
19051
19053
19057
19061
19062
19063
19064
19067
19070
19071
19082
19089
19095
19097
19099
19101
19107
19109
19110
19112
19115
19116
19117
19130
19139
19143
19146
19154
19155
19157
19160
19166
19169
19176
19180
19187
19189
19190
19193
19198
19206
19212
19216
19217
19218
19219
19222
19223
19225
19227
19229
19234
19236
19245
19252
19253
19257
19267
19272
19274
19275
19277
19282
19286
19287
19288
19292
19294
19295
19298
19300
19316
19318
19320
19324
19326
19327
19329
19331
19334
19335
19338
19339
19340
19347
19350
19352
19354
19356
19358
19359
19361
19364
19368
19374
19375
19378
19382
19384
19385
19387
19390
19412
19420
19428
19429
19433
19436
19438
19440
19441
19444
19445
19453
19454
19455
19459
19463
19465
19468
19473
19480
19499
19506
19508
19511
19513
19515
19519
19522
19523
19526
19529
19530
19531
19536
19537
19538
19539
19544
19550
19558
19559
19565
19566
19567
19569
19571
19573
19575
19576
19577
19580
19586
19589
19590
19596
19598
19599
19604
19606
19611
19613
19615
19616
19618
19619
19624
19628
19630
19632
19633
19635
19636
19641
19646
19647
19648
19662
19668
19672
19673
19677
19683
19685
19694
19698
19702
19704
19705
19706
19708
19714
19719
19720
19725
19729
19734
19740
19745
19750
19753
19755
19760
19761
19763
19770
19771
19774
19775
19780
19781
19782
19786
19787
19789
19790
19793
19804
19809
19810
19815
19820
19827
19831
19834
19836
19839
19845
19847
19852
19855
19859
19868
19870
19871
19873
19877
19881
19887
19889
19900
19901
19902
19905
19910
19921
19924
19925
19926
19929
19948
19949
19950
19955
19958
19961
19964
19966
19968
19969
19972
19973
19979
19985
19987
19988
19993
19998
20000
20001
20003
20005
20006
20009
20010
20012
20016
20017
20024
20025
20029
20031
20037
20038
20043
20046
20048
20053
20066
20069
20070
20074
20077
20078
20090
20092
20097
20098
20107
20112
20114
20117
20120
20121
20124
20125
20138
20141
20144
20149
20152
20153
20168
20169
20178
20179
20182
20198
20200
20205
20208
20210
20212
20216
20220
20222
20231
20233
20234
20236
20237
20238
20242
20249
20252
20253
20254
20259
20260
20263
20269
20271
20272
20273
20276
20277
20278
20285
20286
20287
20294
20302
20307
20308
20309
20310
20315
20316
20317
20318
20319
20323
20325
20328
20330
20331
20333
20335
20338
20342
20344
20345
20355
20357
20360
20361
20371
20372
20377
20383
20412
20415
20416
20418
20420
20431
20434
20438
20440
20448
20453
20454
20455
20456
20457
20458
20459
20468
20469
20471
20472
20476
20479
20480
20482
20484
20488
20492
20493
20495
20496
20498
20501
20503
20506
20512
20514
20518
20520
20529
20533
20534
20535
20539
20546
20547
20553
20555
20556
20561
20562
20563
20568
20572
20574
20576
20577
20579
20582
20584
20585
20597
20598
20603
20608
20611
20621
20622
20623
20627
20628
20638
20639
20651
20654
20661
20671
20672
20687
20689
20690
20691
20694
20695
20700
20703
20707
20710
20716
20737
20740
20743
20744
20749
20750
20759
20761
20762
20763
20793
20796
20801
20808
20811
20815
20816
20819
20820
20826
20837
20838
20839
20842
20845
20848
20857
20860
20861
20871
20877
20878
20880
20896
20897
20902
20906
20907
20909
20911
20914
20922
20926
20928
20930
20931
20934
20935
20937
20938
20940
20941
20953
20965
20966
20975
20978
20980
20982
20983
20990
20992
20996
20997
21002
21012
21014
21015
21018
21028
21036
21040
21041
21045
21046
21047
21053
21054
21056
21059
21060
21061
21068
21070
21074
21079
21082
21083
21084
21085
21086
21087
21090
21092
21096
21102
21103
21112
21113
21115
21122
21126
21128
21129
21131
21135
21140
21142
21146
21147
21149
21151
21152
21156
21157
21163
21165
21167
21169
21187
21190
21191
21195
21198
21202
21204
21205
21214
21218
21220
21222
21227
21228
21230
21235
21246
21253
21259
21260
21265
21269
21272
21278
21279
21280
21285
21287
21293
21303
21305
21306
21313
21315
21316
21319
21321
21328
21329
21330
21332
21338
21352
21356
21359
21360
21361
21362
21365
21366
21370
21378
21379
21381
21384
21386
21391
21393
21398
21399
21401
21402
21406
21413
21416
21417
21419
21423
21425
21432
21435
21440
21441
21442
21443
21444
21449
21450
21456
21463
21465
21470
21472
21474
21481
21484
21485
21486
21492
21493
21494
21495
21496
21499
21500
21505
21510
21522
21529
21530
21532
21533
21536
21540
21543
21550
21551
21552
21553
21557
21558
21561
21569
21572
21574
21577
21578
21580
21583
21587
21588
21596
21606
21608
21610
21612
21624
21625
21628
21630
21633
21634
21645
21652
21655
21657
21658
21659
10818
21662
21665
21670
21673
21676
21685
21689
21691
21704
21706
21709
21716
21721
21723
21725
21726
21727
21730
21735
21737
21739
21740
21742
21747
21748
21751
21752
21753
21763
21764
21765
21770
21772
21773
21776
21777
21785
21788
21790
21796
21797
21800
21801
21810
21814
21818
21821
21832
21838
21839
21855
21858
21860
21863
21867
21869
21876
21878
21881
21884
21888
21892
21893
21895
21897
21900
21906
21909
21910
21913
21915
21917
21927
21935
21937
21940
21942
21945
21948
21951
21959
21960
21961
21965
21969
21973
21975
21976
21978
21982
21986
21990
21991
21998
22000
22001
22004
22007
22010
22011
22013
22014
22015
22018
22019
22020
22025
22027
22031
10892
22034
22035
10893
22041
22042
22045
22050
22055
22057
22059
22060
22067
22069
22073
22074
22076
22078
22079
22080
22083
22084
22086
22090
22093
22095
22097
22099
22103
22104
22106
22107
22111
22117
22129
22138
22144
22158
22161
22164
22165
22168
22178
22179
22184
22189
22191
22195
22197
22205
22207
22209
22210
22214
22215
22216
22218
22228
22232
22236
22238
22240
22245
22248
22250
22254
22256
22265
22266
22267
22268
22270
22272
22273
22277
22278
22279
22287
22288
22289
22295
22299
22302
22305
22307
22308
22309
22310
22311
22325
22328
22331
22332
22336
22338
22339
22342
22346
22347
22353
22354
22355
22363
22366
22368
22372
22374
22376
22377
22385
22389
22392
22393
22398
22399
22404
22405
22407
22409
22412
22413
22416
22418
22420
22421
22423
22432
22436
22438
22440
22445
22446
22458
22463
22467
22468
22470
22473
22476
22481
22488
22489
22492
22498
22501
22502
22510
22526
22528
22531
22535
22540
22541
22543
22544
22547
22549
22551
22555
22557
22559
22562
22565
22568
22576
22578
22579
22583
22595
22597
22598
22601
22610
22611
22612
22615
22616
22620
22632
22633
22637
22638
22641
22651
22654
22657
22665
22674
22676
22677
22679
22680
22682
22687
22690
22693
22700
22701
22703
22709
22713
22715
22716
22721
22729
22732
22737
22740
22741
22743
22746
22747
22748
22757
22763
22769
22771
22772
22773
22774
22777
22784
22792
22793
22797
22798
22800
22801
22803
22810
22811
22816
22826
22834
22835
22840
22844
22845
22847
22849
22851
22852
22855
22860
22868
22870
22873
22874
22877
22878
22883
22885
22886
22887
22889
22890
22892
22896
22903
22909
22910
22911
22912
22913
22916
22917
22924
22930
22931
22932
22933
22934
22939
22946
22947
22948
22957
22962
22964
22966
22971
22978
22982
22984
22992
22993
22997
22998
23004
23009
23021
23024
23027
23029
23039
23042
23048
23050
23063
23064
23074
23077
23080
23086
23088
23089
23091
23092
23094
23095
23097
23098
23100
23101
23104
23108
23110
23113
23117
23118
23119
23120
23121
23130
23133
23135
23137
23140
23143
23147
23153
23156
23157
23158
23159
23176
23179
23182
23184
23186
23189
23191
23201
23202
23203
23204
23206
23207
23215
23216
23217
23221
23224
23228
23233
23236
23239
23245
23249
23256
23261
23262
23268
23273
23276
23277
23281
23283
23288
23296
23299
23306
23311
23313
23314
23318
23320
23323
23324
23330
23331
23335
23339
23340
23342
23347
23348
23349
23353
23355
23357
23360
23367
23370
23372
23373
23377
23378
23380
23382
23389
23391
23394
23395
23396
23400
23404
23406
23410
23411
23415
23416
23417
23418
23419
23425
23433
23437
23440
23448
23449
23455
23457
23463
23471
23472
23477
23481
23483
23491
23492
23493
23494
23496
23500
23501
23504
23514
23515
23518
23520
23524
23525
23534
23536
23539
23541
23542
23544
23545
23548
23549
23552
23553
23557
23561
23564
23566
23569
23572
23574
23578
23581
23583
23588
23591
23593
23595
23597
23604
23614
23616
23617
23618
23620
23621
23635
23636
23638
23641
23650
23653
23654
23655
23656
23658
23660
23669
23673
23677
23679
23682
23689
23694
23700
23705
23706
23707
23708
23709
23712
23719
23721
23724
23732
23733
23734
23739
23744
23745
23747
23756
23761
23763
23767
23769
23770
23772
23775
23782
23785
23788
23791
23797
23800
23801
23802
23806
23817
23824
23828
23830
23831
23835
23844
23847
23848
23849
23853
23866
23875
23876
23878
23881
23884
23886
23891
23892
23893
23895
23896
23900
23911
23914
23916
23917
23918
23920
23922
23924
23927
23930
23936
23942
23944
23947
23950
23953
23954
23964
23967
23970
23971
23973
23977
23980
23981
23983
23984
23985
23992
23998
24005
24006
24007
24010
24012
24016
37338
24020
24021
24025
24030
24037
24047
24052
24053
24056
24062
24064
24065
24069
24071
24074
24080
24096
24104
24106
24109
24111
24112
24115
24127
24128
24140
24141
24143
24145
24146
24154
24160
24163
24164
24167
24183
24186
24193
24194
24195
24201
24204
24207
24210
24214
24215
24227
24233
24240
24244
24249
24256
24258
24261
24262
24263
24265
24270
24271
24272
24274
24276
24283
24291
24295
24303
24306
24307
24309
24311
24312
24320
24322
24323
24324
24325
24329
24333
24334
24337
24339
24342
24344
24354
24355
24356
24360
24361
24362
24365
24366
24367
24368
24370
24375
24378
24383
24384
24389
24398
24399
24403
24406
24409
24412
24415
24423
24425
24435
24437
24440
24442
24445
24449
24452
24461
24466
24473
24475
24486
24489
24492
24495
24499
24502
24503
24505
24506
24509
24511
24512
24515
24516
24518
24525
24526
24533
24539
24540
24546
24552
24553
24555
24557
24558
24565
24567
24568
24575
24584
24585
24590
24591
24594
24595
24599
24605
24607
24617
24619
24623
24625
24626
24630
24633
24639
24644
24648
24650
24651
24653
24656
24662
24663
24666
24669
24670
24673
24676
24677
24679
24680
24681
24684
24685
24691
24694
24699
24702
24703
24710
24717
24720
24724
24727
24728
24729
24736
24737
24742
24743
24745
24746
24747
24748
24750
24754
24756
24757
24759
24761
24762
24764
24770
24772
24773
24775
24778
24780
24782
24785
24786
24787
24791
24794
24795
24796
24798
24802
24803
24810
24813
24815
24817
24819
24820
24824
24826
24831
24835
24837
24838
24840
24852
24854
24857
24862
24866
24870
24875
24876
24877
24878
24881
24882
24885
24890
24894
24895
24896
24901
24904
24910
24914
24915
24916
24918
24919
24922
24926
24927
24931
24934
24935
24947
24951
24953
24956
24959
24961
24967
24969
24972
24973
24977
24978
24981
24991
24993
24994
24999
25004
25006
25016
25022
25031
25034
25035
25037
25045
25050
25053
25055
25058
25066
25071
25073
25076
25080
25082
25083
25086
25089
25100
25103
25110
25118
25119
25125
25128
25134
25135
25138
25140
25144
25145
25148
25149
25157
25161
25166
25169
25172
25175
25177
25179
25180
25182
25184
25189
25190
25193
25195
25196
25197
25198
25199
25209
25214
25219
25221
25222
25229
25233
25234
25236
25243
25247
25253
25254
25257
25261
25262
25268
25269
25271
25273
25283
25284
25287
25288
25295
25296
25298
25302
25308
25309
25310
25315
25316
25318
25321
25322
25323
25324
25328
25331
25336
25339
25341
25346
25352
25354
25357
25358
25362
25366
25372
25376
25381
25382
25388
25391
25395
25408
25409
25415
25417
25420
25422
25423
25425
25426
25428
25430
25432
25433
25434
25438
25440
25442
25448
25449
25453
25455
25462
25471
25473
25474
25476
25483
25484
25488
25491
25493
25496
25501
25512
25516
25518
25526
25530
25532
25533
25534
25540
25541
25549
25554
25555
25565
25568
25571
25578
25580
25581
25589
25592
25593
25595
25596
25602
25604
25605
25606
25608
25615
25616
25624
25626
25627
25628
25639
25640
25642
25644
25648
25657
25658
25660
25661
25662
25664
25667
25673
25681
25683
25684
25687
25689
25690
25692
25694
25698
25700
25704
25706
25720
25724
25726
25727
25730
25734
25735
25736
25738
25743
25748
25753
25754
25761
25763
25764
25770
25772
25775
25776
25777
25783
25788
25802
25805
25808
25810
25811
25812
25817
25820
25821
25824
25826
25827
25832
25833
25836
25838
25840
25841
25843
25844
25847
25849
25852
25854
25855
25859
25861
25863
25868
25870
25872
25873
25875
25877
25880
25883
25884
25885
25887
25890
25891
25892
25893
25895
25898
25904
25906
25911
25912
25929
25932
25935
25939
25940
25942
25945
25946
25956
25961
25963
25983
25985
25989
25990
25996
25997
26004
26005
26006
26009
26010
26022
26028
26030
26031
26032
26034
26036
26038
26045
26049
26051
26052
26054
26056
26060
26061
26062
26063
26064
26066
26071
26076
26080
26085
26086
26087
26089
26095
26096
26097
26102
26109
26110
26112
26119
26126
26127
26132
26134
26138
26140
26146
26148
26151
26153
26157
26161
26164
26167
26171
26173
26174
26175
26176
26178
26179
26181
26182
26189
26190
26193
26194
26199
26201
26207
26213
26215
26226
26232
26234
26235
26240
26247
26251
26255
26256
26258
26260
26261
26263
26268
26272
26273
26274
26275
26276
26278
26283
26287
26297
26299
26303
26305
26310
26311
26313
26319
26321
26323
26330
26333
26346
26349
26363
26364
26367
26368
26375
26376
26377
26380
26382
26388
26390
26403
26406
26410
26418
26421
26425
26427
26428
26433
26440
26441
26442
26443
26454
26456
26457
26461
26464
26467
26473
26479
26482
26487
26488
26495
26499
26501
26503
26505
26516
26522
26523
26528
26535
26539
26541
26542
26544
26549
26551
26554
26555
26563
26567
26568
26572
26578
26581
26591
26595
26598
26599
26603
26605
26607
26611
26613
26614
26616
26619
26621
26626
26628
26629
26630
26631
26636
26637
26639
26641
26642
26645
26647
26649
26651
26656
26662
26663
26679
26680
26682
26686
26701
26704
26705
26706
26712
26715
26721
26722
26723
26724
26727
26731
26734
26736
26738
26739
26740
26743
26746
26748
26750
26751
26752
26755
26758
26760
26761
26763
26764
26770
26771
26773
26776
26777
26778
26783
26793
26804
26806
26807
26811
26814
26816
26817
26818
26821
26823
26824
26827
26833
26834
26836
26837
26846
26847
26849
26857
26861
26862
26866
26867
26874
26876
26883
26884
26887
26892
26893
26895
26903
26904
26906
26909
26911
26918
26919
26925
26926
26927
26928
26932
26934
26939
26948
26950
26952
26960
26967
26969
26973
26974
26984
26990
26995
26996
26999
27001
27006
27009
27013
27015
27019
27022
27023
27024
27026
27031
27046
27047
27064
27065
27071
27077
27078
27079
27080
27081
27084
27086
27087
27090
27091
27092
27108
27110
27114
27115
27118
27121
27129
27130
27132
27133
27135
27137
27140
27142
27143
27148
27149
27156
27158
27163
27164
27165
27168
27169
27170
27172
27174
27183
27185
27191
27192
27194
27202
27208
27217
27222
27225
27231
27235
27238
27242
27243
27250
27257
27258
27261
27262
27266
27269
27270
27271
27273
27277
27278
27279
27280
27281
27283
27284
27288
27289
27290
27296
27298
27300
27302
27304
27305
27314
27315
27317
27321
27324
27326
27331
27334
27342
27346
27348
27351
27359
27371
27375
27387
27389
27390
27391
27397
27400
27401
27406
27421
27422
27423
27424
27425
27428
27431
27433
27435
27437
27439
27445
27450
27451
27452
27453
27455
27456
27459
27462
27465
27467
27472
27474
27475
27476
27480
27485
27486
27493
27502
27504
27505
27506
27509
27516
27518
27533
27538
27541
27542
27549
27550
27553
27554
27559
27562
27563
27565
27567
27572
27577
27578
27583
27585
27586
27590
27592
27594
27596
27598
27599
27610
27611
27616
27618
27626
27628
27636
27639
27640
27645
27646
27647
27652
27656
27659
27660
27665
27679
27684
27685
27686
27687
27690
27696
27699
27700
27701
27702
27703
27704
27705
27706
27711
27714
27715
27717
27722
27732
27735
27738
27743
27748
27751
27756
27758
27761
27765
27766
27769
27770
27779
27784
27786
27794
27797
27799
27800
27802
27806
27807
38091
27814
27820
27828
27832
27833
27836
27838
27847
27860
27863
27865
27866
27867
27870
27871
27873
27879
27884
27885
27893
27895
27901
27902
27903
27904
27908
27909
27918
27922
27924
27926
27927
27928
27931
27932
27933
27934
27938
27947
27948
27954
27963
27964
27967
27969
27971
27974
27977
27980
27981
27987
27988
27989
27991
27996
28001
28003
28014
28020
28021
28026
28028
28029
28031
28042
28043
28044
28048
28052
28055
28058
28060
28065
28066
28068
28069
28073
28077
28082
28084
28085
28089
28090
28091
28092
28095
28104
28106
28110
28113
28116
28121
28124
28125
28126
28133
28135
28136
28138
28143
28149
28154
28158
28162
28178
28180
28181
28189
28190
28191
28194
28197
28204
28208
28218
28224
28228
28229
28237
28238
28241
28245
28249
28251
28253
28258
28264
28267
28275
28282
28284
28286
28287
28295
28297
28299
28300
28301
28302
28303
28307
28311
28315
28316
28321
28327
28330
28332
28338
28342
28344
28345
28348
28368
28373
28374
28376
28377
28378
28379
28380
28392
28399
28400
28401
28402
28416
28418
28424
28426
28427
28436
28437
28438
28440
28441
28442
28445
28449
28456
28466
28469
28471
28475
28487
28489
28492
28494
28496
28497
28500
28501
28505
28508
28511
28520
28524
28525
28529
28530
28531
28533
28537
28551
28558
28559
28560
28564
28574
28576
28579
28584
28593
28594
28595
28597
28605
28606
28607
28609
28611
28612
28618
28621
28625
28629
28633
28634
28636
28638
28641
28642
28646
28651
28654
28657
28661
28662
28664
28667
28672
28673
28676
28678
28680
28682
28689
28694
28703
28705
28706
28715
28716
28718
28721
28723
28724
28728
28729
28732
28733
28739
28741
28742
28743
28746
28748
28752
28756
28758
28761
28767
28770
28772
28777
28782
28788
28791
28800
28801
28802
28803
28807
28811
28814
28816
28819
28821
28830
28831
28832
28833
28834
28845
28847
28849
28854
28856
28865
28867
28871
28872
28877
28889
28893
28897
28900
28902
28912
28917
28919
28920
28921
28925
28927
28929
28935
28942
28944
28952
28953
28958
28961
28964
28967
28972
28982
28984
28986
28987
28993
28994
28995
28996
28998
29005
29006
29015
29019
29020
29021
29022
29023
29025
29026
29039
29043
29044
29048
29053
29057
29058
29059
29060
29064
29066
29076
29079
29080
29081
29087
29090
29092
29097
29100
29102
29103
29109
29110
29113
29121
29122
29125
29131
29132
29133
29135
29137
29139
29141
29143
29144
29149
29154
29159
29174
29175
29178
29180
29184
29187
29190
29198
29200
29201
29202
29205
29206
29208
29212
29213
29216
29219
29220
29225
29227
29229
29231
29240
29243
29244
29247
29249
29251
29253
29255
29256
29259
29263
29266
29270
29271
29273
29274
29276
29279
29282
29285
29293
29302
29306
29309
29311
29319
29321
29324
29326
29328
29329
29340
29341
29348
29354
29359
29360
29362
29363
29366
29371
29374
29375
29376
29379
29380
29383
29384
29389
29393
29397
29398
29403
29407
29410
29411
29412
29424
29426
29430
29439
29441
29442
29446
29447
29451
29454
29456
29458
29467
29478
29481
29484
29486
29500
29511
29512
29515
29518
29523
29532
29535
29540
29543
29547
29548
29550
29552
29561
29563
29564
29566
29567
29571
29575
29577
29579
29580
29581
29583
29588
29594
29599
29603
29608
29611
29613
29614
29615
29623
29625
29626
29630
29631
29639
29643
29644
29645
29649
29650
29651
29654
29659
29661
29666
29669
29673
29674
29676
29677
29678
29683
29684
29687
29691
29698
29703
29704
29706
29707
29709
29712
29713
29717
29721
29724
29725
29726
29730
29735
29746
29748
29758
29759
29762
29764
29769
29773
29778
29783
29794
29795
29801
29803
29806
29807
29809
29810
29812
29815
29819
29822
29823
29828
29833
29834
29835
29836
29838
29839
29845
29846
29847
29849
29852
29853
29858
29865
29870
29871
29873
29874
29881
29884
29885
29887
29888
29890
29893
29901
29902
29908
29910
29911
29914
29915
29916
29920
29927
29928
29933
29941
29942
29943
29946
29948
29955
29961
29963
29967
29968
29969
29970
29973
29980
29981
29983
29988
29990
29993
29995
29996
29997
29998
30011
30013
30018
30021
30022
30023
30029
30039
30045
30048
30052
30054
30061
30063
30069
30070
30072
30074
30075
30077
30081
30085
30090
30091
30105
30107
30114
30116
30117
30122
30126
30129
30133
30134
30135
30138
30139
30140
30145
30146
30148
30150
30153
30157
30160
30163
30164
30177
30180
30181
30193
30196
30200
30201
30203
30204
30207
30213
30244
30247
30249
30251
30257
30258
30264
30265
30266
30269
30274
30275
30277
30278
30282
30288
30310
30311
30313
30316
30317
30318
30321
30325
30331
30332
30333
30335
30336
30337
30342
30349
30359
30368
30370
30376
30382
30389
30390
30395
30396
30409
30412
30414
30417
30422
30424
30427
30429
30430
30441
30444
30454
30455
30456
30458
30461
30466
30467
30469
30473
30474
30475
30476
30477
30482
30493
30494
30501
30502
30505
30513
30515
30519
30524
30526
30528
30530
30531
30532
30533
30535
30541
30542
30548
30549
30554
30560
30561
30562
30564
30572
30573
30577
30579
30584
30586
30587
30594
30602
30604
30606
30609
30610
30612
30613
30617
30620
30622
30623
30624
30629
30636
30643
30644
30646
30653
30660
30666
30667
30668
30669
30671
30672
30675
30676
30679
30683
30685
30686
30687
30688
30689
30696
30698
30703
30706
30709
30711
30712
30713
30716
30718
30719
30721
30722
30723
30724
30726
30730
30735
30744
30747
30750
30751
30752
30753
30754
30757
30763
30765
30766
30767
30770
30777
30781
30782
30784
30786
30787
30789
30792
30793
30798
30801
30802
30806
30809
30810
30812
30815
30816
30817
30818
30819
30820
30821
30826
30831
30833
30834
30836
30838
30840
30841
30842
30844
30847
30848
30864
30867
30871
30884
30889
30890
30894
30896
30903
30907
30910
30912
30914
30922
30924
30926
30927
30935
30937
30938
30939
30940
30943
30945
30947
30951
30952
30960
30961
30968
30978
30979
30986
30994
31002
31005
31007
31010
31013
31018
31022
31023
31025
31028
31029
31035
31038
31040
31043
31044
31046
31047
31048
31050
31055
31057
31059
31063
31064
31077
31082
31085
31086
31090
31091
31103
31111
31116
31119
31127
31128
31130
31132
31133
31136
31140
31142
31144
31154
31155
31156
31159
31162
31164
31165
31172
31173
31175
31180
31185
31186
31189
31191
31195
31197
31199
31202
31204
31206
31207
31210
31215
31217
31228
31230
31231
31232
31234
31236
31240
31246
31247
31248
31260
31261
31265
31269
31270
31271
31272
31280
31285
31286
31288
31292
31293
31297
31302
31303
31308
31309
31315
31318
31327
31330
31333
31337
31338
31342
31347
31350
31353
31356
31359
31362
31363
31365
31373
31376
31380
31390
31391
31405
31406
31407
31411
31412
31417
31419
31424
31425
31426
31428
31431
31435
31448
31454
31455
31460
31465
31467
31471
31474
31477
31478
31482
31486
31487
31494
31495
31496
31502
31504
31506
31508
31515
31521
31524
31525
31527
31532
31533
31536
31546
31550
31551
31556
31558
31560
31561
31562
31563
31566
31567
31568
31572
31573
31574
31575
31580
31588
31591
31592
31593
31596
31600
31605
31609
31610
31614
31615
31619
31621
31622
31626
31629
31631
31635
31636
31638
31640
31641
31647
31649
31654
31661
31663
31669
31674
31677
31681
31682
31685
31687
31691
31695
31704
31707
31713
31714
31717
31719
31723
31725
31727
31728
31735
31737
31740
31742
31754
31756
31759
31761
31766
31768
31773
31784
31785
31786
31792
31793
31795
31798
31799
31801
31803
31806
31809
31812
31820
31825
31828
31833
31835
31837
31842
31843
31849
31859
31863
31864
31865
31870
31874
31880
31883
31886
31888
31890
31892
31894
31896
31899
31900
31904
31907
31912
31913
31914
31919
31926
31927
31928
31929
31934
31935
31939
31940
31947
31949
31965
31966
31969
31972
31974
31975
31978
31980
31984
31988
31991
32002
32006
32009
32010
32013
32015
32016
32018
32021
32025
32027
32032
32035
32037
32038
32045
32046
32051
32052
32056
32057
32060
32063
32069
32071
32074
32076
32078
32079
32082
32086
32090
32091
32093
32097
32098
32099
32101
32106
32108
32109
32111
32113
32116
32121
32127
32134
32136
32137
32139
32140
32143
32145
32147
32148
32150
32151
32155
32157
32159
32161
32166
32168
32169
32179
32184
32195
32196
32197
32199
32202
32203
32204
32205
32208
32212
32217
32220
32224
32228
32231
32232
32235
32239
32241
32242
32246
32250
32251
32257
32261
32264
32265
32267
32268
32272
32274
32277
32281
32284
32286
32289
32291
32294
32295
32299
32303
32304
32305
32306
32308
32309
32324
32325
32330
32331
32333
32334
32336
32339
32340
32342
32344
32348
32350
32360
32361
32363
32364
32370
32372
32374
32375
32376
32377
32379
32382
32385
32386
32387
32392
32393
32399
32400
32401
32404
32409
32410
32420
32423
32425
32427
32430
32431
32435
32437
32442
32447
32452
32454
32455
32457
32465
32468
32471
32472
32475
32476
32477
32480
32481
32483
32492
32497
32500
32504
32509
32510
32511
32517
32518
32520
32524
32529
32530
32532
32540
32542
32546
32548
32558
32559
32560
32566
32568
32582
32583
32585
32590
32591
32594
32595
32597
32602
32603
32606
32607
32612
32613
32614
32617
32626
32629
32632
32634
32638
32642
32647
32649
32656
32659
32662
32667
32668
32684
32690
32693
32695
32697
32700
32703
32705
32706
32707
32708
32709
32710
32718
32720
32723
32733
32734
32744
32746
32751
32754
32762
