32768
5
32774
32773
6
13
32782
32783
32781
32787
32788
21
19
32792
32795
32797
30
32803
32804
32805
40
41
32812
32814
50
54
56
32825
32829
64
66
32835
78
80
32852
85
32853
32855
32858
91
32862
99
103
108
32877
32880
114
32884
32888
123
132
32900
134
136
32906
140
32910
142
32912
32913
32918
32922
32924
160
32930
162
32934
166
32936
32941
32943
179
183
184
32956
189
32959
195
197
32965
32968
209
32978
32980
213
32981
220
221
223
32992
32994
227
228
33000
234
33003
237
33006
33007
33005
241
33012
245
246
249
33018
33019
33021
33022
259
260
261
33030
263
33032
33033
33035
33045
279
33047
281
33050
33051
33052
282
285
33056
33057
33058
293
33065
298
299
300
297
302
33073
305
33074
308
33076
33080
33081
314
33083
33084
318
321
33090
33089
324
33093
330
33102
33103
33105
33107
344
345
346
347
33112
349
350
351
355
33123
359
360
33130
33131
363
364
33134
33136
33138
370
33142
33143
374
377
33149
33151
33153
389
390
33160
33162
33163
396
397
400
33168
33170
403
402
33175
33176
409
410
411
33179
33187
420
33189
33193
426
427
430
33199
33201
439
33209
33212
33216
449
33218
457
33228
470
471
33241
474
475
480
33249
33253
485
487
33255
33257
33259
33260
493
494
33264
502
507
33275
509
508
33280
33282
515
33288
522
33291
33292
33294
33297
33301
534
33303
33304
33305
538
539
540
33306
33310
33314
549
33318
33319
550
553
33323
557
559
33328
33329
562
33332
33333
565
33334
568
33339
577
33345
33349
583
33351
588
33363
595
601
602
33371
604
605
33379
614
33393
625
633
33402
634
33403
637
638
639
641
642
33412
646
648
649
650
33417
653
33422
655
33424
33427
663
664
33435
33443
33445
33447
680
681
682
33449
686
691
692
33463
33464
33468
705
33473
709
714
33484
33493
725
33494
728
732
733
740
33508
33513
747
751
33520
33525
33529
762
765
33533
772
774
775
33546
33548
783
33552
784
33554
787
790
33559
33560
33563
796
797
795
33567
799
801
800
33570
805
33574
33575
808
33578
33580
814
33589
821
33591
33592
825
823
827
33596
830
33598
832
33600
33603
33604
835
839
841
846
33615
33616
852
33621
854
857
858
861
864
33634
33635
868
33638
874
876
33645
882
33658
893
33662
33663
33665
907
908
33677
912
913
33680
918
919
33687
920
33688
33691
924
929
930
931
33700
933
932
935
33706
33708
33709
943
33719
956
958
962
33732
33737
33739
33741
975
976
33747
33755
33756
33757
990
994
995
33762
33765
33766
999
33768
998
33772
33773
1005
33777
1009
33779
1013
1014
33782
1015
1018
33792
1030
1031
33801
1036
33806
1040
1041
33810
33811
33808
1046
33818
33820
1052
33828
33829
1060
1064
33834
33837
1082
1084
1085
1087
33856
1092
1096
33866
1098
1101
33869
1104
33875
1108
33879
33882
33888
33889
33890
33891
1122
33903
33906
33907
1140
33908
33913
1149
33919
1152
33921
1154
33923
33924
33925
1157
33927
33931
33932
1163
33934
33938
1172
1173
1174
1175
1176
1178
1180
1181
33955
1188
1189
1187
1193
33965
1199
1202
1206
33977
1210
33978
1213
33983
33984
1219
33988
33989
33995
33996
1234
1237
34006
1242
1243
1248
34017
1250
34019
34018
1251
1254
34023
34024
34022
34033
1266
1268
34037
34038
34039
1274
34046
1278
1280
34050
1282
1285
34053
34056
1292
1303
1307
34080
1314
1316
1318
34088
34090
1322
34092
34094
34095
34096
1328
34098
34102
1335
34105
34109
1342
34116
34117
1351
34121
1353
34124
1359
1364
1368
34136
1374
1375
1376
34147
1380
34150
1383
1385
1387
1394
34167
1400
1402
1403
34173
34174
1408
34180
34181
1418
1419
1420
1421
34188
1423
1424
1425
34191
34195
1428
34198
1435
1438
1440
34216
1449
1450
34221
1457
1458
1459
1460
34226
1466
1470
1473
1475
34246
1483
34254
1487
1489
1490
34259
34258
1495
1500
34268
1503
34276
1513
34284
1517
1518
1524
1525
1527
1528
34297
1530
34299
1531
34301
1533
34302
1536
34305
34308
1540
34313
34314
1546
34317
34318
1551
1554
34324
34327
34328
34330
34334
1576
1579
1580
1583
34356
1591
34360
34361
34363
1596
1600
34372
34373
1605
1606
34375
34377
1610
34380
1613
34384
34388
34392
1625
34394
1628
1631
34401
1634
34411
34412
34414
1646
34415
34420
34421
1656
1658
1659
1661
1663
34432
34434
1667
34435
34438
1671
1673
34441
34444
1677
1679
34451
1686
1687
1688
34458
1691
34460
34461
1695
34463
34465
34466
34468
1701
34470
1703
1705
34476
1710
34478
1713
1717
1719
1722
1724
1725
34495
34497
34499
34501
1735
1741
1746
1747
34529
1761
34531
1766
34535
1768
34537
34544
1777
1778
1780
34550
34552
34562
34565
1798
34568
1800
34570
1805
1809
34578
34579
34580
34581
1816
1818
34592
34593
34594
1827
1828
34597
1830
1834
34602
34607
34608
34611
1845
1847
1849
34618
34621
1856
1857
1858
34632
34634
34637
34651
1884
1885
34655
34658
1891
34661
1894
34663
34676
1911
1912
34684
34689
1924
34694
1928
1929
1932
34700
34702
34703
1935
1934
34706
34711
34714
1950
34719
34722
34729
1963
1965
34736
34738
34740
34744
1976
1978
34747
1979
1980
1981
1982
1977
1985
34748
1986
34754
34757
1990
34758
34760
1993
34761
34763
1998
34771
2006
34776
2010
34778
2017
2018
2025
2026
34795
34796
34797
2028
34794
34802
2034
34810
2044
34812
2048
2053
34822
34823
34824
34826
34827
34828
34829
2062
34831
34834
34835
34836
34838
2071
2076
34846
2079
2078
2081
2080
34851
34852
34854
34855
34857
2090
2095
34865
34867
2100
2101
2103
2104
2106
2108
34877
2111
2112
2115
2116
2117
2120
2122
34891
2127
34895
2128
34899
2142
2143
34911
34914
2149
34923
34924
2155
34926
2159
2156
34927
2163
2165
34934
34933
34941
2176
2177
34947
2181
2182
34952
34958
34959
34960
34965
34966
2197
34968
2202
2205
34975
34978
34983
34986
2225
2226
34996
34998
35000
35001
2235
35006
35007
2240
35009
35011
2246
2247
35015
2252
2254
2260
2262
35031
2266
2267
35040
2272
35042
2275
2277
35045
2279
35050
2282
2283
35053
35055
35057
2291
2292
35061
35063
35068
2300
35071
2305
2306
35075
2308
2311
35082
35083
2316
35084
2322
35091
35093
35094
2326
2329
35098
2331
35101
35104
2339
2342
35111
2343
35112
35115
2349
35118
35121
2354
2356
35124
35127
35129
35136
2370
2373
2377
35146
35147
35148
35149
35150
35152
2384
2386
35155
35158
35163
2398
35166
35168
35170
35171
35172
2409
2411
35179
35182
2416
35188
35190
35191
35193
2425
2427
2429
2430
2432
2433
2439
35209
2442
35213
2447
35216
2450
2451
2452
35223
35228
2461
35231
35235
35237
2470
35247
35250
2494
35263
35268
35269
2504
35272
35274
2509
2510
35279
2514
35282
35283
35285
2521
2523
35295
2534
2535
35307
2540
35309
35310
35314
35315
35316
2549
2554
2556
2558
2565
35337
35338
2572
2577
35349
35350
2583
35352
2581
2586
35355
35358
35362
2595
35365
35369
35378
2610
2613
35381
2615
2618
2619
2621
35397
2633
35403
35409
2641
2644
35412
35414
2647
35417
35421
35427
35428
2662
35434
35436
2668
35438
2674
35444
2678
2680
35448
2681
35451
2686
35456
35457
2690
2692
35461
2693
35464
35465
35467
2700
35470
35474
35477
2711
2717
2719
35488
2722
2723
2724
2725
2726
2727
35500
35501
35505
2741
35510
2744
35515
2751
2755
35526
2759
2762
2763
35530
2766
35534
35537
2775
2777
2778
2780
2782
35551
2788
2789
2794
2796
2799
2800
2808
35580
2814
2815
35586
35591
2824
2826
35594
35595
35597
2830
35598
35603
35604
2836
35608
2841
35611
2843
2846
2863
2865
35633
2867
35635
2870
35639
35640
2873
2874
35643
35644
2881
35652
35653
2888
35656
35658
2891
2892
2893
2896
2902
2904
35673
2907
2911
2914
35686
35689
35691
2924
35694
2928
35711
2945
2948
35718
35719
35730
2963
2964
35733
35734
2971
2975
2977
35751
35753
35754
2990
35758
2992
35761
2993
35763
2996
35764
35772
35775
3010
35779
35782
3015
35785
3018
3019
35788
3022
35801
35802
3035
3036
35812
3048
3049
3050
3054
3055
3059
3060
35827
3067
35836
3069
35838
3070
3074
35844
35846
35847
3080
3082
3091
35859
3093
35862
35867
35873
3105
3107
35878
35879
3113
35882
3118
35890
3123
3124
35894
3128
3131
35899
35901
3137
3141
3142
35913
35919
3153
3162
35931
35930
3165
35932
35936
3168
3169
3171
3172
35940
3173
3174
35944
35945
3181
3183
3185
3187
35956
35958
35959
35960
35963
3201
35971
35972
35973
3206
3204
35976
3209
3212
35982
3219
35988
3221
3222
35994
3227
3229
3232
36003
3237
36005
36007
3242
36012
36013
36016
3254
3255
36022
3259
36028
36033
36034
36041
3274
36043
36046
3280
3282
3283
36054
3286
3287
36061
36063
3299
36068
3301
36070
36072
36073
36075
3309
3311
3312
3313
36085
36088
36090
3325
3327
36095
3328
3333
3335
36103
36106
3345
3351
3354
3355
36126
3362
36131
36132
3365
3367
36136
36137
3369
36139
36140
36141
3373
36142
3376
36152
3386
36155
3389
36159
3391
36161
36162
3396
36164
3399
36169
3401
3403
36170
36173
3411
36180
3413
3415
36185
36186
3420
3421
36190
3423
36191
36193
3426
36200
36201
36202
3435
3436
36207
3443
36218
36220
3456
36225
3457
3459
36228
3462
36233
36234
3467
3468
36235
3470
3475
36244
36246
36249
3482
3484
36252
36254
3486
3488
3489
3493
3496
36266
3498
36268
3500
36272
3505
3507
36275
3508
36278
36279
3511
36282
3514
3519
36287
36290
36293
3527
36295
3530
36299
36300
36301
36298
3535
3536
36304
36306
3543
36312
3545
3547
3548
3549
3558
36329
3565
3569
36339
3572
3571
36340
3580
36351
36353
36354
3592
3594
36365
36367
3609
36378
36379
3614
36385
3620
36393
3628
36396
36398
36401
3636
36407
36408
36409
36410
3641
36412
3647
3649
3651
36420
36421
3656
3662
36437
3669
36439
36441
3674
3678
3679
36450
36452
36453
3688
3692
36460
36465
36470
3703
3705
36473
36474
36476
36477
36480
3713
3716
36486
3723
36493
36494
36502
36506
36507
3746
36516
36518
3751
36521
36525
36530
36531
3762
36534
3767
3771
3773
3776
36546
3786
36557
3789
3791
3790
36558
3794
36563
3796
3795
36566
3799
3802
3803
36573
36574
3807
36575
3814
3815
36587
3820
3821
36591
3823
3825
3826
3828
3833
36601
3836
36605
3841
3842
3844
36613
36614
36615
3848
3849
36618
3852
3853
36621
3855
3856
36623
36622
36627
3859
3861
36629
36632
3865
36633
3867
3869
3870
36637
3874
3875
36645
3884
3888
3891
3892
36662
36664
36666
36669
3904
36676
3910
3911
36681
3916
36688
36689
36694
36696
3932
3934
3938
3947
3948
36715
3950
3951
36721
3955
36723
36724
36726
3959
36731
3965
3966
36735
3968
36738
3971
36744
3978
36746
36748
3981
36749
3982
3987
36757
3992
36761
3994
36772
4004
36775
4008
4010
36778
36780
4012
36782
4015
36781
4017
36786
4025
4026
36795
36798
4033
36804
4038
4044
4046
36816
4050
36820
36821
4054
4055
4056
4058
36829
4062
36831
4064
4073
36843
4078
36848
36849
36850
4083
36851
4080
4086
36856
36857
36858
4094
36863
36866
4101
36869
4108
4109
4110
36886
4119
4120
36888
4122
36890
36892
4131
4132
4134
36903
4138
36907
36912
4151
36920
4156
4158
36927
4160
4161
36929
4159
36937
36938
4172
36944
36945
36947
36949
36950
36951
4185
36954
36955
36958
4190
36960
4193
4194
36962
4197
4200
4201
36969
4203
4204
4205
36974
4206
36970
36982
36988
36990
36994
4228
4229
4230
36996
36999
37001
4234
37003
37002
4237
4239
37010
37011
37013
37015
37025
4258
37028
37032
4267
4268
4273
37041
37043
4277
37046
37048
4282
4283
37052
37050
37055
37056
37059
37060
4293
4295
37064
37070
37072
37077
37078
37079
4312
4316
37085
4326
4327
37096
4329
4330
4334
37102
37104
37105
37107
37109
4342
37111
4349
37120
4354
4356
37125
37127
37128
4360
37135
37137
4370
37140
4372
4375
4377
37146
4379
4382
37152
4386
4388
4392
37163
37165
37166
37167
4400
4398
4399
4405
37176
4410
4411
37183
4418
37187
37189
4424
37192
37194
4426
4428
37202
37203
37208
4444
37212
37214
37216
37217
37218
4452
4453
37220
37229
4463
4464
37233
4469
4470
37239
4472
4475
4477
37247
37248
4486
37257
37265
4501
37269
37271
37272
4504
37274
4511
4512
37283
4516
37291
4526
4528
37297
4535
37305
37307
37308
37309
37311
4549
4550
37319
4552
37324
37325
37331
37332
37335
4568
37337
37338
4571
4572
4569
4570
4574
37344
4578
37346
4582
4583
37358
37359
4590
4595
37365
37367
37370
4605
4607
4608
37380
37385
4618
37386
37394
37395
4626
4630
37399
37406
4639
37410
4645
4646
37415
37417
37418
4651
37419
37421
4654
37423
37424
37420
37426
4659
4663
37433
37434
4668
37438
37439
4673
4675
4679
4682
37456
37459
37462
4696
4699
37470
4702
37471
4703
37475
4707
4709
37477
4708
37480
4712
37484
37485
37487
37488
4720
4727
4728
4729
37498
37500
37501
4737
37505
4740
37513
37515
37517
4751
4753
37523
4758
37527
37531
37532
4763
4766
4767
37533
4769
4772
37542
4777
37546
4784
37553
4786
4788
37562
37566
37568
4805
4810
37581
4813
37585
37586
4819
4822
4825
37594
37598
4836
4839
37609
37610
4844
37612
4849
4855
37631
37633
37635
4868
4869
37642
37644
37645
4878
4881
37649
37654
4887
4889
4895
4896
4900
37668
4902
37672
37674
37680
37684
4917
4918
37687
4919
4922
37690
37698
37700
37701
37702
4934
37707
4940
37708
4950
4954
37725
4960
37729
4961
4969
4973
37746
37747
4980
37750
37752
4985
37756
37757
37758
4991
4993
37763
4997
5000
37769
5003
5010
37779
37783
5016
5017
37785
37788
37789
37791
37793
37796
37797
37798
5033
37804
37808
5041
5043
37811
5045
5046
37813
37817
37823
37825
5059
5061
5063
5064
5065
37833
5069
5070
37839
5072
5076
5084
5085
37856
37863
5097
5100
37869
5101
37870
5105
5106
5107
5108
37876
5110
5111
37880
37874
5119
37887
37890
5129
5130
37898
37900
5132
5135
5136
37906
37912
5150
5151
37921
37922
37923
37924
37925
5164
5167
37941
5173
37944
5177
37947
5181
5185
37955
37956
5191
5192
5193
37961
5201
5207
37976
5208
37979
37980
37982
5215
5214
37985
5218
5226
5230
37999
5233
38002
5243
38013
5246
5248
5249
38018
5255
38029
38031
38032
38033
5266
38034
5268
38038
5271
5272
38041
38039
38043
38044
5278
38048
38049
38051
5287
5292
38061
5296
38066
38068
5302
38070
38076
38078
5314
38083
5319
38087
38091
38092
38093
5326
5327
38096
5329
38098
38099
5323
5333
38094
38103
5334
38107
5340
5341
5342
38111
5345
5348
5349
5351
5354
5356
38127
5360
38129
38130
38131
5367
38135
38138
5370
38141
38144
5386
38159
5392
38164
5398
38167
5400
5406
5407
38174
5409
5411
5412
5413
5414
38182
38181
38185
5416
5419
5421
38190
5424
38193
5429
38202
5436
38204
38206
38207
38215
5448
38220
38222
5455
5456
38224
5458
5461
38233
38234
38235
5469
38238
38243
5477
5478
38249
38253
5491
38260
38262
5494
5500
38270
38274
5506
5515
5517
38285
38288
5521
5522
38289
38292
5526
38296
38298
5530
38300
38301
5535
5540
38311
5544
38318
5550
5552
38322
5555
5554
38323
38326
5558
5560
38330
38332
5565
38337
38340
38342
5575
5578
5580
5581
38350
5583
38352
5584
5586
38349
5592
5594
38364
5598
38370
38376
5609
5611
38380
38382
38388
38389
38392
38398
38399
5636
5639
38410
5645
5646
38414
38417
38419
38420
5651
5657
38427
38428
5670
38439
5675
5678
38447
5680
5684
38452
5686
38456
38462
5696
5698
38467
38469
38470
38471
5703
5705
38474
5707
5708
38477
38479
5712
5715
38489
5721
38495
5728
5729
38497
38499
38502
38503
38504
38506
38508
5741
5740
38513
38514
38515
38522
5757
5760
38529
5763
38531
5766
38536
5770
5773
38544
38546
38547
5780
5781
5782
38553
38555
38557
38562
38565
5799
5800
38574
5809
38589
5821
38593
5825
5828
38597
38598
5831
38599
5830
38606
5840
38612
38613
5849
5856
5859
5862
5864
5867
5871
38639
5872
5876
38645
5877
38647
38649
5882
5883
38652
5885
38654
5886
5888
38656
5889
38662
38664
38665
5899
38668
5900
5902
38671
38667
5906
38677
5910
38686
5920
38688
38689
38691
38692
38695
5928
38696
5929
38701
38704
38705
5939
38709
5942
5945
5947
5952
5954
5961
5963
5965
5966
38735
5967
38739
38740
38741
38745
5977
5979
5980
38748
38750
38751
38753
5990
5993
38762
38765
38766
38769
6001
38771
6007
38781
6014
6018
6019
38791
6026
38794
6028
6033
38804
38805
38807
6040
38810
6044
6047
38817
6053
38823
6058
6059
6060
38830
6063
6069
6071
38845
6080
38849
6086
6092
38861
6105
6109
38878
38879
6112
6113
38884
38885
6118
38887
38888
38889
38890
6121
38893
38895
6127
6129
38898
38906
6140
6142
38910
38913
6146
38917
6151
6154
6155
38924
6158
38929
38932
6166
38935
38938
6170
6172
38942
38943
38944
6179
38948
6185
6186
38958
6190
6192
38960
6193
6195
38962
6196
6194
6199
6211
38981
6214
6217
6223
6224
38994
38997
6230
6231
39003
39006
6240
39008
6242
6244
6250
39019
6252
39021
6253
6256
39024
6259
6262
39032
6265
6267
39036
39037
39038
39040
39044
6278
6279
39047
39049
39050
39052
39053
39055
39057
39059
6294
6295
39066
39068
39070
39071
39072
6305
6306
39077
6317
39086
39089
39090
6323
39092
6325
6326
39095
39096
6327
39099
39101
6334
39105
6338
39106
39108
39109
6343
39112
6345
6347
6349
39121
6353
6354
39126
39127
39129
39133
6368
6373
6376
6377
39146
39147
6379
6382
6383
39152
6385
39157
6390
39159
39160
39161
6392
6391
6394
6398
6399
6402
39175
6409
6411
6416
39185
6417
6422
39191
6424
6432
6433
6435
39205
39211
6444
6446
6447
6448
6449
39215
39216
39220
39223
6456
39228
39229
6462
6461
39230
39233
39235
6471
39241
6476
6478
6481
6482
6483
39252
39249
6490
6493
6496
39267
6502
39271
6504
6506
39276
6508
6510
6511
39281
39282
39283
39285
6518
6517
39288
6520
39297
6531
39300
39301
6533
39304
6542
39313
6547
39321
39322
39324
6557
39326
39329
39332
6566
39339
39344
39346
39347
6580
6582
6585
6589
6594
39362
6598
39366
6606
6608
6615
39384
6617
6619
39389
39390
6622
39393
6626
39395
39396
39397
39398
39399
6635
6640
6641
39411
6645
6648
6650
39419
6654
6655
6656
39432
6666
6668
39436
39438
39439
6669
39441
39445
39448
39455
6687
39457
39463
39464
6697
39470
39471
39472
39473
6706
6707
39475
6710
39480
6712
39482
39483
6716
39486
39488
39489
39492
6726
6728
6729
6730
6731
6733
6736
39504
6738
39506
39509
6742
6743
39513
39514
39516
39519
6751
39521
39520
6757
39530
39533
6765
39538
6771
39540
6773
39545
6781
6782
39550
6784
39553
39557
6791
6792
6794
6798
39566
6801
6804
39574
39575
6808
39579
6815
39584
6817
39583
39589
6826
6828
6829
39601
39603
39604
6836
39609
39614
39616
6851
39621
39623
39624
39625
6856
39628
39634
6867
39640
6872
6874
39645
6878
39647
39648
39649
39651
39652
39653
6884
6888
39657
39660
6897
39666
39668
6907
39675
6909
39679
39682
6916
39686
6918
39687
6921
39691
39695
39696
39697
39705
6940
6941
6950
6952
6956
39724
39729
6962
39730
39731
6965
39734
6969
6972
6976
39745
6978
39747
39749
39751
39759
39762
6995
6994
39767
7000
6999
7006
39777
7009
7011
7013
7014
39783
7019
39787
7022
7025
7026
7027
7029
7030
39799
39802
7038
39813
7045
7047
7048
7046
7049
7053
7057
39826
7059
7060
7058
7062
7063
39834
7068
39838
7075
39845
7079
7082
7086
7091
39860
39861
39863
7095
39865
39866
39864
39869
39871
39875
7108
7107
7109
39880
39881
7113
7116
7121
39891
7127
39895
39897
7131
7132
39899
39903
39907
7142
7143
7144
7149
7151
39920
7153
39923
7156
7157
7159
7160
7164
39933
39936
7169
7171
39942
7174
7178
7179
39946
7185
7187
39959
39969
39971
7208
7211
7213
7214
39983
7217
7220
39989
7222
39994
39996
7229
39997
39998
7234
40002
7237
40006
40007
40009
40010
7243
7247
40022
40025
7258
7264
7267
7270
7272
40041
40042
7275
40044
40040
7278
7280
40049
7283
40051
40055
7293
40064
7297
7299
7303
7305
40073
7309
40077
7311
7312
7313
40084
40086
7319
40087
7321
7320
40091
7327
40097
40098
7332
7335
40104
40111
40113
7345
40115
7346
7352
7356
7360
7363
7365
7366
7370
40138
7371
40144
40145
7378
7380
7381
7382
40151
7384
7385
40154
7387
40152
7386
7390
40153
7392
40155
7396
40165
7401
40171
40173
7407
7408
40177
40178
40187
40189
7427
7428
40196
40199
40201
40206
7438
40209
7447
40216
7452
7454
7462
40230
40232
7463
7466
7467
40234
40239
40240
7473
40242
7476
40246
40247
7480
7481
40251
7485
40256
7490
7491
7493
40269
7503
40275
7509
40281
7513
7516
7517
40284
7520
7521
7527
40298
7530
7534
40303
40304
7538
7540
40308
40309
7545
7548
7549
40317
7553
7558
40327
7562
7565
40334
7566
7567
7573
7576
40346
7581
40350
40349
7586
7589
40359
7596
7597
40367
40369
40372
7606
7609
7616
7617
40384
7619
40389
40393
7635
40407
40410
7643
40411
7645
40415
7648
40417
7647
40420
40421
7654
40424
40426
7661
7662
40429
7667
40442
7676
40444
7678
40449
7681
7683
7688
7689
40458
40457
40460
40464
40466
7699
7700
7706
7708
40476
40478
40485
40487
7719
40489
7720
40490
7724
7726
40498
7730
40499
40503
7736
7741
7742
40516
40518
40519
40524
40528
40533
40535
7768
7769
40539
40540
40542
40543
40545
7781
7782
40551
7784
40556
40557
40558
7789
7795
7797
40568
40570
7803
7804
40573
40575
7808
7815
7817
40587
40590
40591
7824
7826
40598
40601
7839
40608
40607
7842
7844
40613
40615
40616
40620
7853
40621
7852
7857
7859
7861
7865
7867
7868
7873
40643
7879
7882
7883
7887
7888
7889
40660
7893
40662
7895
40665
40666
7898
7899
7901
7905
40675
40677
40679
40680
7913
7921
40689
40700
7937
7941
40710
40713
40715
40718
7952
7955
7956
40725
40726
40727
7959
7962
7963
7964
40733
40732
7967
7971
7972
7973
7974
7979
40748
40747
40752
7984
40754
7987
40758
40759
7991
7992
40763
7996
40765
7998
40769
40772
8004
40775
8010
8011
40786
40787
8022
40791
40792
8025
40796
8029
40797
40799
40802
40806
40807
8041
40826
8060
40828
40830
8065
8069
40837
8071
8072
8073
40839
8078
40848
8081
40852
40855
8088
40857
8090
8091
8092
8098
40868
8100
8106
40880
40882
8114
8116
8119
8121
40891
40894
40905
8139
40907
40913
8149
40918
8151
8154
40923
8155
8160
40932
8166
40935
40936
40937
40940
40941
8174
8177
40945
8181
40951
40952
40955
8187
8189
40958
40960
40961
40964
40965
40969
8203
40975
8207
40980
8214
40986
40989
8224
40994
40997
40998
41000
41006
41012
41013
41020
41023
41025
41026
8259
8260
8261
8262
41034
41035
8272
41040
41043
41044
41045
41046
8277
8280
8285
8287
41056
8289
8293
8297
41066
41069
41071
8304
41073
41074
41076
8309
8310
41084
41086
8320
41092
8324
41098
41099
8333
41102
8336
41107
8340
8344
41113
8347
41116
8353
41121
41123
8356
41125
41126
8358
41130
8370
8371
8372
8373
41142
41143
8374
41146
8378
41149
8390
8391
41162
41164
8400
41168
41175
8410
8411
41182
41188
8420
41194
41195
8427
41198
8431
41199
41200
41211
41217
8455
41223
8457
41229
41231
41233
41234
8466
41236
41235
41238
8471
8473
8474
8475
8477
8478
41250
8484
8485
8486
41254
8488
41257
41263
41264
8497
8500
41269
41272
41275
8511
8513
8519
8522
8524
8526
41296
8530
8532
41302
41303
8536
41304
41307
41308
41309
8540
41311
8544
41318
41321
8558
41327
41328
8567
8569
8571
41342
41345
8580
8585
8588
41356
8589
41358
41364
8597
41365
8601
8602
41375
8614
8622
8623
41395
41401
41402
8638
8640
8641
41410
8644
41414
8648
8649
8651
8653
8655
8656
41425
8660
41429
8662
8663
41431
41430
8671
41440
8674
8676
41448
41454
41456
41457
41458
8694
41463
41467
41472
41475
41480
8718
8720
41490
41492
8730
8734
8736
8737
41508
41509
8740
41511
41512
8746
8750
8752
41522
41523
8755
8757
41526
8759
41533
8767
8768
41535
8769
41536
41543
41545
41547
8780
41550
41551
41554
41559
8792
41561
41562
41564
41565
8799
8803
8806
8808
41577
8815
8816
41588
41589
8824
41594
8827
41599
41600
41603
8836
41611
8844
8845
8846
8847
8851
41620
41621
8853
41623
8858
41628
8863
8866
41635
41636
41637
41639
41642
8874
41644
41646
8881
8888
8889
41661
41664
41665
41669
41671
41673
8907
8908
41677
41675
41680
8912
41684
41687
41690
8922
8931
8932
41702
41705
41706
8938
8942
8947
8957
41728
41729
8963
41733
41734
8967
41735
8969
41737
8971
41740
41741
41743
41745
8978
8979
8985
8989
41759
8994
41764
8997
8998
41767
41769
9011
41781
41782
9014
9019
41788
9021
9023
41797
41798
41799
41800
9035
41804
41806
9039
41808
41814
9048
9050
9051
9052
41821
41826
9059
41829
41831
9063
41838
41839
41842
41843
41845
9078
9077
9080
41849
41850
41851
41852
9085
41853
9089
41859
9093
9094
41864
41868
41869
9101
41871
41875
41883
41884
41886
9120
41888
9121
41890
41892
9123
9130
41900
41902
41909
41910
41912
9144
41914
9151
41921
9158
9166
41937
41940
9175
9176
9178
9181
9183
41953
9188
41956
41960
9199
41970
9202
41975
9209
9210
9212
9219
9222
41991
41990
41993
9224
41995
41999
42001
42004
9241
42011
42012
42014
9248
9249
9250
42019
42020
9253
42026
9259
42028
42032
42041
9275
42044
42045
9281
42050
9284
9289
9292
9293
9294
9296
42064
9299
42068
9300
9307
42076
42077
42079
9312
42081
42082
9317
42087
9320
42089
42091
42092
9323
9326
42095
42096
42098
9331
9333
9334
42104
9337
42108
9340
42110
9341
9345
42116
42117
9350
42120
9355
9356
9357
9358
42128
42132
42134
42135
9368
42138
42144
42146
9378
9380
42148
9383
42152
9385
9388
9389
9392
9393
42163
9395
42168
42169
42170
9404
9408
42177
42180
42181
9416
42185
9417
9421
9423
42192
42196
42198
42202
42204
9437
9439
9440
42209
42212
9444
9448
42217
9449
42219
42218
9453
9455
9456
9458
42230
42231
42239
9472
42240
42242
42241
9476
42245
9480
9481
9482
42252
42253
9485
9489
42258
9491
9492
9493
42262
42267
9503
42272
42276
9511
42283
42285
9518
9519
42287
9521
42288
9523
9525
42293
9529
9531
9533
42302
9534
9537
9538
42306
42309
9545
9551
42320
9552
9556
9558
9563
9565
9570
42341
9574
42344
9576
9581
9583
9585
42354
42358
9590
42361
42362
9594
42363
9597
9598
42370
9603
9605
42374
42375
9612
42382
9614
42390
42393
9634
9635
42404
42405
9639
42409
9648
9649
9652
9653
42424
9657
42431
9663
42433
9667
42435
42438
9670
9675
9677
9678
42447
42448
9681
42450
9682
42451
9687
42456
9688
9694
9697
42466
9699
9704
9707
9712
42480
42484
9719
42488
42491
9727
9729
9732
42501
42503
42504
9737
42505
9744
9745
9750
42519
9751
42521
42524
9757
42527
9760
9761
42531
42532
42533
9767
42537
9770
42545
42546
42547
9780
9778
42551
9788
9790
42559
9793
9794
42564
42566
42567
9798
42571
9805
42577
42580
42582
9815
42584
9817
9818
9819
42589
42593
42594
9828
9831
42601
42604
42608
9842
42615
9856
42625
42627
9861
9865
9873
9876
42645
42646
9881
42651
9883
42653
9888
42657
9889
42659
9892
42661
42660
42663
9896
9903
9905
9906
42675
9907
9909
9914
9916
9917
9920
9927
9929
42703
42705
42706
42708
42710
9942
9944
42717
42724
9958
42729
9967
42736
9968
42740
42741
9974
9973
9976
42744
42746
42745
42748
9985
9986
9992
9993
42762
9995
42764
9999
10003
10008
10009
42778
42779
42776
10014
42784
10017
42786
42791
42797
42798
42801
42803
10035
42804
42806
10039
42811
42817
10052
10053
10054
42820
42825
10057
42827
10060
10064
10065
42832
10068
42838
10071
10079
42848
10081
42853
10085
42856
10093
42862
10095
10097
42867
10101
42869
10106
42876
42877
10111
10112
42881
42880
42889
42891
42892
10125
10135
42909
10143
10145
10150
42923
10155
42927
10160
42929
42935
42937
10169
42939
42940
42942
10175
10180
10181
42949
42953
10186
10187
10188
10190
10192
10193
42961
42965
10200
42969
42972
42973
10206
42978
10213
42984
42986
10220
42990
42991
42995
10228
10229
10233
43001
10235
43002
43005
10239
10240
10243
43012
10250
43023
43025
10258
43031
10265
10266
43035
43036
43033
43038
10271
43040
10267
43042
10275
43037
10279
10286
43055
43056
43057
10287
43059
10293
10295
43065
10298
10304
43077
10310
10314
10315
43082
43085
43086
43088
43091
10324
10327
43099
10336
43105
43108
43110
43114
43115
43117
10350
43123
10359
10361
43133
10366
43135
10368
10374
10377
10378
10380
10381
10382
43153
43154
43155
43157
43160
10393
43162
10397
43166
43167
43172
43173
10406
43177
10414
43187
43189
10422
10423
43192
10426
43195
10428
43198
10432
10433
10434
43204
10439
43213
10445
10449
43217
10454
43223
10461
43229
10463
10464
43237
43238
10474
43243
10476
10479
10480
43248
10484
10486
10487
10488
43259
43260
43262
10495
10499
43269
10501
10507
10512
10513
10514
43283
10518
43286
10521
10523
10527
43295
43300
43302
10534
43311
10543
10551
10554
43324
10564
10565
10567
43337
10570
10571
10574
10577
10579
43347
43349
10582
10580
10587
43355
10589
43363
43364
10597
43366
10601
43370
43374
43375
10606
10609
10612
43385
43388
10628
43400
43407
43409
10641
43412
43414
43416
43417
10651
43420
10652
43422
43424
43425
10656
10660
10661
10666
43434
10668
43437
10670
43439
43441
43445
10678
10679
43446
10683
43456
10692
10693
43463
43464
43467
43468
43471
43475
43476
10710
10711
43480
43479
10713
43485
43490
10723
10724
10726
43496
43497
10732
43503
43504
10736
43508
10741
43511
10748
43520
10759
43528
10761
10764
43535
43537
43540
10775
10776
43545
10778
43546
10787
43556
10789
10790
10788
43564
10798
10800
43569
10803
10804
43571
10810
10811
10813
10814
43583
43581
43585
43586
10819
10820
43589
10822
43590
43592
43593
43594
10818
43599
10832
10833
43602
10841
43613
10846
43615
10847
43620
10852
10855
10860
43628
43632
10872
43645
43647
43653
10885
43659
43660
10892
43661
10891
10893
10897
43662
10899
43668
10900
43669
43671
10905
43673
43675
10909
10911
10912
10919
10920
43692
10924
10925
43697
43698
10932
43702
43703
10937
10940
43709
10942
10946
43718
10952
43726
10959
10960
10968
43742
43743
43744
10976
10978
10979
43747
10981
10982
43753
43754
43756
10989
43757
10993
43761
43768
11002
43770
11006
11007
43776
43779
11012
11016
11017
43785
11022
11026
43796
11030
43799
43800
11034
11035
11036
43805
43806
43807
11038
11042
43812
43813
11051
43822
11056
11058
43826
43827
43829
11062
43831
43832
11063
11066
11060
11069
43839
43840
43841
43842
11073
11077
11078
11079
43848
43847
11081
43851
11083
43855
43856
43865
11098
43867
43874
43875
11108
11109
43880
43884
43885
43886
11121
43890
11123
43894
43897
43902
43904
11140
43915
11149
11150
43920
43922
43923
11156
43924
43929
43931
43933
11166
11168
43936
11169
11173
43942
11175
11174
43945
43947
11180
11183
11184
43955
43956
11189
11188
43957
11187
11193
11195
43966
11198
43968
11201
11202
11211
43979
43982
11217
43986
43987
43990
11223
11225
11226
43994
43996
43999
44001
11235
11236
11237
11239
11240
11243
44012
11245
44014
11248
11249
11252
44020
11256
11259
44028
11271
44040
11276
11278
11280
11285
11286
44055
11288
44062
11295
44067
44071
44072
44084
11317
11319
11322
11326
44095
44100
44103
44104
11337
44107
11339
11340
11341
44113
11345
11349
11350
11351
44120
11353
44118
11356
44128
44129
11362
44131
11366
44137
11371
44140
11376
44145
44147
11379
44149
44150
44152
44154
44159
44161
11393
44166
44168
11400
44172
11405
44175
44176
11409
44178
44179
44180
11415
44184
11419
11420
11422
44191
11425
11426
44196
11428
11431
44201
44207
11439
11441
11445
11447
44217
44222
44226
44229
44230
11463
11464
11466
44235
44234
44237
11471
44239
11474
11475
11476
11483
11487
44256
11489
44257
11490
44255
11493
44261
44263
11497
44265
44268
44276
44277
11510
11513
11514
11518
11519
44288
11521
11524
44293
44295
44296
11529
11528
11535
44304
11538
44307
44310
44311
11543
11545
44318
11559
44328
44329
11560
11564
44334
44335
11571
11572
44342
11574
44344
44345
44346
11580
11583
44354
44358
11591
11593
11596
44368
44373
11606
44382
11617
11619
11621
11622
11623
44392
11625
11628
11629
44399
11632
44402
11635
44404
11636
44407
11639
11642
44416
44417
11650
11651
11652
44421
11657
44426
11659
44430
11662
44431
44435
11671
44439
11675
11679
11680
11684
11689
11690
44459
44461
44463
11695
11697
44466
44465
44468
44467
11702
11706
44475
11708
11711
11712
44482
11722
11723
11724
44492
44490
11731
11732
44500
44504
11737
11738
11739
44510
44512
44513
44518
11750
11752
44522
44523
11756
11758
11760
11766
11768
44538
44540
11775
44544
11782
11783
44555
44557
11792
11799
44570
11804
44574
11807
11809
44578
44580
11813
11812
44582
11818
11820
44590
11823
44593
11826
11827
44596
44597
44600
11833
11835
11836
44607
44608
11841
11845
11848
44618
11852
44624
44627
44628
44632
44633
44635
11868
44636
11872
11873
11876
44647
11882
11885
11886
11887
44666
44670
11902
11904
44674
44675
44676
11909
44677
44680
44684
11917
44686
44687
11920
44688
11918
11924
44695
11933
44705
11939
44708
11944
11949
44718
11953
11957
11958
44730
11963
11965
44735
11969
44738
44740
44743
44746
44747
44748
11982
44751
44753
11989
11990
11991
44760
11998
12001
12007
44776
12013
44782
44784
12016
44785
12019
12020
44792
44793
44794
12027
44795
44796
44798
12026
12036
44805
12045
44813
44815
44816
44817
44820
44821
12056
44824
12058
12059
12060
12057
44833
44834
12065
12070
12073
12074
44842
12075
12079
12080
12081
44853
44856
44857
44864
44865
44866
44867
12100
12106
44885
12118
44892
12128
12129
12130
44898
44900
44899
44903
44904
44906
44907
12140
12141
12139
44910
12149
44917
44921
12156
44925
44926
12157
12163
44933
12167
12173
12182
44953
12186
44954
12188
44957
12200
12201
12202
44972
12205
44977
12210
44980
12215
44985
12219
44988
12222
12225
44995
44997
44998
44999
12230
12233
12235
12236
45006
45011
12244
45013
12246
45015
45012
45018
12252
45022
45023
12256
12258
12262
12265
12269
45038
12271
12270
12273
12274
45043
45042
45039
45046
12281
45057
45061
12294
12297
45066
45072
12308
12310
45083
12317
12319
12321
45091
12325
12327
12328
12335
12336
12337
45106
45110
12343
45113
45114
45116
45120
12352
12355
45124
45123
12363
45135
12371
45140
45139
12374
45143
45144
12377
45156
45157
12390
45158
12391
45163
45164
45165
12398
12399
12407
12409
45180
45181
45182
12414
45183
12420
45191
45192
45194
45197
45203
45204
45205
45207
12442
45210
45215
45217
12449
45221
12459
12465
12469
45238
12473
45242
45244
45246
12482
45251
45253
45256
12491
12493
12496
12501
45269
45271
45272
12505
12507
12508
12515
45285
12518
45294
45296
12529
12532
12533
12534
45304
45306
45312
12546
12549
12550
12551
45319
45321
12553
12557
45328
45330
12569
45338
45339
12570
45341
45344
45345
45346
12579
45347
45349
45351
12584
12586
45359
12593
45364
12597
12596
45367
12600
12601
45370
45374
12609
12611
12612
45380
12613
12615
12618
12619
12620
45389
12637
12638
12640
12641
12642
45408
45412
45413
45414
12647
45417
45420
12653
12655
12657
12659
12663
12668
45436
12669
45439
45440
45441
12677
45449
12681
45451
45453
45454
45455
12693
12696
12697
45469
45470
45471
12705
45478
45479
12710
45481
45482
12713
12716
12720
45489
12724
45499
12735
12741
45511
45513
45515
45516
12747
12750
12751
45519
12752
12754
45521
45525
45529
12764
12770
45542
12776
45545
12780
45550
45551
45553
12786
12785
12790
12792
45563
12796
45564
12798
12802
45571
45570
45574
12808
12809
45578
12811
45579
45583
12815
12818
45587
12825
45594
45599
45601
45602
45606
12839
45615
45616
12849
12851
12852
45624
12858
12860
45629
12869
12870
12874
12877
12883
45652
12884
12886
45660
45661
45663
45669
12903
12906
12908
12915
45685
45689
12925
45695
12928
45698
12931
12936
45705
12939
45711
12944
45715
45716
12952
45721
12956
12961
45730
45731
45732
12965
12966
45735
45737
12970
12971
45741
12974
45744
45748
45757
45759
12992
12991
45762
12994
12996
45765
45766
12999
13001
45770
13004
13005
13007
13009
45780
13013
45783
45789
45792
13030
45799
45801
45806
13040
45810
45812
45814
45815
13048
45818
13052
13054
13055
13057
13058
45828
45830
45831
45832
13063
45835
13068
45836
45838
13071
13072
13070
45843
13075
13077
13076
45847
13081
45850
13083
45852
13085
45854
13086
45857
45858
45859
13090
13093
45863
45869
13102
13104
45875
45878
13111
13110
45881
13112
45884
45885
45886
45887
13120
13123
45892
45893
45895
13128
45898
13132
13134
45903
13136
45909
45910
13142
13141
45911
13143
13147
45916
45915
45918
13153
45921
45924
13158
45927
13159
45934
13166
13169
13173
13174
13187
45956
13189
13192
45961
45963
13195
45967
13200
45969
13202
13203
45972
45973
13206
45980
13213
13214
45983
13215
45991
13223
13228
13229
45997
13230
13236
46005
13237
46009
46013
13246
46014
13248
13249
13251
13252
13254
46025
46034
46035
46039
13272
46048
13281
46052
46053
13286
46054
46056
13289
46062
46063
46064
13298
13299
13302
46070
46075
13307
13311
13313
13314
46088
13321
46092
46094
46095
13328
13334
46103
13337
46107
13340
46113
13347
13350
46120
46123
46124
46126
13359
13360
46128
13367
13375
13376
46145
46151
46154
46157
13389
46159
13392
13394
46162
13401
13402
46171
46176
13410
46179
46182
13415
13418
13420
13430
46200
46201
13434
46203
13436
46205
46206
13439
13437
46208
46207
46213
46215
13447
46217
46222
46225
13461
46231
13465
46233
46235
13467
13470
13471
46242
13483
46251
13486
13487
13490
13491
13492
46264
13497
46265
46267
46270
13504
13505
13506
46275
46276
46277
13513
46281
46282
13516
13519
46289
13524
46293
13527
46296
13530
13532
46301
46303
46306
46307
46312
46313
13546
46315
13547
46317
13551
13552
46321
13555
46325
46328
46329
13561
13563
46333
13565
46335
13574
13578
13579
46349
13586
46354
46357
13592
46360
13594
13595
46361
13593
46365
13600
46369
13602
13603
46372
46371
46370
46374
46376
13609
46378
13608
13605
46381
46382
13615
46386
13619
13624
13626
13627
46395
46399
13632
46406
13639
46407
13643
46412
13646
13648
13649
13652
46423
46424
13658
46432
13664
13666
13668
46438
13671
46440
46441
13674
13673
13676
46443
46447
46448
13679
13682
13683
46453
13685
13686
13689
46466
46468
46469
13701
13703
46475
46478
46479
13711
46481
13713
46483
13717
13719
46487
46488
13731
13732
13735
13738
46509
13742
46510
46512
46511
46514
13750
13754
13756
46524
13758
13759
46527
13761
46531
46532
46539
13772
46541
46544
13777
46549
46553
13785
46557
46560
13793
13794
13796
13802
46571
46572
46573
13806
46577
13811
13814
13815
13816
46584
46587
46588
13822
13823
13824
13825
13827
13829
13830
46600
13835
13836
46604
13840
13841
13842
46608
13844
46613
13846
46615
13848
46617
46614
46619
13852
13857
46626
13859
13860
13861
13862
13879
46653
13885
46655
46664
13898
46669
13904
46675
46677
13912
46682
46683
13914
13915
13920
13922
13932
13936
13937
46706
13938
46708
46710
13942
46712
46713
13948
13949
13950
46717
46716
46721
46720
13955
13956
46725
46727
13960
46734
13970
46740
13972
13978
46749
13983
46757
46763
13996
13997
46766
13999
14001
46770
14007
46779
14012
14023
46797
14029
14031
14033
14034
46805
46807
14042
14044
46813
14050
46819
46818
14052
14054
46822
46827
46835
46836
14069
46843
14076
14079
14084
46853
14087
46856
46864
46868
46869
46872
14106
46876
46881
14116
14117
14120
46890
14125
46895
46896
14131
14132
46902
46905
46907
14139
46910
14143
46911
46919
14153
46923
14156
14155
46926
14161
46929
46930
14166
46935
46937
46940
14174
46945
46947
14180
14185
46953
14187
46961
46967
46971
14209
46980
14213
46981
14216
14219
46988
14221
46991
46992
14223
14227
46995
46997
14231
47006
14241
47009
14246
47014
47018
14253
47022
14254
14259
14268
14273
47042
14275
14276
47054
47056
47059
14294
47062
47063
14297
14299
47074
14309
14310
14312
14313
47082
14315
14317
14319
14320
14322
47091
47092
47093
47095
47096
14329
47098
47099
14330
47102
14335
47104
14337
47106
47111
14343
14351
14354
47122
14358
14360
47131
47133
47134
14366
47136
14369
47135
14373
14378
14379
14380
14382
14383
47152
14386
14388
14389
47158
47156
14394
47163
47170
47172
14405
47173
14406
47176
14408
47182
47183
47184
47190
14423
47191
14425
47196
14429
14432
47201
14434
14435
47202
47203
47205
14433
47208
47209
14442
47207
47211
47216
14450
14453
47222
14455
14454
47221
47228
47230
14463
47236
14469
14476
14477
47248
14481
14486
14487
47258
47259
14491
14494
14498
47267
47268
14499
14502
14503
14504
47274
14507
47276
14520
47288
47292
47295
47296
47297
47298
14532
47301
14534
14536
47304
14539
47309
47310
47316
14550
14553
14554
47325
14559
47329
47330
47334
14568
47337
14571
14573
14574
14575
14577
14578
14588
47357
47359
47362
14595
47366
14600
14601
47368
14603
14605
47379
14612
47382
47386
47387
14619
47392
14627
47396
14629
47399
14640
47409
47408
14644
14646
47416
14650
14655
14661
47431
47437
47438
47439
14669
14672
14675
47444
47443
14678
47452
14691
14696
14698
14702
14706
14707
14708
14709
47479
14716
47488
14721
14722
14720
47492
47489
14727
47500
14734
47505
14739
47507
47509
14745
47518
14752
14755
47524
47525
14758
14760
47534
14767
14774
14775
47544
14778
47555
47556
47557
47560
14796
47565
14798
14801
14802
14803
14811
14812
14820
47589
14825
47594
14827
47595
14833
14835
47604
14837
47606
47603
14841
14842
14843
14845
14849
14850
47620
47621
14854
47625
14859
47627
14861
47629
14862
47632
14866
47634
14868
47637
14867
14875
14876
14877
47646
47647
14883
14890
47659
14892
47662
14894
47667
47668
47672
47674
14909
47678
14911
47679
47677
47682
14915
14916
14918
47689
14922
47691
14927
47695
14929
47698
47699
14930
14931
14933
47705
47707
47710
47719
47720
14954
14955
14956
47725
14959
47727
47730
14962
14964
14965
47733
47739
47740
14973
14975
14978
47749
14983
47753
14987
47756
47759
47761
47762
47763
47764
15003
47773
15008
15010
47778
47781
47783
15017
15019
47792
15026
15029
15032
15034
47804
15039
15041
47812
15044
47814
47816
15050
47819
15053
15054
47823
15058
15059
47832
47833
47840
47841
47843
15076
47844
47847
47850
15084
15085
15092
15098
47868
47870
15102
47872
47877
47882
15114
47885
15119
47888
15124
15125
47894
15129
47899
47903
15136
47906
15139
47908
47909
47912
15146
15147
47919
47920
47925
15160
15162
47936
15171
47939
15175
47943
15177
15185
47954
47956
47957
15189
15188
15192
15191
15195
47965
15202
15206
47976
15211
47980
15214
15216
15217
15218
15219
15223
15225
15228
47997
47998
15230
15232
15233
48002
15235
15236
48005
48006
15240
48009
48016
15252
15255
15258
15259
48030
15262
48033
15266
48036
15269
15273
48045
15278
15279
15282
48053
15285
15286
48058
15292
48062
15297
48066
15303
15304
48074
15312
15313
15314
15318
48086
48088
15320
48090
48089
15324
48087
15323
15326
48102
48103
15336
15343
48119
48120
15352
15360
48131
48141
15379
15380
48149
48151
15383
15385
48154
48156
48157
48160
15396
15400
48170
15402
15407
15412
48181
48183
15416
15417
15422
15425
15429
48199
48200
15432
48208
15443
15445
48213
48217
48218
15450
48220
48226
15463
48232
48233
48239
48243
48244
15477
48246
48247
48248
48249
15483
48255
48259
15492
48261
48263
48264
48266
48270
15503
48279
48285
15519
15527
48304
15542
15546
48315
15547
48314
48319
48320
15552
15554
15556
15557
48327
15561
48330
15564
15570
15574
48346
48347
15583
15584
48354
48360
48361
48362
15593
48365
15598
15603
48378
15610
15612
48381
48383
48391
48392
48395
48404
15640
15641
48410
15642
15650
15651
15652
15653
48421
15654
15656
15658
48427
15661
15664
48435
15673
48444
15677
15678
15679
48448
48447
48452
48453
15689
15694
48464
15697
15698
15702
15703
15706
48474
48476
15711
15713
48482
48483
48484
48489
15722
15723
48493
48495
15728
48499
48501
15734
15735
15736
48505
15737
15739
48508
48510
48512
15745
48519
15753
15754
15755
48523
48530
48531
48533
48534
48535
15766
15769
48538
15772
15774
15775
48543
48549
48550
48553
15788
48556
15790
48560
48566
48571
15804
48572
15807
15808
48575
48580
15813
48583
15817
48587
15820
15822
48594
48595
15829
48599
48608
48611
15846
48617
15853
15858
15860
48630
48632
48638
15873
15884
48653
15886
15888
48658
15890
15891
48660
48659
15895
48666
15902
48673
48674
48676
48677
15910
48678
48681
15913
48683
15919
15920
48687
48694
48697
15929
48699
48702
15937
15939
48708
48709
15941
15944
15950
48720
15952
48722
48723
15960
48730
48733
48737
48739
48741
48744
15977
48748
15981
15982
48752
15987
15989
48758
48757
48765
16002
16004
48772
16005
48775
16010
48782
16015
16017
48785
48796
48799
48800
16034
16037
48810
16043
48814
16049
16053
16056
16057
48830
48833
16066
16067
48835
48842
48845
48846
48849
48850
48852
16087
48858
16091
16093
48862
16097
48866
16101
16105
48874
16109
16111
16113
48884
48885
16116
16123
48893
48895
16131
16132
48901
48902
48904
48906
48907
16145
16147
16153
48922
48924
16157
48926
16160
48935
48936
48939
48942
48944
16177
16178
16182
48951
48952
16185
48953
48957
16190
48960
16196
16197
16199
16201
16202
16207
48976
16213
16216
48990
16225
49001
16233
16236
16238
16239
49009
16243
16245
16246
16249
49017
49020
49021
16255
49039
16273
49042
49044
16277
49046
49048
16280
16282
49050
16284
49053
49054
49055
49056
49058
16295
49067
49069
16304
16305
16306
49075
16311
49079
16314
49082
16316
16318
16319
16321
49089
49091
16324
49093
49094
49099
16334
49104
16337
49105
16339
49117
49118
16351
16352
49126
16360
49130
16363
49133
16369
49138
49139
49137
16372
16374
16375
16377
16389
49159
16392
49162
16395
49164
16397
16400
49169
16402
16404
16410
16411
16413
49183
16415
49188
49189
49191
16427
16431
16436
49205
16439
16441
49212
16446
49218
49220
49223
49224
16456
49230
16465
16467
49238
16470
49239
16474
16476
16481
16482
49251
49252
49255
49259
49260
16493
49263
16496
16497
16498
49271
49273
16510
16512
49288
16521
49290
16524
16528
49298
16530
16531
49301
49304
16536
16541
16542
16543
16544
16545
49316
49318
49320
49322
16555
16557
49325
16559
16567
16569
16570
16572
16573
16577
16578
16579
16580
49347
16581
49351
49358
16593
16594
49363
16597
49366
16603
49371
49380
49384
49385
49391
16624
16626
16627
49396
49398
16632
16634
16636
49405
16641
49410
16647
16652
49428
16662
16673
49443
49444
16675
16678
49447
16680
16686
16693
16694
16696
49464
16698
49467
16700
16701
49470
16703
49472
16704
16706
49474
49468
16709
49480
16714
49493
16726
49495
49494
16729
49497
16733
16735
49508
16741
49509
16743
49512
49510
16746
16748
16751
49519
16757
16760
16761
16763
16764
49536
49539
49541
49545
49547
49548
16781
49550
16782
16780
16785
49549
16789
49558
16791
16795
16796
16797
16801
49571
16807
49576
49579
49584
16819
49589
16825
49594
49600
49602
49603
16836
16837
16835
49609
16842
16846
16860
16862
49630
16867
49637
16873
16877
49645
49647
49649
16884
49653
16886
16887
49656
16888
49659
49660
49661
49663
16896
16897
49666
16905
49673
16908
49678
16912
49681
49682
16915
16916
49686
49689
49690
16932
49701
16933
16939
49707
16943
16947
16950
16953
49724
49725
16967
16968
16969
49736
16971
16972
49741
49742
16983
16986
16987
49757
49758
16994
49762
16995
49764
16998
49763
17008
49777
49780
17013
17014
17015
49781
49785
49786
17018
17019
49792
17027
49797
17030
17032
17039
17040
49808
49811
49812
17045
17046
17044
49819
17051
49823
17055
17059
17062
49833
49835
17070
49839
49843
17076
17077
49845
17079
49848
49849
49854
17086
49856
17089
49859
49861
49862
17093
17096
17094
49868
17102
49871
17106
49876
49877
17110
49881
17114
49884
17117
17118
49889
49890
17123
17127
17131
17133
17134
49914
17147
17149
49917
49920
49921
17154
17155
17156
49927
49929
49930
49932
17165
17170
17171
49938
17175
17181
49950
17184
17189
17190
49957
17191
49964
17197
17196
17202
49975
17210
49978
49983
49984
49986
49988
49989
49991
49993
49996
17231
17232
17236
17238
17242
17243
17254
17262
17265
17267
17268
17272
17278
17279
17282
17289
17290
17292
17293
17297
17300
17319
17320
17321
17323
17332
17333
17340
17341
17343
17346
17347
17353
17354
17355
17357
17360
17362
17368
17373
17385
17387
17399
17404
17405
17407
17415
17436
17438
17439
17440
17441
17445
17446
17448
17449
17451
17461
17466
17476
17481
17485
17487
17488
17489
17493
17499
17500
17501
17504
17505
17506
17516
17520
17522
17534
17538
17541
17545
17547
17555
17559
17563
17564
17567
17568
17572
17573
17574
17579
17582
17583
17588
17589
17595
17598
17602
17603
17604
17606
17610
17612
17620
17621
17624
17627
17628
17631
17632
17635
17638
17641
17644
17646
17651
17652
17656
17672
17677
17678
17684
17688
17699
17700
17701
17710
17717
17718
17721
17723
17733
17738
17740
17742
17751
17753
17757
17759
17762
17765
17768
17769
17776
17780
17781
17804
17808
17811
17819
17826
17832
17834
17835
17837
17840
17844
17848
17850
17853
17855
17859
17860
17861
17865
17867
17880
17885
17894
17898
17904
17915
17916
17924
17931
17937
17938
17940
17941
17952
17954
17958
17959
17971
17979
17980
17988
17995
18002
18003
18013
18014
18027
18029
18032
18036
18046
18050
18051
18054
18074
18081
18083
18086
18088
18089
18090
18091
18092
18100
18101
18109
18126
18128
18129
18133
18137
18141
18142
18146
18147
18150
18153
18156
18160
18161
18163
18170
18171
18176
18178
18189
18190
18192
18194
18199
18204
18206
18211
18216
18229
18234
18241
18242
18243
18245
18246
18247
18249
18256
18257
18266
18269
18287
18288
18289
18291
18293
18294
18298
18304
18307
18310
18311
18317
18318
18324
18328
18329
18335
18338
18340
18341
18344
18348
18351
18366
18367
18368
18370
18371
18373
18380
18382
18387
18389
18393
18394
18414
18416
18417
18419
18420
18422
18432
18433
18436
18445
18452
18458
18469
18470
18472
18474
18482
18484
18489
18493
18496
18501
18503
18506
18507
18510
18525
18528
18529
18530
18532
18548
18556
18560
18565
18568
18578
18581
18584
18586
18590
18591
18593
18603
18607
18612
18613
18615
18629
18632
18637
18639
18643
18646
18657
18663
18665
18669
18670
18674
18676
18678
18686
18687
18692
18693
18694
18716
18717
18721
18726
18729
18733
18743
18746
18751
18756
18764
18765
18767
18768
18781
18782
18787
18788
18790
18807
18811
18815
18818
18827
18838
18840
18845
18847
18849
18852
18854
18856
18857
18863
18865
18868
18869
18872
18873
18882
18885
18894
18896
18901
18902
18907
18913
18915
18917
18919
18920
18931
18933
18935
18937
18939
18942
18944
18945
18946
18954
18958
18959
18960
18966
18971
18972
18976
18987
18988
18991
18993
18994
18995
19003
19004
19005
19010
19013
19014
19015
19017
19019
19021
19022
19023
19024
19025
19031
19035
19036
19040
19042
19043
19044
19061
19063
19064
19067
19070
19071
19082
19089
19095
19107
19109
19110
19115
19116
19117
19139
19154
19155
19157
19160
19166
19169
19176
19187
19190
19193
19206
19212
19216
19219
19222
19223
19227
19229
19234
19236
19245
19252
19253
19257
19272
19275
19277
19286
19287
19288
19294
19295
19300
19316
19318
19320
19324
19326
19329
19331
19334
19335
19338
19340
19347
19350
19352
19356
19358
19368
19374
19375
19378
19384
19385
19387
19390
19412
19420
19429
19436
19438
19440
19441
19445
19453
19454
19455
19459
19463
19465
19468
19473
19480
19499
49466
19506
19508
19511
19515
19519
19522
19523
19529
19536
19537
19538
19539
19544
19558
19559
19565
19566
19569
19571
19573
19575
19576
19577
19580
19586
19589
19598
19599
19604
19606
19611
19613
19616
19618
19619
19624
19628
19630
19632
19633
19635
19636
19641
19646
19647
19648
19662
19668
19672
19673
19677
19683
19685
19694
19698
19702
19704
19706
19708
19714
19719
19720
19725
19734
19745
19750
19753
19760
19761
19763
19770
19774
19775
19781
19782
19787
19789
19790
19793
19804
19809
19810
19815
19820
19827
19831
19834
19836
19839
19845
19847
19852
19859
19868
19870
19871
19877
19881
19887
19889
19901
19910
19921
19924
19925
19926
19949
19950
19955
19958
19964
19966
19968
19973
19979
19985
19987
19988
19993
19998
20003
20005
20010
20016
20017
20024
20025
20029
20031
20037
20043
20046
20048
20053
20069
20070
20074
20077
20078
20090
20092
20097
20107
20112
20114
20117
20120
20121
20124
20125
20144
20152
20153
20168
20178
20182
20198
20200
20205
20208
20210
20212
20216
20220
20222
20231
20233
20234
20236
20237
20242
20249
20252
20253
20254
20259
20260
20263
20269
20271
20272
20273
20277
20278
20287
20302
20307
20309
20310
20315
20316
20317
20319
20323
20325
20328
20330
20331
20333
20338
20342
20344
20355
20357
20360
20361
20371
20372
20377
20383
20412
20416
20418
20431
20434
20438
20440
20448
20453
20454
20455
20456
20457
20458
20468
20469
20471
20476
20479
20482
20484
20488
20492
20493
20495
20496
20498
20501
20503
20506
20514
20518
20520
20529
20534
20535
20539
20546
20547
20553
20556
20562
20563
20568
20574
20576
20577
20582
20584
20585
20597
20598
20608
20611
20621
20622
20623
20628
20638
20639
20651
20654
20661
20671
20687
20690
20694
20695
20700
20703
20707
20710
20737
20740
20743
20744
20749
20759
20761
20763
20793
20796
20801
20808
20815
20816
20819
20820
20826
20842
20845
20848
20857
20860
20861
20871
20878
20880
20896
20897
20902
20906
20907
20911
20914
20922
20926
20935
20937
20940
20941
20953
20965
20978
20980
20983
20990
20992
20996
20997
21002
21014
21018
21028
21036
21040
21041
21045
21047
21053
21054
21056
21059
21060
21061
21068
21070
21074
21079
21084
21085
21086
21089
21090
21092
21096
21102
21103
21113
21115
21126
21135
21140
21142
21146
21147
21152
21157
21163
21165
21167
21169
21187
21190
21191
21195
21202
21204
21205
21218
21222
21227
21228
21230
21235
21246
21259
21260
21265
21269
21272
21278
21285
21287
21305
21306
21313
21315
21319
21329
21330
21332
21338
21352
21356
21359
21361
21362
21366
21370
21379
21381
21384
21386
21393
21399
21401
21402
21406
21413
21416
21417
21423
21432
21435
21440
21443
21444
21449
21463
21465
21474
21481
21484
21485
21486
21492
21493
21494
21496
21499
21500
21510
21522
21529
21530
21532
21533
21536
21540
21543
21551
21552
21553
21558
21561
21572
21574
21577
21578
21587
21606
21610
21612
21624
21630
21633
21634
21645
21652
21655
21657
21658
21659
21662
21670
21676
21685
21689
21691
21704
21709
21721
21723
21725
21730
21735
21737
21739
21740
21742
21747
21748
21751
21753
21763
21765
21772
21776
21785
21790
21796
21797
21800
21801
21810
21814
21818
21821
21832
21838
21839
21855
21858
21860
21863
21867
21869
21876
21878
21881
21884
21888
21892
21893
21895
21897
21900
21906
21909
21910
21915
21927
21935
21940
21942
21945
21959
21960
21965
21969
21975
21976
21990
22000
22001
22004
22011
22013
22014
22015
22018
22019
22020
22025
22027
22031
22034
22035
22041
22050
22055
22057
22059
22060
22067
22069
22073
22074
22076
22078
22079
22080
22083
22084
22086
22090
22093
22095
22099
22104
22106
22107
22111
22117
22129
22138
22161
22164
22168
22179
22189
22195
22197
22205
22207
22210
22214
22215
22216
22218
22232
22236
22240
22248
22250
22256
22265
22266
22268
22270
22272
22273
22277
22278
22279
22288
22289
22295
22299
22305
22307
22308
22310
22328
22331
22332
22336
22338
22339
22342
22346
22347
22353
22355
22363
22366
22368
22374
22376
22377
22392
22398
22404
22405
22409
22412
22413
22416
22418
22420
22421
22436
22438
22440
22445
22446
22458
22463
22467
22468
22470
22476
22481
22488
22492
22498
22501
22502
22510
22528
22531
22535
22540
22541
22543
22544
22551
22555
22557
22559
22562
22565
22568
22576
22578
22583
22597
22598
22601
22610
22611
22612
22616
22632
22633
22637
22638
22651
22654
43582
22665
22674
22676
22677
22679
22690
22700
22701
22709
22713
22715
22716
22721
22732
22737
22741
22743
22746
22748
22763
22769
22771
22772
22773
22777
22784
22798
22800
22801
22803
22810
22811
22816
22834
22844
22845
22847
22849
22852
22855
22860
22868
22870
22873
22877
22878
22883
22885
22886
22889
22892
22896
22903
22909
22910
22911
22912
22913
22916
22917
22930
22931
22932
22934
22946
22947
22948
22962
22964
22966
22971
22978
22982
22993
22997
23004
23008
23009
23029
23039
23042
23048
23050
23063
23074
23086
23088
23091
23092
23094
23095
23097
23098
23100
23101
23108
23113
23117
23118
23119
23120
23121
23130
23133
23140
23147
23157
23158
23159
23176
23179
23182
23184
23189
23191
23201
23202
23203
23206
23207
23216
23217
23221
23224
23233
23239
23245
23249
23261
23268
23273
23276
23288
23296
23299
23306
23311
23313
23314
23318
23320
23323
23324
23330
23331
23335
23342
23348
23353
23355
23367
23373
23377
23378
23380
23382
23389
23391
23394
23396
23404
23406
23410
23415
23417
23418
23419
23425
23433
23440
23448
23455
23457
23463
23471
23477
23481
23483
23491
23492
23493
23494
23496
23500
23501
23514
23515
23518
23520
23524
23525
23534
23539
23541
23542
23544
23545
23548
23549
23552
23553
23557
23561
23566
23567
23569
23574
23578
23591
23593
23595
23614
23616
23617
23618
23620
23621
23635
23641
23650
23653
23654
23655
23656
23658
23660
23673
23677
23679
23682
23689
23694
23700
23706
23707
23708
23709
23719
23721
23732
23733
23734
23739
23744
23756
23761
23767
23769
23770
23772
23775
23782
23788
23791
23797
23800
23801
23802
23806
23817
23828
23830
23831
23844
23848
23849
23853
23866
23875
23876
23878
23881
23886
23891
23892
23893
23895
23896
23900
23911
23914
23916
23917
23918
23920
23922
23924
23927
23942
23944
23947
23950
23953
23954
23970
23971
23973
23977
23980
23981
23984
23985
23992
23998
24005
24006
24007
24016
24020
24021
24030
24037
24047
24052
24053
24056
24062
24064
24065
24069
24071
24074
24080
24096
24104
24106
24111
24112
24115
24127
24128
24140
24143
24145
24146
24154
24163
24164
24167
24183
24186
24193
24195
24201
24204
24207
24210
24214
24240
24244
24249
24256
24258
24261
24262
24263
24270
24271
24272
24274
24283
24303
24306
24307
24309
24311
24322
24325
24329
24333
24339
24342
24344
24354
24361
24362
24367
24375
24378
24383
24384
24389
24398
24399
24406
24409
24412
24415
24423
24425
24435
24437
24440
24442
24449
24452
24461
24466
24475
24486
24489
24492
24495
24499
24502
24503
24505
24506
24509
24511
24516
24518
24526
24533
24539
24540
24546
24552
24553
24555
24557
24558
24565
24584
24585
24590
24591
24594
24595
24605
24607
24623
24625
24626
24630
24633
24639
24644
24648
24650
24651
24653
24656
24662
24666
24669
24670
24676
24677
24679
24680
24681
24694
24702
24703
24710
24717
24724
24727
24729
24736
24742
24743
24745
24746
24747
24750
24754
24756
24757
24759
24761
24762
24764
24770
24772
24773
24775
24778
24780
24785
24786
24787
24791
24794
24795
24796
24802
24803
24810
24813
24815
24817
24819
24820
24826
24831
24837
24838
24840
24852
24854
24857
24862
24866
24870
24876
24877
24878
24881
24882
24890
24894
24895
24896
24904
24914
24915
24916
24919
24922
24927
24931
24935
24947
24951
24956
24959
24961
24967
24969
24972
24978
24981
24991
25004
25006
25016
25022
25035
25037
25045
25050
25053
25055
25058
25073
25080
25082
25110
25118
25119
25128
25134
25135
25138
25140
25144
25145
25148
25149
25157
25161
25166
25169
25172
25175
25177
25179
25182
25184
25189
25193
25195
25198
25199
25209
25214
25219
25229
25234
25236
25243
25254
25257
25261
25268
25271
25273
25284
25287
25288
25295
25296
25302
25308
25309
25310
25315
25316
25318
25321
25322
25323
25324
25331
25336
25339
25341
25346
25354
25357
25358
25362
25366
25381
25382
25388
25391
25395
25408
25409
25415
25417
25420
25422
25423
25425
25426
25430
25432
25433
25434
25438
25440
25442
25448
25449
25453
25455
25462
25473
25476
25484
25488
25491
25501
25512
25516
25518
25526
25530
25532
25533
25534
25540
25541
25549
25554
25565
25568
25571
25578
25580
25581
25589
25593
25595
25596
25602
25604
25605
25606
25608
25615
25616
25624
25626
25627
25628
25639
25640
25642
25644
25648
25657
25658
25660
25661
25662
25664
25667
25681
25683
25687
25690
25692
25694
25698
25700
25704
25706
25720
25726
25727
25730
25734
25735
25736
25743
25748
25754
25761
25763
25770
25772
25775
25776
25788
25802
25805
25810
25812
25817
25821
25824
25826
25827
25832
25833
25836
25840
25843
25844
25847
25849
25852
25854
25855
25861
25863
25868
25870
25872
25873
25875
25877
25884
25885
25891
25893
25898
25904
25906
25911
25932
25935
25939
25940
25942
25945
25946
25956
25961
25963
25989
25990
25996
25997
26004
26005
26009
26010
26030
26034
26036
26038
26045
26056
26060
26061
26063
26064
26066
26071
26076
26080
26087
26089
26095
26096
26097
26102
26109
26112
26119
26126
26127
26132
26134
26140
26146
26148
26151
26153
26157
26161
26164
26167
26171
26173
26174
26175
26178
26179
26181
26182
26189
26193
26194
26201
26207
26213
26226
26232
26235
26240
26247
26251
26255
26258
26263
26268
26272
26273
26274
26278
26283
26287
26297
26299
26313
26319
26323
26330
26333
26346
26349
26363
26364
26367
26375
26376
26377
26382
26388
26390
26406
26410
26421
26425
26428
26433
26440
26441
26442
26443
26454
26456
26457
26464
26467
26473
26482
26487
26488
26495
26499
26503
26505
26516
26522
26523
26528
26539
26541
26544
26551
26555
26568
26572
26578
26581
26591
26598
26599
26603
26605
26607
26611
26613
26614
26616
26619
26626
26628
26629
26630
26631
26636
26637
26639
26641
26642
26645
26651
26656
26662
26663
26679
26680
26682
26686
26701
26715
26721
26722
26723
26724
26734
26736
26738
26739
26740
26746
26748
26751
26752
26755
26760
26763
26764
26770
26777
26778
26793
26804
26806
26807
26811
26816
26817
26818
26821
26823
26824
26827
26833
26834
26836
26837
26838
26846
26847
26849
26857
26861
26862
26866
26867
26876
26883
26884
26887
26892
26904
26906
26909
26911
26918
26919
26925
26926
26927
26928
26934
26939
26948
26950
26952
26960
26967
26969
26973
26984
26995
26996
26999
27009
27013
27015
27022
27023
27024
27026
27031
27046
27047
27064
27065
27071
27077
27078
27080
27081
27084
27086
27087
27090
27091
27092
27108
27110
27115
27118
27121
27129
27130
27133
27135
27137
27140
27142
27143
27156
27158
27163
27165
27168
27169
27170
27172
27174
27185
27191
27192
27202
27208
27217
27222
27225
27231
27235
27238
27242
27250
27257
27258
27262
27266
27271
27273
27277
27278
27280
27284
27288
27289
27296
27300
27302
27304
27305
27314
27317
27326
27334
27342
27346
27348
27351
27359
27371
27375
27389
27390
27397
27400
27401
27406
27421
27422
27423
27424
27425
27435
27437
27439
27445
27450
27451
27452
27453
27455
27456
27459
27462
27465
27467
27475
27476
27480
27485
27486
27493
27502
27504
27505
27506
27509
27516
27518
27533
27538
27541
27542
27549
27550
27553
27554
27562
27563
27565
27567
27577
27578
27583
27585
27586
27590
27596
27599
27610
27616
27618
27626
27628
27636
27640
27645
27646
27647
27652
27656
27660
27665
27679
27681
27684
27685
27686
27687
27690
27696
27699
27701
27702
27703
27704
27705
27706
27711
27714
27715
27717
27722
27732
27738
27743
27756
27758
27761
27765
27766
27770
27779
27794
27797
27799
27800
27802
27806
27832
27833
27836
27847
27860
27863
27866
27867
27870
27873
27879
27885
27893
27895
27901
27902
27908
27918
27924
27926
27928
27931
27934
27938
27948
27967
27969
27971
27974
27977
27980
27981
27987
27988
27989
27991
28001
28003
28014
28020
28021
28026
28028
28029
28031
28042
28044
28048
28055
28058
28060
28068
28069
28077
28082
28084
28085
28089
28090
28091
28092
28095
28104
28106
28113
28124
28125
28126
28133
28135
28143
28149
28162
28178
28181
28184
28189
28190
28194
28197
28204
28218
28224
28228
28229
28237
28238
28241
28245
28249
28253
28264
28275
28284
28286
28287
28295
28297
28299
28300
28302
28303
28307
28311
28315
28316
28321
28327
28332
28338
28342
28344
28345
28355
28368
28373
28374
28376
28377
28378
28379
28380
28392
28399
28400
28401
28402
28416
28418
28424
28426
28436
28440
28441
28442
28445
28449
28456
28466
28469
28471
28475
28487
28489
28492
28494
28497
28500
28501
28505
28511
28520
28525
28530
28531
28533
28537
28551
28559
28560
28564
28584
28593
28594
28595
28597
28605
28606
28607
28609
28611
28618
28621
28629
28633
28634
28636
28638
28642
28646
28651
28654
28661
28662
28664
28667
28672
28673
28676
28678
28680
28682
28689
28703
28705
28706
28716
28718
28721
28723
28728
28729
28732
28733
28739
28742
28743
28746
28752
28756
28761
28767
28770
28772
28777
28782
28788
28791
28800
28803
28807
28811
28816
28819
28821
28830
28832
28834
28845
28847
28849
28854
28856
28865
28867
28872
28889
28893
28900
28902
28912
28917
28919
28920
28921
28925
28929
28935
28944
28952
28958
28964
28967
28972
28984
28987
28993
28994
28995
28996
28998
29005
29006
29015
29019
29020
29021
29022
29025
29026
29039
29048
29053
29060
29064
29066
29076
29079
29080
29081
29087
29092
29100
29102
29103
29109
29110
29113
29121
29122
29125
29131
29132
29133
29135
29137
29139
29141
29144
29149
29154
29159
29174
29175
29178
29180
29184
29187
29198
29202
29205
29206
29208
29212
29213
29216
29219
29220
29225
29227
29229
29231
29243
29244
29247
29249
29251
29253
29255
29256
29259
29263
29266
29271
29274
29276
29279
29282
29285
29293
29306
29309
29311
29321
29324
29326
29328
29329
29340
29341
29348
29354
29359
29360
29362
29363
29366
29374
29375
29376
29379
29380
29383
29384
29389
29397
29398
29407
29412
29424
29426
29430
29441
29442
29451
29454
29456
29467
29478
29481
29484
29500
29511
29512
29515
29518
29523
29532
29535
29540
29543
29547
29550
29552
29561
29564
29566
29567
29571
29575
29577
29580
29581
29583
29588
29594
29599
29603
29608
29611
29614
29615
29623
29625
29626
29630
29643
29644
29645
29649
29650
29651
29666
29669
29673
29676
29678
29684
29687
29691
29698
29703
29704
29706
29707
29709
29712
29713
29717
29721
29724
29725
29726
29730
29735
29748
29758
29762
29764
29769
29773
29778
29783
29794
29795
29801
29803
29807
29809
29812
29819
29823
29833
29834
29835
29836
29838
29839
29845
29846
29847
29849
29858
29865
29871
29874
29884
29885
29890
29893
29901
29902
29908
29910
29911
29915
29916
29920
29928
29933
29942
29943
29946
29948
29955
29961
29963
29967
29969
29970
29980
29981
29988
29990
29993
29995
29997
30013
30018
30022
30023
30029
30045
30048
30052
30054
30061
30063
30069
30070
30072
30075
30077
30081
30085
30090
30105
30107
30116
30117
30122
30126
30129
30133
30135
30138
30139
30145
30146
30148
30150
30153
30160
30177
30180
30193
30196
30200
30201
30213
30244
30247
30249
30251
30258
30264
30266
30269
30277
30282
30288
30310
30311
30313
30316
30321
30325
30331
30332
30333
30335
30336
30337
30349
30359
30368
30370
30376
30389
30395
30396
30409
30414
30417
30422
30429
30430
30444
30454
30455
30456
30458
30461
30466
30467
30469
30473
30474
30475
30476
30482
30493
30494
30501
30502
30505
30513
30519
30524
30526
30531
30532
30533
30535
30541
30548
30549
30554
30560
30561
30572
30577
30579
30584
30586
30587
30594
30602
30606
30609
30612
30617
30620
30624
30629
30636
30643
30646
30653
30660
30666
30667
30669
30671
30672
30675
30676
30679
30685
30686
30687
30696
30703
30706
30709
30713
30716
30718
30719
30723
30726
30735
30744
30747
30750
30752
30753
30754
30757
30763
30765
30766
30767
30770
30777
30781
30782
30784
30787
30789
30792
30798
30801
30802
30806
30809
30810
30812
30815
30816
30817
30818
30819
30820
30821
30833
30834
30836
30838
30840
30847
30864
30867
30871
30889
30890
30894
30910
30912
30914
30922
30924
30926
30927
30935
30937
30938
30939
30943
30945
30951
30960
30961
30978
30979
30986
30994
31002
31005
31007
31010
31022
31023
31025
31028
31029
31038
31040
31043
31044
31046
31048
31057
31059
31063
31064
31077
31082
31085
31086
31091
31111
31116
31119
31128
31130
31132
31133
31136
31140
31142
31144
31154
31155
31159
31162
31164
31165
31173
31175
31180
31185
31186
31189
31197
31199
31202
31204
31206
31210
31215
31217
31228
31231
31232
31234
31236
31240
31246
31247
31248
31261
31265
31269
31270
31272
31280
31285
31288
31292
31293
31297
31302
31308
31309
31315
31318
31330
31333
31337
31338
31342
31347
31356
31359
31363
31365
31373
31376
31380
31390
31405
31406
31407
31411
31412
31417
31419
31424
31426
31428
31435
31448
31454
31455
31465
31467
31471
31474
31477
31482
31486
31487
31494
31495
31496
31502
31506
31508
31515
31521
31524
31525
31527
31532
31533
31536
31546
31551
31556
31558
31560
31561
31562
31563
31566
31568
31572
31574
31575
31580
31588
31591
31592
31596
31600
31609
31610
31614
31615
31619
31621
31622
31626
31629
31631
31636
31638
31640
31641
31647
31649
31654
31661
31663
31669
31674
31677
31681
31682
31685
31687
31691
31695
31704
31707
31713
31714
31717
31719
31725
31727
31728
31735
31737
31742
31754
31756
31759
31761
31766
31768
31773
31784
31785
31786
31795
31798
31799
31801
31809
31812
31820
31828
31833
31835
31837
31842
31843
31849
31859
31863
31864
31865
31870
31874
31880
31883
31886
31888
31892
31894
31896
31899
31900
31904
31907
31914
31919
31926
31927
31928
31929
31934
31935
31940
31947
31949
31965
31969
31972
31974
31978
31984
31988
31991
32006
32010
32013
32015
32016
32018
32027
32035
32037
32038
32045
32051
32052
32056
32057
32060
32063
32071
32074
32076
32082
32086
32090
32093
32097
32099
32108
32109
32111
32113
32127
32134
32136
32137
32139
32140
32145
32147
32148
32151
32157
32159
32161
32166
32168
32169
32184
32195
32196
32202
32203
32205
32208
32212
32217
32220
32224
32228
32231
32232
32239
32241
32242
32250
32251
32261
32264
32265
32267
32268
32272
32274
32277
32281
32284
32289
32291
32294
32295
32303
32304
32306
32308
32309
32324
32325
32331
32333
32336
32339
32340
32342
32344
32348
32360
32361
32363
32364
32372
32374
32375
32376
32377
32379
32382
32385
32386
32387
32393
32399
32400
32401
32404
32409
32410
32420
32423
32425
32427
32430
32435
32442
32447
32452
32454
32465
32471
32472
32475
32477
32480
32483
32492
32504
32509
32517
32520
32524
32529
32530
32532
32540
32542
32546
32548
32558
32559
32560
32568
32582
32585
32594
32595
32597
32602
32603
32606
32607
32614
32617
32626
32629
32632
32634
32638
32642
32647
32649
32656
32659
32662
32668
32684
32693
32700
32703
32705
32706
32707
32708
32709
32719
32720
32723
32733
32734
32751
32762
