32768
5
32774
32773
16392
49159
6
16395
49164
13
32782
32783
16400
49169
16402
32787
16404
21
32788
19
16410
32795
16411
32797
30
16413
16415
32803
49188
32805
32804
49191
40
41
16427
32812
16431
16436
49205
54
56
32825
16441
49212
32829
16446
64
49218
32835
49223
49224
16456
78
80
16465
32852
85
16470
49238
32855
32853
32858
91
16476
32862
16481
16482
99
49252
49251
103
49255
49259
49260
32877
108
49263
16496
32880
16498
16497
16493
32884
49271
32888
49273
123
16510
132
134
49288
16521
49290
140
16524
142
32910
16528
32912
32913
49298
16530
49301
32918
16531
16536
49304
32922
32924
16541
160
16544
16545
49316
32934
49318
49320
166
16555
32941
16557
32943
16559
16567
184
183
16570
32956
189
32959
16578
16579
16580
49347
32965
16581
32968
209
32980
16597
49366
32981
16603
220
49371
221
223
32994
227
228
49380
33000
49384
49385
33003
234
237
33006
33007
16624
49391
16626
49396
33012
49398
246
16632
245
16634
33019
33018
49405
33022
33021
49410
259
260
33030
16647
33032
263
33033
33035
16652
33045
16662
281
33050
33051
33052
282
33056
33058
49443
49444
293
16678
49447
16680
298
299
300
16686
302
33073
33074
305
308
16693
16694
49464
33081
16698
33083
16700
49467
318
49470
49472
321
33090
49474
16706
16709
16703
16704
49480
16714
330
33102
33103
33105
33107
49493
16726
49495
33112
49497
344
346
16729
16733
349
351
345
16735
347
355
49508
49509
16741
16743
360
49512
16746
33131
363
359
49510
16751
33130
33138
16757
374
33143
33142
16761
16760
377
16764
33149
33151
49536
33153
49539
33160
49545
33162
49547
396
16780
16782
16781
400
16785
33170
403
33168
49549
49550
16791
33176
409
402
16789
16796
49558
411
33179
16797
49571
420
33189
16807
49576
33193
426
49579
430
49584
33201
49589
439
33209
16825
49594
49600
33216
33218
49603
16835
16837
49602
16836
449
49609
16842
457
33228
16846
470
471
33241
16860
16862
480
33249
49637
485
487
33253
33255
33257
33259
33260
493
494
49647
33264
49649
16884
49653
16886
502
49656
16888
507
49659
49661
508
49663
16896
16897
33282
509
49660
33280
515
33288
16905
49673
33291
16908
522
33294
49678
16912
33297
49682
16915
16916
49681
534
33305
538
49689
49690
539
33310
540
33314
16933
49701
33318
33319
550
553
16939
33323
557
559
33328
562
16947
33332
33333
16950
568
16953
42447
49724
49725
577
16397
33349
33351
583
16967
16969
16971
16972
588
49742
595
33363
16983
601
16986
33371
602
605
49758
16994
16995
49762
49764
16998
17008
625
49777
33393
49780
17013
49781
17014
17015
633
49786
33403
17018
637
638
639
49792
642
17027
33412
646
648
649
650
33417
653
33422
17040
33424
33427
49812
17045
49811
663
17046
49819
33435
17051
49823
17055
17059
33443
33445
17062
33447
680
681
682
49835
17070
49839
686
49843
692
17077
17076
49845
33464
49849
691
49854
17086
49856
17089
705
33473
49859
709
49862
17094
49861
17096
714
17093
33484
17102
49871
17106
49876
49877
17110
725
728
49881
33493
33494
49884
17117
733
49890
17123
740
33508
17127
33513
17131
747
17133
17134
751
33520
33521
33525
49914
762
765
17149
33533
49920
49921
17154
17155
772
17156
774
49929
33546
49930
33548
17165
783
33552
784
17170
49938
17171
790
33559
33560
17175
33563
796
797
49950
799
800
801
33570
33567
17189
33574
33575
17190
49957
33578
808
805
17197
49964
33580
17196
17202
33589
821
33591
33592
825
49978
823
33596
49975
830
17210
49984
832
49986
33603
33604
835
49988
49991
49989
841
839
49996
846
33615
17231
33616
852
33621
854
17236
857
858
17242
861
864
33634
33635
33638
17254
874
876
33645
17265
882
17268
33658
17278
33662
33663
33665
17279
17289
17290
907
17292
17293
912
17297
913
17300
918
919
33687
924
930
932
33700
17319
935
17320
33706
17321
33708
33709
943
17332
17333
33719
17340
17341
956
958
17347
17353
17354
17355
33739
33737
33741
976
17362
33747
17368
33755
33756
17373
33757
994
995
33762
33765
33766
999
33768
17385
17387
33772
1005
33773
1009
33777
1013
1014
33782
17399
1018
17404
17405
17407
33792
1030
1031
17415
33801
1036
33806
1040
1041
33810
33811
33818
17436
1052
33820
17439
17440
17441
17438
33828
33829
17446
1064
17448
33834
17451
17449
33837
17461
1082
17466
1084
1087
33856
33857
1092
17476
1096
17481
33866
17485
1101
1104
17488
1108
17493
33879
33882
17500
17501
17504
17506
33891
33890
1122
17516
33903
17520
33906
33907
1140
17522
33913
17534
33919
1152
33921
17538
33923
33924
17541
1157
33927
33925
17545
1154
33931
33932
33934
33938
17555
1172
1174
17559
1175
1176
1178
17563
1180
17564
1181
17567
17568
33955
1188
1189
17574
17573
1187
1193
33965
17582
1202
17588
17589
33977
1210
17595
1213
17598
33984
17603
17604
33989
17606
1219
33988
33995
33996
1234
17620
17621
17623
17624
1242
17627
17628
1243
17631
1248
34017
34018
17635
34019
17638
1254
34024
17641
34023
17644
17646
34033
1266
17651
1268
34037
34038
34039
1274
34046
1280
1282
34050
1285
34056
1292
17677
17678
17684
17688
1307
34080
1314
17699
17700
1316
1318
34088
34090
1322
34092
34094
34095
17710
1328
34098
17717
17718
34102
1335
17721
34105
34109
1342
34112
34116
1351
34121
1353
17740
34124
1359
17751
17757
1374
17762
34147
1380
17765
34150
17768
17769
1385
1387
17776
1394
17780
17781
34167
1400
1402
1403
34174
1408
34180
34181
1418
1419
17804
1421
1420
34191
1423
1425
17808
17811
1424
34198
1435
17819
1438
1440
17826
17832
1449
17834
1450
17837
34221
17840
1457
34226
1459
17844
1460
17850
17853
1470
17855
1473
17859
17860
17861
17865
17867
34254
1487
1489
34258
34259
1495
17880
1500
17885
34268
1503
34276
17894
1513
17898
34284
1517
17904
1524
1525
1527
1528
34297
1530
17915
34299
17916
34301
34302
1531
34305
1536
34308
34314
17931
1546
34317
1551
34327
34328
34330
17952
17954
17958
17959
1576
1579
1580
314
17971
34356
1591
34360
34361
34363
17980
1596
17988
34373
34372
1605
34377
1610
34380
1613
34384
18002
18003
1625
34394
18013
18014
1631
1634
34411
34412
18029
1646
34414
18032
18027
18036
34421
34420
1658
1661
34432
18051
1667
34438
18054
34441
1673
34444
1677
34451
1687
1688
34458
1691
1695
34463
34465
34466
18083
18081
1701
34470
1703
18088
1705
18086
18089
18092
34476
1710
18090
18091
1713
18100
1717
18101
1719
1722
1724
1725
18109
34495
34499
34501
1735
1741
18129
1746
1747
18133
18141
34529
1761
18146
34531
18150
34535
1766
34537
18153
1768
1777
18161
18163
34550
34552
18170
18178
34562
34565
1798
1800
34568
34570
18189
18190
18192
1809
34578
34579
1816
1818
18204
18206
34593
34594
1827
18211
34597
1830
18216
1834
34607
34608
34611
1847
1849
34618
18234
18241
1857
18243
18242
18245
18246
1858
34632
18249
34634
18247
34637
18256
1884
18269
1885
34658
1891
34661
1894
34663
18287
18288
18291
34676
18293
18294
1912
18298
34684
18304
34689
18307
1924
34694
18311
1928
18317
18318
34703
1935
34702
1934
18324
34711
34714
1950
18335
34719
18338
34722
18341
18344
1965
18351
34738
34740
1976
34744
1978
34747
1980
1981
1982
18366
1979
1985
18370
18368
39472
34757
1990
34758
18373
1993
34761
18380
397
18382
1998
34771
18387
18389
2006
34776
2010
2017
2018
2025
2026
34795
34796
34797
18414
2028
34794
18416
34802
18419
18420
2034
18422
18417
34810
2044
2048
18432
18436
2053
34822
34823
34824
18441
34826
34827
34828
34829
2062
34835
34838
2071
18458
34846
2078
2079
2081
16696
2080
34852
18469
34854
18470
18472
34857
18474
34855
2090
2095
34865
18482
34867
18484
2100
2103
18489
2106
16701
2108
34877
18493
2111
18496
2112
2115
2116
2117
18503
2120
18506
18507
34891
18510
2127
34895
34899
18525
2142
2143
34911
18529
18530
18528
2149
34923
2155
34924
34926
2159
2156
2163
2165
34934
34933
18556
34941
18565
2182
2181
18568
34958
34959
34960
18578
18581
34966
34965
2202
18586
2205
18590
34975
18591
34978
34986
18603
18607
2225
2226
18612
18613
34996
18615
34998
35001
2235
35006
35007
2240
35009
35011
2246
35015
18632
18637
2254
18639
18643
2260
2262
18646
35031
2266
35040
18657
35042
2275
2277
2279
18663
18665
18670
35055
35057
18674
18676
2292
18678
35063
35061
35068
18687
35071
2305
2306
35075
2308
18693
18694
2311
35082
35083
2316
35084
18709
2326
35094
35098
2331
18716
35104
2339
2342
2343
35111
2349
35118
35121
2354
2356
18743
35127
35129
18746
35136
18756
2373
2377
35146
35147
18764
35149
18765
18767
18768
2384
35152
2386
35155
35150
35158
35163
2398
35168
35170
35171
35172
18787
18790
18788
2409
2411
35182
2416
35188
18807
35191
35193
2425
2427
2430
18815
2432
2433
2439
35209
2442
18827
2447
35216
2451
2452
18840
35228
18845
2461
35231
18847
35235
18852
35237
18854
18856
35247
18863
35250
18868
18872
18873
2494
35263
35268
18885
35269
2504
35274
18894
35279
2514
35282
18901
18902
2521
2523
18913
18917
18919
2535
35307
2540
35309
35310
35314
18931
35315
2549
35316
18935
18933
18937
2554
18939
18942
18944
18945
2565
35337
35338
2572
18958
18959
18960
2577
35349
18966
2583
35352
35350
35355
18972
35356
35358
18976
35362
2595
33080
35365
35369
18987
18988
18991
18993
35378
2610
18995
35381
2613
2615
2618
19003
19004
2621
2619
19010
35397
19014
19015
2633
19019
35403
19021
19022
19023
19024
2641
19025
35409
2644
35414
19031
2647
35417
19036
19040
19043
35428
19044
35427
2668
35436
35438
2674
2678
19063
2680
19064
35448
19067
19070
2686
35456
35457
19071
2690
2692
35461
2693
35464
35465
35467
35470
19089
35477
2711
2719
2722
2723
2724
2725
19110
19109
19112
19107
2726
19115
19116
19117
35501
35500
2741
2744
35515
2751
2755
19139
35526
2759
35530
2763
2762
35534
2766
35537
19154
19155
19157
2775
19160
2777
2778
2780
2782
35551
19169
2788
2789
19176
2794
2796
2799
2800
19190
2808
19193
33123
35580
2814
35586
19206
35591
2824
2826
2830
35598
19216
35603
35604
19222
19223
35608
2843
19227
19229
2846
35611
19236
19245
2863
35633
2865
19252
19253
2870
35639
2873
2874
35643
35644
2881
35653
19272
35658
19275
2892
2893
2891
19286
2902
19287
35673
19288
2907
19294
2911
19295
19300
35686
35691
2924
35694
19316
19318
19320
19324
19329
2945
19331
2948
19334
35718
35719
19335
19340
35730
2963
19347
2964
19350
2971
19356
19358
2977
35751
35753
35754
2990
19375
2992
2993
19378
19374
35764
35761
35763
2996
19384
19385
19387
35772
19390
3010
35779
33163
35782
3015
3018
3019
35788
3022
35801
19420
19429
3048
3049
3050
19436
19438
3055
19440
3054
3059
3060
19445
35836
19453
35838
19455
3069
19454
3074
19459
35844
35846
35847
3080
19465
3082
19463
19468
19473
35859
3091
19480
35873
3105
3107
35878
35879
3113
35882
19499
49466
3118
35890
19506
3124
35894
49468
3128
19515
3131
35901
19519
3137
19522
3141
35919
19536
19537
3153
19544
3162
35931
3165
35936
3171
3172
3173
19558
19559
35940
35945
35944
3174
19565
3181
3183
19566
19569
3185
3187
35956
19573
35958
19575
35960
19577
19571
35963
19580
35959
3201
19586
35972
19589
3206
3209
3212
35982
19599
19598
3219
19604
3221
3222
35988
19606
35994
19611
3227
3232
19618
36003
3237
36005
36007
19624
3242
36013
19630
19632
19633
19635
19636
3254
36022
3255
19641
3259
36028
19646
19647
19648
36033
36034
36041
3274
36043
19662
3280
3282
19668
3286
3287
36054
19673
19672
36061
19683
36068
19685
36070
3299
36072
36075
3309
19694
3312
3313
36085
19702
19706
19708
3325
3327
36095
3328
3333
3335
36103
19719
19720
3351
3354
3355
19740
36126
19745
36131
36132
3365
19750
3367
36136
19753
36137
36139
3369
3373
36141
3376
19760
19761
36152
19770
3386
3389
36159
19775
36161
36162
3396
19781
19782
36164
3401
36170
3403
36169
36173
19789
19787
19793
3411
36180
3413
3415
36185
36186
19804
3420
36190
3423
3421
19809
19810
36193
3426
19815
36200
36201
36202
3435
3436
36207
19827
3443
19831
36218
19834
36220
19836
19839
3456
36225
3459
36228
19845
3462
19847
36233
36234
3467
19852
36235
3470
3468
19859
36244
3475
36246
36249
3482
20231
36254
19871
3488
3489
3493
19877
20233
3496
19881
36266
36268
3500
36272
3505
3507
36278
36279
36282
3514
19900
19901
36287
3519
19910
3527
36295
49548
36298
3530
36300
36301
36299
3535
36304
3536
36306
19925
19926
3543
3545
3547
3548
3549
36329
3565
19950
3569
3571
36339
19955
19958
33275
3572
36340
3580
19964
19966
36351
36353
19973
3592
3594
36363
36365
36367
19985
19988
3609
36378
19993
3614
19998
3616
36385
20003
20005
36393
20010
36396
3628
36398
20016
20017
36401
3636
20024
36408
3641
36410
36412
20029
36409
20031
3647
3649
3651
36420
36421
20037
3656
20043
3662
20046
20048
36437
3669
20053
3674
3678
3679
20069
36453
20070
3688
3692
20077
3703
36473
20090
36474
20092
3705
36477
36480
20097
3713
3716
36486
20107
36493
36494
20112
20114
36502
20121
36506
20124
20125
3746
36516
36518
3751
36521
36525
20144
36530
36531
36534
3767
20152
20153
3771
3773
3776
20168
36557
3789
3791
3790
36558
20178
36563
3796
3794
36566
20182
3803
36573
36574
3807
36575
3814
20198
20200
3815
36587
3820
3821
20205
36591
20208
3825
20210
3826
20212
3828
3833
20220
36605
20222
3841
3842
36613
36615
3848
3849
20234
36618
3852
20236
20237
3855
3856
36622
20242
36627
3853
3861
36629
36623
3859
3865
36633
36632
20252
3869
20254
3874
20259
20260
20263
3884
20269
20271
20272
20273
3888
3891
20277
20278
36662
36664
36669
36676
20294
3910
3911
36681
3916
36688
36689
20307
20310
36694
36696
20315
20316
20317
3934
20319
3932
3938
20325
20328
20330
3947
20331
20333
36715
3948
3950
36721
20338
3955
36723
3951
20342
36726
20344
3959
36724
36731
3965
3966
36735
3968
20355
3971
20357
20360
20361
36744
36748
36749
3982
3981
3987
20372
36757
20371
3992
36761
20377
3994
20383
4004
36772
36775
4008
4010
36778
36780
4012
36782
4017
36786
4025
4026
36795
36621
36798
20416
4033
20418
36804
4038
4044
20431
36816
4050
20434
36821
4054
4055
20440
20438
4058
4056
4062
36831
20448
20453
20454
20455
4073
20458
36843
20457
4078
4080
36849
36848
4083
36850
20469
4086
20471
36856
36857
36858
20468
4094
36863
20479
36866
20482
20484
4101
20488
4108
20493
4110
20495
20496
20492
4109
20501
36886
20503
4119
4120
4122
20506
36892
20514
4131
4132
4134
36903
20520
36907
36912
20529
20533
20534
20535
36920
4151
20539
4158
36927
4159
4161
20546
4160
36929
20547
20553
36938
36937
20556
4172
36944
36945
20562
20563
36949
20568
4185
36954
36955
36958
20574
36960
4193
36962
4194
4197
20582
4200
36969
4201
4203
4204
4205
4206
36974
36982
36988
36990
20608
36994
4228
4229
4230
37001
4234
37003
4237
20622
4239
20623
37011
20628
37015
20638
37025
4258
37032
20651
4267
4268
20654
4273
37041
37043
4277
20661
37046
37048
4282
4283
37052
20671
37056
37055
37059
37060
4295
37070
37072
20690
37077
20694
37079
20695
4316
20700
37085
23654
20710
4326
4329
4330
37102
4334
37104
37105
37107
4342
4349
37120
20737
4354
4356
37125
20740
20743
37128
20744
4360
37135
37137
4372
37140
4375
20759
20761
37146
20763
4379
4382
37152
4386
4388
4392
37163
37165
4398
37166
4400
37167
4405
37176
20793
4410
4411
20796
37183
20801
4418
37187
4424
37192
37194
4428
20816
37202
20819
20820
20826
4444
37212
37214
37217
37218
4452
4453
20842
20845
37229
4463
4464
37233
20848
4469
4470
37239
20857
4475
4477
20861
37247
20871
37257
20880
37265
4501
37269
37271
37274
20896
4512
20897
4516
20902
20906
20907
37291
4526
20911
4528
20914
4535
37305
20922
37307
20926
37311
37319
4552
20937
37324
20940
20941
37325
37331
37332
4568
20953
37337
37338
4572
4571
4574
4578
20965
4582
4583
37358
37359
20978
4595
37365
20983
37367
37370
20990
4608
20997
4618
37386
4626
37395
4630
37399
21014
37406
37410
21028
4645
4646
37415
37417
4651
37419
37421
4654
37423
37424
21040
21041
4659
4663
21047
37433
4668
21053
37438
21054
37439
4675
21060
21059
21061
4679
4682
37456
21074
37459
37462
21079
4696
4699
21084
21085
37470
4703
37471
4702
21090
4707
21092
4709
37477
37475
37480
21096
37485
21102
37487
37488
4727
21113
37498
4729
21115
37501
4740
37513
37517
4751
4753
37523
21140
4758
37527
21146
37531
37532
4763
4766
4767
21152
4769
21147
21157
37542
4777
37546
21163
21167
4784
37553
21169
4786
37562
37566
21187
21190
21191
4810
21195
37581
4813
37585
37586
4819
21204
21205
4825
37594
21218
21222
37610
4844
21228
37612
21230
4849
21235
21246
37631
37633
37635
4869
37642
21259
21260
37644
37645
4878
4881
21269
37654
4887
21272
4889
21278
4895
4896
4900
21285
4902
21287
37672
37680
37684
4918
4919
37687
21305
21306
4922
37690
21313
37698
21315
37700
37701
37702
4934
21319
37708
4940
21329
21330
4950
21338
4954
37725
21359
37746
37747
4980
21362
37750
21366
37752
4985
21370
37758
4991
4993
21379
37763
21381
4997
37769
5003
21393
5010
37779
21399
5016
5017
21402
21401
21406
37791
37793
37796
37797
37798
21417
5033
37804
21423
37808
5041
5043
5045
37813
5046
37817
21435
37823
21440
37825
5059
21444
5061
5064
5065
37833
5069
5070
5072
5076
21463
21465
5084
5085
37856
21474
37863
5097
21481
21484
5101
37870
37869
5106
5107
5108
21493
5110
37874
21494
5111
21496
21500
5119
37887
37890
21510
5129
5130
37898
37900
5132
5135
37906
21522
37912
21529
21530
21532
21533
5151
21536
37922
37923
37924
37925
21540
5167
21552
21553
37941
21558
5177
21561
37947
5181
21569
5185
37955
21572
37956
21574
5191
5192
37961
21577
5193
21578
5201
21587
37976
5208
37979
37980
37982
5215
37985
5218
21606
21610
5226
21612
37999
5233
5243
38013
21630
5248
21633
38018
5255
38029
21645
38031
38032
38033
5266
38034
21652
38038
38039
5272
38041
21658
38043
38044
5271
5278
38048
38049
38051
21670
5287
21676
38061
5292
5296
38066
38068
21685
38070
5302
21689
21691
38076
38078
5314
38083
5319
21704
38087
38091
38093
21709
5327
38096
5329
5326
38099
5333
38103
38107
21723
21725
5342
5341
5345
21730
5348
21735
5351
21739
21740
21742
38127
38129
38130
38131
21748
21747
5367
21753
5370
38138
38141
38144
21763
21765
5386
21772
38159
21776
5392
38164
5398
38167
5400
5406
5407
21790
5409
21796
5413
5414
38182
21800
38185
21801
5419
5412
5421
38190
5424
38193
21810
5429
21814
21818
38202
38204
21821
5436
38206
38215
21832
5448
38222
5455
21839
38224
5456
5458
38233
38234
38235
5469
38238
21855
21858
21860
5477
5478
21863
21867
21869
38253
5491
21876
5494
38262
21878
21881
21884
5500
38270
21888
5506
38274
21892
21893
21895
5515
5517
38285
38288
5521
21906
38289
5522
21909
5526
21910
38296
38292
38298
21915
38300
38301
5530
5535
5540
38311
5544
5550
21935
5552
38318
38322
5555
5554
21940
38326
5560
21945
38330
5565
38337
38342
21959
21960
21961
5578
5575
5580
5581
38350
5583
38352
5584
21965
21976
5592
5594
5598
21990
38376
38380
38382
22000
22001
38388
38389
38392
22011
22013
22014
38399
38398
22018
5636
22020
5639
22025
38410
22027
5646
22031
38417
22034
22035
5651
38420
5657
22041
38427
38428
22050
5670
22055
5675
22060
5678
38447
5680
5684
22069
5686
38452
38456
46720
22074
22076
38462
22079
22080
5698
38467
22083
22084
38470
38471
22086
5705
22090
5707
38477
38479
5712
5715
49983
22104
38489
22106
22107
38495
5728
5729
38499
38506
5741
38513
38514
38515
22129
22138
5760
38529
5766
5770
22161
38546
38547
22164
5782
22168
38553
38555
27202
38562
22179
5799
5800
22189
38574
5809
22195
22205
5821
38591
38589
38593
22210
5825
22207
38597
38598
38599
5831
22216
22218
5828
22214
22215
38606
5840
38612
38613
22232
22236
22240
5856
5859
5862
5864
22248
22250
5867
5871
22256
38645
5877
22265
22266
38649
38652
22268
22270
5886
38654
22272
5888
22273
38656
22278
22279
38664
38665
5899
38668
5900
5902
22288
22289
5906
38677
22295
22299
38686
5920
22305
38691
22308
38692
22310
38695
22307
38705
5942
5945
5947
22332
22336
22338
5954
22339
22342
5961
22347
5966
38735
22353
22355
38739
38741
38745
22363
5979
5980
38751
22368
38753
22374
5990
22376
22377
38762
38765
38766
38769
38771
22392
38781
6014
6019
22404
22405
22409
6026
6028
22412
22416
6033
22418
38804
38805
38807
38810
6044
6047
22436
6053
22438
22440
6059
6060
22445
38830
22446
6069
6071
22458
22463
38849
22470
6092
38861
22476
22481
22488
6105
22492
6109
38878
38879
6113
22498
38884
22501
38885
38887
38888
22502
6121
38889
38890
38893
22510
38895
6127
6129
38898
38906
6142
22528
38913
6146
38917
22535
6151
6154
6155
38924
22541
6158
22543
38932
38935
22551
6170
22555
6172
22557
38942
38938
38943
38944
22562
6179
38948
22565
6185
6186
38958
6190
38960
22576
38962
6193
6196
6194
6192
6195
22578
6199
6211
22597
6214
38981
22598
22601
6217
6223
6224
22610
22611
38997
6230
6231
6240
6242
6244
22632
22633
39019
6252
6253
22638
39021
39024
6256
6259
6262
39032
6265
22651
39036
39037
39038
39040
6278
6279
39049
39050
39052
39053
39055
22674
39059
22676
22677
6294
39066
39070
39071
39072
6305
22690
22700
6317
22701
39086
39089
39090
39092
6325
39095
39096
22713
39099
22716
22715
6334
22721
6338
39105
39108
39109
6343
39112
6345
6347
22732
6349
39121
6354
6353
22737
39126
39127
22743
39129
22746
6368
6373
6376
6377
39146
22763
6382
6383
39152
22769
6385
22771
22772
39157
39159
6392
39161
6391
39160
22777
6398
6399
6402
39175
6409
22798
6416
22801
39185
22803
22800
6422
39191
22816
6433
6432
6435
39205
39211
6446
6447
6448
6449
22834
39220
6456
22844
6461
6462
22847
22849
39235
22852
22855
6471
39241
22860
6476
6481
6482
6483
39252
22868
22870
22873
6490
6493
22878
6496
39267
22885
6502
22886
39271
22889
6506
6510
22896
39281
39282
39283
39285
6518
22903
6517
11066
22910
22913
39297
22916
22917
39301
39304
22930
22931
22932
6547
22934
6557
39329
22948
39332
39344
22962
39346
22964
6580
39347
22966
6589
6594
22982
6598
6608
22993
22997
39384
6617
6619
23004
39389
6622
39390
23009
39395
39396
39397
39398
39399
6635
39404
39411
23029
6645
6648
6650
39419
23039
6656
6655
23042
23048
6666
23050
6668
39436
39438
39439
39441
39445
23063
39448
39455
6687
23074
39463
39464
6697
23086
39470
23088
39473
6706
6707
23092
39471
6710
23095
39480
6712
23098
23097
23100
39483
39486
23101
39488
39482
23108
39492
6726
6728
6729
6730
6731
6733
23118
23119
6736
39504
23120
39506
23117
6738
39513
23130
39516
23133
39519
6751
39521
39520
23140
6757
23147
39533
6765
39538
23157
6773
23159
39545
6781
39550
6782
6784
39553
39557
6791
6792
6794
23179
23182
6798
23184
6801
39566
6804
23189
39574
39579
6815
39584
23201
6817
23203
23202
39589
23206
23207
6826
6829
23217
39603
39604
23221
6836
23224
39609
39614
39616
39621
23239
39624
39625
6856
39623
39628
23245
23249
39634
6872
39640
6874
39645
6878
39647
39648
23261
39651
23268
39652
39653
6884
39657
23273
39660
23276
39666
39668
23288
6907
39675
6909
39679
23296
39682
23299
6916
39686
6918
6921
23306
39691
39695
23311
39696
23314
39697
23318
23320
39705
23323
23324
6940
6941
23330
23335
6952
6956
23342
39729
6962
39731
23348
6965
39734
39730
23353
6976
39745
6978
39747
39751
23367
23373
39759
23377
39762
23378
23380
23382
39767
7000
6999
23389
7006
39777
23394
23396
7013
7014
39783
7019
23404
7022
7025
23410
7026
7029
23415
39799
23418
7038
23425
39813
7047
7048
23440
39826
7059
7060
7063
23448
39834
7068
39838
23455
23457
7075
39845
23463
7079
7091
39860
23477
39861
39863
39864
39865
39866
23483
39869
39875
23491
7107
23492
23494
23496
39881
7113
7108
23500
23501
23493
39880
7116
7121
39891
7127
39895
39897
23515
7132
23518
39903
23520
39904
23524
23525
7142
7143
7144
7149
23534
39923
23539
7156
23542
7159
23541
23545
23548
39936
23553
7169
7171
23552
23557
7174
39942
7173
23561
7178
7179
23566
23569
7185
23574
39959
23578
39969
39971
23591
23593
7211
7213
7214
39983
7220
39989
39994
39996
7229
23614
39998
23616
40002
7234
23618
23620
40006
40007
7237
40009
40010
7243
7247
23635
40022
23641
7258
7264
7267
23653
7270
23655
7272
40041
23656
40042
40044
23660
7278
7275
23658
7280
7283
40051
40055
7293
23677
23679
40064
23682
7299
7303
7305
40073
7309
40077
7311
7312
7313
40086
7319
40087
23707
23708
23709
40091
7327
40097
40098
7332
23719
40104
40113
7345
40115
23732
23733
23734
7346
7352
23739
7356
23744
7360
7363
7365
7366
40138
7370
23756
40144
40145
23761
7378
7380
7381
7382
40151
7384
7385
23770
7386
40154
7387
23772
23775
7390
40152
23769
7396
40165
7401
40171
23788
23791
7408
40177
40178
23797
23800
23801
23802
40189
23806
40196
7428
40199
23817
40201
40206
23828
23830
23831
40216
7447
7452
7454
7462
40230
40232
23849
7466
7467
23853
40239
40240
7473
40242
7476
40246
40247
7480
7481
23866
40251
7485
40256
7490
7491
23875
7493
23876
23881
40269
7503
23891
23892
23893
7509
23895
40281
7513
7516
23900
7517
7520
7530
23914
23916
43831
7534
23918
40304
40298
23922
7538
7540
40308
40309
23927
40303
23924
7545
7548
7549
40317
7553
40327
7562
23947
7565
23950
40334
7566
23954
7573
7581
40350
7586
23970
23971
7589
40359
23977
23981
7597
23985
40369
7606
23992
7609
23998
7616
7619
40389
24006
24005
24007
7635
24020
24021
40410
7643
40411
40415
7648
40417
7647
24037
7654
40424
40426
7661
7662
24052
24053
24056
40442
40444
7676
7678
24062
24064
7681
40449
7683
24069
24071
7688
7689
24074
40458
40460
24080
7699
7700
7706
40476
7708
40478
24096
40485
7719
7720
40487
24106
40489
24104
7726
24111
24112
40498
24115
40503
7741
7742
24127
24128
40516
40518
40524
24140
24143
40528
24145
40533
7768
7769
24154
40539
40542
40543
7781
40551
7784
24167
40556
40557
40558
7789
7795
7797
24183
40568
40570
7803
7804
40573
24186
40575
7808
24193
24195
7815
24201
7817
40587
24204
40591
24207
7824
24210
7826
40598
24214
40601
7839
40608
7842
40613
40615
40616
7853
40621
7857
7859
7861
24249
7865
7867
7868
24256
7873
24258
24261
24263
7882
7883
24270
7887
24271
24274
40660
7893
40662
7895
7898
40666
24283
7901
7905
40675
40679
40680
24303
7921
24306
40700
7937
24325
40710
24329
40713
40715
24333
40718
7952
7955
24339
7956
40725
7959
40727
24344
7962
7963
40732
7964
40733
24354
7972
7974
24361
24362
7979
40748
24367
40752
7984
40754
40758
24375
7991
40759
40765
7998
24383
24384
40769
40772
24389
40775
8010
8011
24398
24399
40786
40787
24406
40791
8022
8025
24409
24412
8029
40796
40799
40802
24423
40807
8041
24435
24437
24440
40826
24442
8060
40828
40830
8065
24452
8069
40837
40839
8073
24461
8081
24466
40852
40855
8088
8090
8091
24475
8092
40868
8100
24486
24489
8106
24492
47202
24495
8114
40882
8116
24499
24502
24503
8121
24505
40891
24509
40894
24511
24518
40905
8139
24526
40913
24533
40918
8149
8151
8154
40923
24540
8155
24539
24546
40932
8166
40935
24552
24553
40936
24555
40937
24557
40941
24558
40940
8177
40945
8181
24565
40951
40952
40955
8189
40958
40960
40961
40964
40965
24585
40969
24590
24591
40975
24594
40980
8214
40986
40989
24605
24607
8224
40997
41000
24623
24625
41012
41013
24633
41020
24639
41023
41025
8259
8260
8261
8262
24644
24648
24650
41035
24651
24653
41040
8272
24656
41043
8276
8277
41044
41046
41045
8280
24666
24669
24670
8287
41056
24676
24677
8293
24679
24680
24681
41066
41069
41071
8304
41073
41074
41076
8309
8310
24694
41084
24702
8320
8324
41092
24710
41098
41099
24717
8333
8336
41107
24724
8340
24727
8344
41113
24729
41116
24736
8353
41123
8356
41126
24742
8358
24745
24743
24747
41130
24750
8370
8371
8372
8373
8374
24759
24757
41143
24762
24756
24764
41149
41146
41142
24770
8390
24775
41162
24778
41164
8400
24786
24787
41175
24791
8410
8411
24794
24795
41182
24796
24802
24803
41188
8420
24810
41195
24813
41198
8431
41200
24817
41199
24819
24820
24815
41211
24831
24837
24838
8455
41223
8457
41229
41231
41233
8466
41236
24852
24854
8471
24857
8474
8475
8478
24862
24866
41250
8484
8485
8486
24870
41257
24876
24877
41263
8497
24881
8500
41269
41272
24890
41275
8511
24896
8513
24895
8519
24904
8522
8524
8526
41296
8530
24914
8532
24915
41302
41303
24916
8536
24922
41307
41308
41309
24919
24927
8544
41304
24931
41318
8558
41327
41328
24947
24951
8567
8569
8571
24956
41342
24959
24961
41345
8580
8585
24969
24972
41356
8588
8589
41358
24978
24981
8597
8601
8602
24991
8614
25004
25006
8623
8622
41395
41401
8638
8640
8641
41410
8644
41414
8649
8651
25035
8653
25037
8656
41425
8660
41429
8662
8663
41431
25050
25053
8671
25055
41440
25058
8674
8676
41448
41454
41456
41457
25073
8694
25080
25082
41467
41472
41475
41480
8718
8720
41490
41492
8730
8734
25118
25119
8737
8736
41508
41509
8740
41511
25128
41512
25134
25135
8752
41522
8755
25140
41523
25138
8759
25144
25148
25149
41533
8767
8768
41536
8769
25157
41543
25161
8780
25166
41550
41551
25169
25172
25175
8792
41561
41562
25177
41564
41565
25182
25179
25184
8799
8803
25189
8806
8808
41577
25193
25195
25198
25199
8816
8815
41588
41589
41594
8827
25214
41599
41600
25219
8836
41603
8844
8845
8846
25229
8847
25234
25236
41621
41620
41623
25243
8863
8866
41635
41636
41637
25254
25257
41642
41644
8881
25268
25271
8888
41657
8889
41661
41664
41665
25284
25287
41673
8907
8908
41677
41675
25295
41680
8912
25296
25302
41687
8922
41690
25309
8931
25316
25315
25318
8932
41705
41706
25323
25324
25322
8942
8938
8947
25336
25339
25341
8957
41729
25346
8963
41733
8967
8969
25354
8971
41740
41741
25358
25357
41737
41745
25362
8978
8979
41743
25366
8985
8989
41759
8994
41764
25381
25382
41767
8998
41769
8997
25388
25391
9011
41782
9014
9019
41788
9021
9023
25408
25409
41797
41798
25415
41800
25417
41799
9035
41804
25420
41806
25423
41808
9039
41814
25430
9048
25433
25432
9052
41821
25438
25440
25442
9059
41826
41829
9063
25448
41831
25449
25453
41838
41839
25455
41843
9077
25462
9078
9080
41849
41850
41845
9085
9089
25473
41859
25476
9093
9094
41864
41868
41869
25484
41871
25488
41875
25491
41883
25501
41886
9120
41888
9121
41890
41892
9123
25512
9130
25516
41902
25518
41910
25526
41912
9144
25530
41914
25532
25533
25534
41921
25540
25541
9158
25549
9166
41937
25554
41940
9175
9176
9178
9181
9183
25568
25571
41956
9188
25578
25581
9199
41970
25589
41975
25593
9209
9210
9212
25596
25595
25604
25605
41990
41991
25608
41993
25606
41995
9222
25616
42001
42004
25624
9241
25626
25627
25628
42014
9248
9249
9250
42019
42020
9253
25640
25642
42026
9259
25648
25657
25658
9275
25660
25661
25662
42044
25664
9281
42050
25667
9284
42045
9289
9292
9293
9294
42064
25681
9296
9299
42068
9300
25683
25687
25690
25692
42077
25694
42079
9312
42081
25698
42082
25700
42087
25704
42089
25706
42091
42092
9326
42095
42096
9331
9333
9334
42104
9337
9340
42108
42110
25727
9341
9345
25730
25726
42116
42117
25734
25735
25736
42120
9350
9355
9357
9358
25743
42128
25748
42132
42134
42135
42138
25754
42144
25761
9378
25763
9380
42148
42146
9383
42152
9385
25770
9388
25772
25775
25776
9393
42163
42168
42169
42170
9404
25788
9408
42177
42180
42181
9416
25802
25805
9421
42192
25810
25812
42196
42198
25817
42202
42204
25820
9439
25824
9440
25826
25827
42212
9444
42209
9448
9449
42217
42219
25833
25836
9453
9455
9456
25832
25843
25844
42231
25847
25849
25852
25854
42239
9472
42240
42242
42241
9476
42245
9480
9481
42252
42253
25870
25868
25872
9489
42258
25875
9492
25873
9491
9493
25877
42267
25885
9503
42272
25891
42276
25893
9511
25898
9518
9519
42287
9521
42288
9523
25906
9525
25904
25911
9529
9531
9533
9534
42302
9537
9538
42306
42309
9545
25932
25935
9551
25939
25940
9556
9558
25942
25945
25946
9563
9565
25956
42341
9574
9576
42344
25961
25963
9581
9583
9585
42354
42358
42361
9594
42362
9597
9598
42370
9603
25989
25990
42375
9605
9612
42382
26004
26005
42393
26010
26009
9634
9635
42405
9639
42409
26030
9648
9649
26034
26036
9653
26045
9663
42433
9667
42438
26056
9675
26061
9678
26063
26064
42448
9682
26066
42450
9681
42451
26071
42456
9688
26076
26080
9697
42466
9699
26087
9704
26089
9707
42480
26097
9712
26096
42484
26102
42488
42491
9724
9727
9729
9732
42501
42503
42504
9737
26127
9744
26134
9751
9750
42521
42519
26140
9757
42524
9760
26146
42531
42532
42533
26151
9767
42537
9770
26153
26157
26161
42546
42547
9780
26167
42551
9788
26173
26174
9790
42559
9793
26175
26179
42564
9798
26182
42567
42566
42571
26189
26193
26194
42577
42580
9815
42584
9817
42589
42593
42594
9828
26213
9831
42601
42604
42608
9842
26226
42615
26232
26235
9856
42625
26240
42627
9861
26247
9865
26255
9873
26258
42645
42646
9881
42651
26268
42653
42657
26273
42659
9892
26278
9896
26283
9903
9905
42675
9909
9914
26299
9916
9917
26305
9929
26313
26319
42703
42705
42706
26323
42708
42710
9942
9944
26330
1977
26333
42717
42724
9958
42729
26346
26349
9967
42736
42740
42741
9974
9976
42744
26364
42748
26367
9985
9986
26375
26376
26377
42762
9992
9995
9993
26382
9999
42764
10003
26390
42776
10009
42778
42779
10008
10014
10017
42786
26406
42791
26410
42798
42801
10035
42803
26421
10039
42811
26428
42817
10052
10053
10054
42820
26440
10057
26442
26443
10060
42827
42825
10068
42838
10071
26454
10079
42848
10081
26467
42853
10085
42856
26473
10093
42862
10097
26482
42867
10101
26487
26488
42877
26495
10112
42880
42881
26499
26503
26505
42889
42891
42892
10125
26516
10135
26522
42909
26528
10145
10150
42923
26539
26541
26544
42929
26551
42935
42937
42939
42940
26555
42942
10175
10180
26568
42953
10186
26572
10190
10192
42961
10193
42965
10200
42969
42972
42973
10206
26591
26598
26599
42984
42986
10220
42990
42991
26611
42995
10229
26614
26616
10233
43002
43001
26619
43005
10235
10239
10240
26626
10243
43012
26629
26630
26631
10250
26636
26637
43023
43025
10258
26642
26645
10265
10266
43035
43033
43036
43038
10271
43040
10267
43042
10275
43037
26662
26663
10279
10286
43055
43056
43057
43059
26680
26682
10298
26686
10304
43077
10310
10314
10315
43082
26701
43085
43088
43091
10324
26715
43099
10336
43105
26721
26723
26724
26722
43110
43114
26734
10350
26736
26738
43123
26740
26739
10359
10361
26748
43135
26752
10374
26760
10377
10378
26763
26764
10380
10382
26770
43155
43154
10393
26778
43162
26777
10397
43166
43167
43172
43173
43177
10414
43187
26804
43189
10422
10423
26807
43192
10426
26811
43195
10428
43198
26816
26817
10434
26818
43204
10432
10439
26823
26824
26827
43213
10445
43217
26834
10449
26836
26837
10454
26833
10461
26846
10463
10464
26849
43237
43238
26857
10474
43243
26861
43248
10480
26866
26867
10484
10486
10487
10488
43259
43260
26876
43262
10495
26883
10499
43269
26884
26887
10501
10507
26892
10512
10513
10514
10518
43286
26904
10521
26906
10523
26909
10527
26911
43300
43302
26918
10534
26919
26925
26926
10543
26927
43311
26934
10554
43324
10565
26950
10567
43337
10570
10574
26960
10577
10579
43347
43349
10582
26967
26969
10587
43355
10589
43363
43364
10597
43366
26984
10601
43370
43374
43375
10606
10609
26995
26996
26999
43385
43388
27009
10628
27013
27015
43400
27022
43407
27023
27024
27026
43412
43414
27031
43416
10651
10652
43420
43422
10656
43425
43424
10660
10661
27046
10666
10668
10670
43439
43441
43445
10678
43446
27064
27065
10679
10683
10692
27077
27078
43463
43464
27081
27084
43468
27086
27087
43471
27090
43475
27091
43476
10711
43479
43480
43485
43490
10723
27108
27110
10726
43496
10732
27118
43504
27121
43508
10741
43511
27130
43520
27137
27142
10759
43528
27143
10764
43535
43537
43540
27156
10775
10776
43545
43546
27163
10778
27170
43556
27172
27174
10790
43564
10798
10800
27185
43569
43571
10804
10803
27191
27192
10811
10813
10814
43583
43582
43585
43586
10819
10820
43589
10822
10818
27208
43593
43594
43590
43592
10832
10833
43602
27217
27222
10841
43613
43615
27231
27235
43620
10855
27242
10860
27250
10872
27257
43645
27262
43647
43653
27271
27273
43659
43660
43661
27277
10892
10893
27278
10897
10899
43668
10900
43669
43671
27288
10905
43673
27289
43675
27296
27300
27302
10919
27304
27305
43692
10925
10924
43697
43698
27314
10932
27317
43702
43703
10937
43709
10942
10946
43718
27334
10952
10954
27342
43726
10960
27348
27351
10968
43742
27359
43743
10976
43744
43747
10979
10981
43753
43754
27371
43756
10989
27375
43761
10993
43768
27389
11006
27390
43776
27391
11012
11016
11017
11022
27406
11026
43796
11030
43799
43800
11034
11035
43805
43806
27423
43807
27424
27421
27422
43812
43813
11038
27425
43814
27435
11051
43822
27439
11056
11058
43827
43829
27445
11063
43832
11062
27450
27451
27452
27453
11069
27455
43840
27456
43842
27459
43841
11077
27462
11079
43847
11078
43848
43851
27467
43856
27475
27476
27480
43865
43867
27485
27486
43875
11108
27493
11109
43880
43884
43885
43886
27504
27505
11121
43890
11123
27509
27506
27518
11149
43920
43923
11156
27541
27542
43924
43929
43931
27549
11166
27550
43936
27553
11169
27554
11168
43942
11174
11175
43945
27563
11180
43947
27565
27567
43955
43956
43957
11188
11189
27577
27578
11195
11193
43966
27583
43968
27585
27586
11202
11198
11201
11211
43979
27596
43982
27599
11217
43990
11223
11225
27610
43999
27616
44001
27618
11235
11236
11237
11239
11240
27626
11243
44012
11245
44014
11248
11249
11252
44020
27636
27640
11259
44028
27645
27646
27647
27652
11271
27656
44040
27660
27665
44055
11288
11295
27679
44067
27684
44071
44072
27690
27696
44084
11317
27701
11319
27704
27705
11322
27703
11326
44095
27711
27714
27715
44100
27717
44104
11337
44106
44107
11339
11340
44113
27732
11349
11351
11353
27738
11356
27743
44128
44129
11362
44131
11366
44137
11371
27756
27758
11376
27761
44145
11379
44147
44149
27765
44150
44154
27770
44159
44161
27779
44166
11400
44168
11405
44175
44176
11409
44178
44179
44180
27797
27799
27800
11415
27802
11419
11420
11422
44191
27806
11426
44196
11431
44201
27820
44207
11439
11445
11447
27833
44217
27836
44226
44229
11463
11464
27847
11466
44237
11471
44239
11475
11476
27863
11483
27870
11487
44256
44257
11490
27873
11489
11493
44263
11497
44265
44268
27885
27893
44277
27895
11510
11513
11514
27901
27902
11519
44288
11521
11524
27908
11526
44296
11529
27918
11535
44304
11538
44307
27924
27926
11543
44310
27928
44311
27931
44318
27934
27938
11559
44328
44329
11560
27948
44334
44335
11571
11572
11574
44342
44344
44345
44346
11580
27967
11583
27971
27974
11591
27977
27980
11596
44368
27987
27988
11606
27991
44382
11617
28001
11619
28003
11621
11622
11623
44392
11625
11628
11629
28014
11632
44402
28020
28021
44404
44407
11639
11642
28026
28028
28029
28031
44416
11650
11651
11652
44421
11657
28042
11659
28044
44426
11662
44431
44430
28055
11671
28058
11675
28060
11679
11680
11684
28069
11689
11690
44459
44461
44463
11695
44465
44466
11697
28084
28089
28090
28091
28092
44475
11706
11711
11712
28095
44482
44485
28104
28106
11723
11724
11722
28113
11731
11732
44504
11737
11738
11739
28124
28126
44510
44512
44513
28133
44518
11752
44523
11756
11758
28143
11760
28149
11766
11768
44538
44540
11775
44544
28162
11782
11783
44555
44557
11792
28178
28181
11799
11804
28189
44574
11807
11809
28194
44578
44580
11813
11812
11818
28204
11820
44590
11823
11826
44596
44600
28218
11835
11836
44608
28224
11845
28229
11848
44618
11852
28237
28238
44624
28241
44627
44628
44633
44635
11868
28253
44636
11872
11873
38181
11876
28264
11882
11885
11887
28275
28284
44670
28287
28286
11904
44674
44676
11909
44677
28295
44680
28297
28299
28300
11917
44684
28303
11920
44687
28307
44695
28311
28315
28316
11933
28321
44705
11939
44708
28327
11944
28332
11949
11953
28338
11958
28342
28344
28345
44730
11963
11965
11969
44740
44743
44746
44747
44748
11982
44751
28368
44753
11989
28374
11991
28376
28377
28378
44760
28380
12007
44776
12013
44782
28399
44784
28401
28400
12019
12020
28402
12016
44785
44792
12026
12027
44796
44794
44798
44795
28416
28418
12036
44805
28424
28426
12045
44813
44816
44820
28440
28441
28442
12056
12060
12058
12059
44833
44834
28449
12070
28456
12073
44842
12074
12079
12080
12081
28466
28469
28471
44856
44857
28475
44860
44864
44866
44867
12100
28487
28489
12106
28492
28494
28497
44885
12118
28501
28505
28511
12128
12129
12130
44899
44900
44903
28520
44904
44906
12139
12140
12141
44910
28525
44907
12149
44921
28537
12156
44925
12157
44926
44933
28551
12167
12173
28559
28560
28564
12182
44953
12186
44954
12188
44957
28584
12201
12202
12200
44972
12205
28593
12210
28595
44980
28597
28594
12215
44985
12219
44988
28605
28606
28607
12222
44995
28611
44997
44999
12233
12235
28621
45006
45011
12244
45013
28629
12246
45018
28634
28636
28638
45022
12256
28642
12258
12262
28646
12265
12269
45038
12271
12270
12273
12274
45043
28661
28662
45046
28664
12281
28667
28672
45057
28673
28676
45061
12294
28680
12297
45066
28682
45072
28689
12308
45083
12317
12319
28705
45091
12325
12327
12328
28718
12335
12336
28721
45106
28723
45110
12343
28728
45113
28732
28733
45120
12352
45123
45124
12355
28742
28746
12363
45135
28752
12371
45140
28756
12374
45143
45144
28767
28770
45156
45157
45158
12391
28772
12390
45163
45165
12398
12399
28782
12409
45180
45181
12414
45182
12420
45192
45194
45197
28816
45203
28819
28821
45204
45207
45205
12442
28830
45215
45217
28833
12449
28834
45221
28845
28847
12465
28849
12469
45238
28856
12473
45244
45246
12482
28867
45251
45253
45256
28872
12491
12493
12496
12501
45269
45271
45272
28889
12507
12508
12515
45285
12518
28902
45294
28912
12529
45296
12532
12533
28917
28919
28921
45306
28925
28929
12546
12549
12550
28935
45319
45321
12551
12557
45328
28944
28952
12569
45338
12570
45339
45341
45344
12579
28964
45349
45347
45351
12584
28967
12586
28972
12593
45364
12597
12596
28984
12600
12601
45370
45374
28993
28994
12609
45380
12613
28998
12615
12611
12612
12620
45389
29006
29005
29015
29020
29021
12638
29022
12640
45408
12641
12637
45412
45413
45414
12647
45417
45420
12653
29039
12655
12659
12663
29048
12668
29053
45436
45439
45440
45441
12669
29060
12677
29064
45449
29066
45451
45453
45454
45455
29076
29079
12696
29080
29081
45469
45470
45471
29087
12705
29092
12710
45479
45478
12716
29102
29103
12720
45489
12724
29109
29113
45499
12735
29121
29125
12741
45511
45513
45515
45516
29133
12750
12751
45519
29132
12752
29139
45521
45525
12754
29141
45529
12764
29154
12770
45542
29159
12776
45545
12780
45550
45551
45553
12786
12790
29175
12792
29178
45563
29180
45564
12798
12796
12802
45571
45570
29187
12808
12809
12811
45579
29198
12815
45583
29202
45587
29205
29208
12825
45594
29212
29213
45599
45601
45602
29219
45606
12839
29225
29227
29229
45615
29231
45616
12849
12851
12852
45624
12858
12860
29244
29249
29251
12869
29253
29255
29256
12870
29259
12877
12883
45652
12886
29271
45660
29276
29279
45663
29282
29285
45669
12903
12906
29293
12915
45685
45689
29306
29309
12925
45695
12928
29311
45698
12931
12936
45705
29321
12939
29326
45711
12944
29329
45715
45716
45721
29340
29341
12961
45730
45731
29348
12965
12966
45735
45737
29354
12970
12974
29359
29360
45744
29362
45748
12981
29366
45759
29376
12992
45762
29379
12996
45765
29375
12999
29384
29383
13001
29380
13004
29389
13005
45770
13009
45780
29397
29398
13013
45783
45789
29407
45792
29412
13030
45801
13040
29424
45810
29426
45814
45815
13054
13055
13057
13058
45828
45830
45831
45832
13063
45835
13068
29451
45838
13071
13072
29454
45836
13075
29456
13077
45843
45850
29467
45852
13085
13086
45854
45857
13090
45859
45858
13093
29478
45863
29484
45875
45878
13111
13110
45881
13112
29500
45885
45886
45887
13120
13123
45892
45893
29511
29512
13128
45898
29515
13132
13134
45903
13136
29518
29523
45909
13142
45910
13141
45911
13147
29532
45915
45918
45916
13153
45921
45924
29540
13158
45927
29547
13166
45934
29550
13169
13173
13174
29561
29564
29566
29567
13187
29571
13189
45956
13192
29577
45963
29579
29581
29580
45967
29583
45969
13202
13200
13203
45973
13206
29594
45980
13213
13214
45983
29599
29603
45991
13223
29608
29611
13228
45997
29614
13229
29615
13230
13236
46005
29623
29625
29626
46013
29630
13246
13248
13249
13251
13252
13254
29645
29649
29650
46035
46034
46039
46052
13286
46056
13289
29676
46062
29678
46064
13298
13299
29684
13302
29687
29691
46075
13311
13313
29703
29704
46088
29706
29707
46092
29709
46094
46095
29712
29713
13328
29717
46103
13337
29721
46107
13340
29725
29724
29726
29730
13347
13350
46120
46123
46124
46126
13359
13360
46128
13375
13376
46145
29764
29769
46157
46159
13392
46162
13394
29783
13402
46171
29795
46179
46182
29801
29803
13420
29807
29809
29812
13430
46200
46201
13434
29819
13436
46205
13437
29823
13439
46206
29828
46213
46215
29833
29835
29836
29838
46222
29839
46225
13461
29846
46231
29845
13465
46235
13470
13471
29858
46242
29865
13483
46251
13486
13487
29871
29874
13491
13492
13490
46264
13497
46267
29884
29885
46270
13504
13505
29890
13506
46275
29893
46276
46277
13513
13516
29901
29902
13519
46289
29908
13524
46293
13527
29910
13530
29915
29916
46301
46303
29920
46307
46312
13546
46315
13547
46321
13555
46325
29942
46328
46329
29946
13561
29948
13565
46333
46335
13563
29955
13574
29961
13579
29963
29967
29969
13586
29970
46357
46360
46361
13594
13592
29980
13595
46365
13593
13600
46369
13602
46371
46370
13603
29990
29988
13608
13609
46372
29995
46376
46381
46378
13615
13624
13626
13627
46395
30013
46399
30018
30022
46407
13639
30023
13643
46412
30029
13646
13648
13649
13652
46423
46424
13658
30045
30048
13666
13668
30054
13671
46440
46441
13673
46443
13676
13674
30061
30063
46447
46448
13682
13679
13683
30069
46453
30070
13685
13689
30072
30075
13686
30077
30081
46466
46468
46469
30090
46475
46478
13711
46479
13713
46481
46483
13717
13719
30105
13731
30116
30117
13735
13738
30122
46509
13742
46511
46512
30126
46514
30129
46510
30133
13750
30135
30138
13754
13756
13759
30145
30146
46531
30148
46532
30150
30153
46539
13772
46541
30160
46544
46553
46557
46560
30177
13794
30180
13802
46571
46573
13806
46577
30193
13811
13815
13816
30200
46584
30201
13822
13823
13824
13825
13827
30213
13830
13829
46600
13835
13836
46604
13840
13841
13842
13844
46613
13846
46615
13848
46617
46614
13857
46626
13859
13860
30244
13862
30247
30249
30251
30258
13879
30264
46653
30269
46655
30277
46664
13898
30282
46669
30288
13904
46675
46677
13912
46682
46683
13915
13914
13920
13922
30310
30311
30313
30316
13936
46706
13938
46708
30325
46710
13942
46712
46713
46716
46717
30332
13948
30336
30337
30335
13955
30333
13950
13949
46727
13960
13956
46725
30349
13970
13983
30368
30370
46757
46763
13997
46766
13999
14001
46770
30389
30395
14012
46779
14023
30409
14029
46797
14031
14033
30417
14034
46805
30422
46807
30429
30430
46813
14050
46819
14054
30444
46835
46836
14069
30456
30458
46843
14076
30461
14079
30466
14084
30469
14087
46856
30473
30474
30475
46864
46868
46869
14106
46876
30493
30494
46881
14116
14117
30502
30501
14120
30505
46890
14125
46895
30513
14131
14132
46902
30519
46905
46907
14139
46910
14143
46911
30531
30532
46919
30535
14153
46923
14156
30541
46926
14161
46929
30548
30549
14166
46935
46940
14174
30560
30561
46945
46947
14180
14185
14187
30572
30577
46961
30579
46967
30584
30586
30587
14209
30594
46980
14216
30602
14219
14221
30606
46991
46992
14223
30609
14227
30612
46997
14231
30617
30620
47006
30624
47009
14241
14246
47014
47018
30636
14253
47022
14254
30643
14259
30646
14268
30653
14273
47042
14275
30660
14276
30666
30667
30669
30672
47056
30675
47062
47063
14294
30679
14297
14299
30685
30686
30687
47074
14309
14310
30696
14312
14313
14315
14317
30703
14320
47091
47092
30709
47093
47095
47096
14329
47098
47099
30716
30718
30719
47102
14337
47106
47104
14335
30726
14343
47111
14351
30735
14354
14360
30744
30747
47131
14366
30750
30752
47134
30754
14369
30753
14373
14378
30763
14379
14380
30766
30767
14383
30765
14382
30770
14388
14389
47158
30777
14394
30781
30784
47170
30787
47172
47173
30789
14405
47176
30792
14406
14408
47182
47183
47184
30802
47190
14423
30806
14425
30812
47196
14429
30815
14432
30817
14434
47201
30818
47205
14435
47203
47208
47209
14442
30819
30833
30834
14450
30836
47222
14455
30840
30838
47228
47230
30847
14463
14469
30864
14481
47248
30867
14486
14487
30871
47258
47259
14491
14494
14499
47267
47268
14502
47271
14503
30889
47274
30890
47276
14504
14507
14520
47292
30910
47295
47296
30912
47298
30914
14532
47301
47297
14536
47304
30922
14539
30924
47309
30926
30927
47310
47316
30935
14554
47325
30943
30945
47329
30951
14568
47337
14573
14574
14575
30960
14577
14578
30961
14588
47357
47359
30978
14595
47362
47366
14600
14601
30986
14605
30994
47379
14612
31002
47387
14619
31005
47386
47392
31010
14627
47396
31022
31023
14640
31025
47409
14646
14650
31038
31040
31043
31044
14661
31046
47431
31048
47437
14669
47439
47438
31057
47443
47444
31059
14678
31063
14675
47452
14691
31077
14696
31082
14698
14702
31086
31091
14708
47479
14716
47488
14722
47492
14727
31116
47500
14734
31119
47505
14739
47507
47509
14745
31130
31132
47518
14752
31136
14755
47524
47525
14758
31144
47534
14767
31154
31155
14774
31159
47544
14775
14778
31164
31165
47555
47556
47557
31173
47560
31180
47565
31185
31186
31189
14811
14812
31197
31199
31202
31204
14820
47589
31207
14825
47594
31210
14827
47595
31215
14833
14835
47604
14837
47606
14841
14842
14843
31228
14845
31231
31232
14850
31234
47620
47621
14854
31240
47627
14859
14861
14862
47629
47632
31248
14866
14868
47637
14875
14876
31261
47647
14883
14890
47659
47662
31280
47667
47672
31288
47674
14909
47678
47679
14911
31293
47682
14915
14916
14918
31302
14922
31308
31309
14927
14929
14930
47699
31315
14933
31318
47698
14931
47705
47710
31333
47719
47720
31337
31338
14955
31342
14959
47730
14962
14964
14965
47733
47739
31356
47740
31359
14975
47749
47753
14987
47756
31373
47759
31376
47763
47764
31380
15003
47773
31390
15008
15010
47781
47783
15017
31405
31407
47792
31411
31412
15029
15032
31417
15034
31419
47804
15039
47812
15044
47814
31428
47816
15050
47819
31435
15053
15054
47823
15059
47832
31448
31454
31455
47840
47841
15076
47847
31465
47850
15084
15085
31474
15092
15098
31482
47868
47870
31487
47872
31486
15102
31495
31496
15114
47882
47885
31502
31506
15124
15125
47894
31508
15129
31515
47903
31521
47906
15139
31524
31525
47909
15146
15147
31532
31533
47919
31536
47920
31546
31551
15171
31556
47939
31558
15175
47943
31561
31560
31563
31562
31566
31568
15185
47954
47956
47957
31574
31575
15189
31572
15192
15195
31580
15202
15206
31592
47976
15211
47980
15214
31600
15216
15217
15218
15219
15223
31609
31610
15225
15228
47997
47998
31615
31614
15233
48002
15235
31619
31621
48005
48006
15240
48009
31626
31631
48016
15252
31636
31638
15255
31641
15259
48030
31647
15262
31649
48033
48036
15269
31654
15273
31661
48045
31663
15279
15282
31669
15285
15286
48053
48058
15292
31681
15297
48066
31682
31685
15303
48074
31691
31695
15312
15318
48086
15320
48088
48090
48089
15324
31707
15323
31713
31714
31717
48102
31719
15336
31725
31727
31728
15343
48119
15352
31737
31735
48120
31742
15360
48131
31756
48141
31759
31761
15380
48149
31766
15383
31768
48151
15385
48154
48156
48157
31773
48160
15396
15400
31785
48170
31786
31795
15412
48181
31798
48183
15416
15417
15425
31812
15429
48199
15432
48200
31820
48208
15443
48213
15445
48217
48218
31835
48220
48226
31842
15463
31849
48233
48239
31859
48243
15477
48246
48247
48248
48249
31863
31865
31870
48259
15492
29131
48263
48264
31880
48266
31883
48270
31886
15503
31888
31892
31894
48279
31899
31900
48285
15519
31904
31907
15542
31927
31929
48314
15547
48315
31934
31935
48320
15552
15554
31940
15557
48327
15561
48330
31947
15564
31949
15574
48346
31965
15583
15584
31969
48354
31974
48360
48361
31978
48362
15593
48365
15598
31984
15603
31991
15610
48378
15612
48381
48383
48391
48392
32010
48395
32013
48404
15640
48410
15642
15650
32035
15651
15653
48421
32038
15656
15654
15658
48427
32045
32052
32056
32057
15673
48444
32060
15678
32063
15679
48448
48452
32071
15689
32074
32076
15697
15698
15702
15703
48474
15706
32090
15711
15713
48482
32099
48484
32097
48489
15722
15723
32108
32109
15728
48499
48501
15734
15735
15736
48505
15739
48508
48510
32127
15745
32136
32137
15754
15753
32139
48523
15755
32140
32145
48530
48531
32148
32147
48533
32151
48535
15769
48534
15772
15774
32159
48549
48550
32166
48553
32169
15788
15790
48560
48566
32184
48571
15804
48572
15807
15808
32195
32196
48583
15817
32202
48587
15820
32203
15822
32208
48594
48595
32212
48599
48608
32224
48611
32228
15846
32231
48617
32241
32242
15858
15860
48630
48632
32250
32251
48638
32261
32265
32268
15886
15888
32272
32274
15891
48660
32277
15890
48659
48658
15895
48666
32281
32284
15902
32289
32291
48676
48677
15910
32294
15913
48681
48683
15919
15920
32304
32306
9677
32308
32309
48694
15929
48697
48699
48702
15937
15939
32324
48709
48708
15944
32331
32333
15950
32336
48720
48722
48723
32340
15960
48730
32348
48733
48737
48739
48741
32360
32361
15977
32363
48748
15981
15982
48752
15987
32372
48757
32374
48758
32375
15989
32377
48765
16002
32386
16004
32387
48775
48782
16015
32399
16017
32401
32400
32404
48785
32409
32410
48796
48799
48800
16034
32420
16037
32423
32425
16043
32427
48814
32430
16049
16053
16057
32442
48830
32447
48833
16066
16067
32454
48842
48845
48846
48849
48850
32465
48852
16087
32472
32471
16091
32475
32477
48862
16093
32480
16097
32483
16101
16105
16109
16111
16113
16116
48885
48884
32504
32509
48895
16131
32517
48902
32520
48904
48906
48907
32524
32529
32532
16153
48922
32540
16157
48926
32542
48924
32546
32548
48935
48936
48939
32558
32559
48944
16177
32560
16178
16182
48951
48952
16185
48953
48957
16190
16196
16197
16199
16201
16202
32585
16207
48976
12991
32594
16216
32603
32606
32607
16225
32614
49001
16236
16238
16239
49009
32626
16243
16245
32629
32632
49017
32634
16249
49020
16255
32642
32647
32649
16273
49042
49044
16277
49046
32662
49048
16282
16284
49053
49054
49056
49067
32684
49069
16304
49075
32693
16311
49079
16314
16318
16319
32703
32705
32706
32707
16324
32709
49094
49093
16321
49099
16334
32720
16337
49104
16339
32723
49105
49117
49118
32734
16351
16352
16363
49133
32751
16369
49137
49139
16372
49138
16374
16375
16377
32762
