32768
32770
32773
5
7
32774
6
32781
13
32783
32782
32786
32787
19
21
32788
32791
32792
18
32795
32796
32797
30
33
32803
32804
32805
35
40
41
42
43
32812
32814
32816
32817
50
51
32820
54
32823
56
55
32825
32829
32830
63
64
66
32835
32839
75
78
80
32849
32848
32852
32853
85
32855
88
32858
91
92
32861
32862
99
101
103
104
32873
108
32877
32880
114
32884
32888
123
32891
125
129
32897
131
132
32900
134
136
137
32906
32907
140
32909
142
32910
32912
145
32913
32918
32920
32921
32922
32924
157
160
32930
162
163
32934
166
32936
170
173
32941
32943
32942
32946
32947
179
32949
183
184
32951
32954
32953
32956
189
32959
194
195
197
198
32965
32968
32970
209
32978
32980
32981
215
32985
32987
220
221
32990
223
32992
224
32989
227
228
229
32994
231
232
33000
234
33003
33001
33005
33006
33007
237
241
33008
33011
33012
245
33014
247
246
249
33018
33019
33021
33022
255
259
260
261
33030
263
33032
33033
33035
271
33041
33042
33045
279
33047
281
282
33050
33052
285
33051
287
33056
289
33057
33058
33054
292
293
288
33064
33065
297
298
300
299
302
303
33073
305
33074
308
33076
33080
33081
314
315
33084
33083
318
33089
321
33090
324
33093
33092
330
33102
33103
335
33105
338
33107
342
33112
344
346
347
348
349
350
33116
351
345
33117
33123
355
359
360
33130
33131
364
33133
33134
363
367
33136
370
33138
33142
33143
374
33145
377
33148
33149
33151
33152
33153
33155
389
390
33160
33162
33163
396
397
400
33168
33170
403
402
33173
33175
33176
409
410
33179
411
414
417
33187
33188
420
33189
33191
421
425
426
427
33193
33198
430
33199
33201
33205
33206
439
33209
443
33212
33211
33216
33217
449
33218
33220
455
456
457
33227
33228
462
463
465
33237
470
471
33241
474
475
479
480
33249
485
33253
487
33255
33257
33258
33259
33260
493
494
33264
502
504
505
507
508
33275
33277
509
33280
33282
33283
515
33288
522
33291
33292
33293
33294
527
33297
33299
532
33301
534
535
33303
33304
33305
539
540
538
33306
33310
544
33314
548
549
33318
550
33320
33321
553
33323
33319
557
559
33328
33329
562
560
33332
33333
565
33335
568
33334
33339
573
33345
577
33347
33349
33351
583
588
33359
595
33363
598
601
602
33371
604
605
33379
614
618
33388
33390
625
33393
630
631
33400
633
33402
634
33403
637
638
33407
639
641
642
33412
646
33414
648
649
33417
650
653
33422
655
33424
656
33427
663
664
33435
670
33441
33443
33445
33447
680
33449
33448
681
682
686
687
33456
690
691
692
33461
33463
33464
33465
33467
33468
33471
33472
705
33473
709
33480
33481
714
713
33484
33490
33492
725
33493
33494
728
33500
732
733
736
737
740
33509
33508
33511
33513
747
751
33520
33521
757
33525
33529
762
765
33533
767
772
774
33543
33544
775
33546
779
33548
781
783
784
33552
33554
787
790
33558
33560
33559
794
33563
795
796
797
799
33567
33569
33570
800
804
805
33574
33575
808
33576
33578
809
33580
814
33584
33585
33589
821
823
33592
33591
825
827
33596
33598
830
33600
832
33603
33604
835
839
841
843
846
33615
33616
848
850
852
33621
854
855
857
858
33628
861
864
865
33634
33635
868
869
33638
33636
33640
872
874
875
876
33645
870
33649
882
887
33658
891
33660
893
33662
33663
894
33665
901
903
907
908
33677
909
33680
913
912
33682
918
919
33688
920
922
33691
33687
33690
924
33696
929
930
931
33700
933
932
935
33702
33706
33708
33709
943
33711
33713
33718
33719
33720
955
956
33725
958
957
33728
961
962
33732
965
33737
33739
33741
975
33743
33745
976
33747
33755
33756
33757
990
992
994
33762
995
33765
998
999
33768
996
33766
33772
1004
33773
1005
33777
1009
33779
1012
33780
33782
1013
1014
1015
1018
1021
33792
33795
33796
1030
1031
1032
33801
1036
33806
33808
1040
33810
33811
1041
1046
33818
1052
33820
1055
33828
33829
1060
1061
1064
33832
33834
1067
33835
33837
1074
33849
1082
1084
33853
1085
1087
33856
33857
33855
1092
1096
33865
33866
1098
1100
1101
33869
1104
1105
33875
1108
33879
33882
33885
1119
33888
33889
33890
1122
33891
1125
33894
1128
1129
1130
1133
33903
1135
33906
33907
33908
1140
33913
33915
1149
33919
1152
1153
1154
33923
33924
1157
33925
33926
33927
33921
33931
33932
1163
33934
1168
33938
1172
1173
1174
1175
1176
33943
1178
1180
1181
1184
1186
1187
33955
1189
1188
33956
33960
1193
33964
33965
1199
1202
1204
1206
33977
33978
1210
1212
1213
33983
33984
1217
1218
1219
33988
33989
33992
33995
1228
33996
1234
34005
34006
1237
1242
1243
34012
1248
34017
1250
34018
1251
34019
1254
34023
34024
34022
34020
1261
34031
34033
1266
1267
1268
34037
34038
34039
1274
34045
34046
1278
34048
1280
1282
34050
34053
1286
34055
34056
34057
1287
34059
1292
1293
1285
1295
34064
1298
34070
1303
34075
1307
1311
34080
1313
1314
34082
1316
34086
34087
1318
34088
34090
1322
34092
34094
34095
34096
1328
34098
1330
34102
1335
1336
34105
34109
1342
34112
34115
34116
34117
1350
1351
34121
1353
34123
34124
1355
1357
1359
1364
34136
1368
1372
1374
1375
1376
34147
1380
34150
34151
1385
1387
34157
1394
34167
1400
1402
1403
34173
34174
1405
1408
34179
34180
34181
34182
34186
1418
34188
1421
1419
34191
34192
1424
1423
34195
1428
1425
1430
34198
1435
34203
1438
34207
1440
34209
34212
1445
1446
34216
1449
1450
34220
34221
1455
1457
34226
1459
1458
1460
34230
1466
1470
1473
34242
1475
34246
1480
34249
1483
34253
1486
1487
34254
1489
1490
34258
34259
1495
1499
1500
34268
1503
34276
1513
34284
1517
1518
34289
1522
1524
1525
34293
1527
1528
34297
1530
1531
34299
1533
34301
34302
1536
34305
34308
1540
34313
34314
1546
34317
34318
1551
1552
1554
1555
34324
34327
34328
34330
34331
1565
34334
34337
1576
1579
1580
1583
34353
34356
1588
34357
1591
34360
34361
1594
34363
1595
1596
34364
34367
1600
34372
1605
1606
34375
34373
34377
1609
1610
34374
1613
34380
34384
34388
1620
34392
1625
34394
1627
1628
34396
1630
1631
34393
34401
1634
1637
1641
1642
34411
34412
1646
34414
34415
34419
34420
34421
34422
1653
1656
1655
1658
1659
34424
1661
1663
34432
34434
34435
1667
34438
1671
1673
34441
34444
1677
34446
1678
1679
34451
1686
1687
1688
1690
34458
34460
34461
1691
1695
34463
34465
34466
34468
1701
34470
1703
1705
34476
34478
1710
1713
1715
1717
1719
34488
34489
1722
1723
1724
1725
34495
1727
34497
1729
34499
34500
34501
1734
1735
34504
1737
1741
34510
1743
34512
1746
1747
34529
1761
34531
1766
34535
1768
34537
1772
34544
1777
1778
1780
34550
1783
34552
1785
1786
1787
34555
1793
34562
34565
1798
34566
1799
34568
34570
34571
1800
1805
34577
1809
34579
34578
34581
1813
34582
1816
34584
1818
34580
1822
34592
34593
34594
1827
1828
34597
1830
34598
1831
34601
34602
1834
34605
1838
34607
34608
34609
34611
1845
34615
1848
1849
1847
34618
34620
34621
1856
1857
1858
1859
34632
34634
1867
1868
34637
34647
34650
34651
1884
1883
1885
34652
34658
1891
34661
34662
1894
34663
1900
34674
34676
1909
1908
1911
1912
1915
34684
34686
1919
34689
34691
1924
1925
34694
1928
1929
1930
34696
34700
1932
1934
34703
1935
34702
34706
34711
34714
34715
1949
1950
34719
1951
34722
34729
1963
34732
1965
34736
34738
34739
34740
34741
1970
1976
34745
1978
34747
1980
34748
1981
1982
1977
1985
1986
34754
1979
34757
34758
1989
34760
34761
34762
34763
1993
1990
1998
34771
2006
34776
2008
2010
34778
34782
34783
2017
2018
34786
34787
2025
2026
34795
34794
34797
2030
34796
2028
2034
34802
34803
34810
2044
34812
2048
34817
2050
2049
34820
2053
34822
34823
13434
34825
34826
34827
34828
34829
2062
34831
2064
34824
34834
2067
34836
34837
34838
2071
34835
2073
2074
34843
2076
34846
2078
2080
34847
2081
34851
2084
2083
34854
2079
34852
34857
34855
34859
2090
2093
2095
34865
34867
2100
2101
2103
2104
2106
2107
2108
34876
34877
2111
2112
34881
2115
2116
2117
34885
2120
2122
34891
2126
34895
2128
2127
34899
2136
34907
2142
2143
34911
34914
2149
34919
34923
2155
34925
34924
34927
2159
34926
34928
2163
2156
2165
34934
2167
34936
34937
34935
34933
34940
2168
34942
2174
2176
2177
34944
34947
34941
2181
2182
34952
2188
34958
34959
34960
34965
34966
2197
34968
2201
2202
34971
2205
34975
34976
34978
2211
34980
34983
34986
2225
2226
2227
34996
2230
34999
34998
35001
35000
2235
2236
35006
35007
2240
35009
2242
35011
2244
2246
2247
35015
2248
2250
35020
35021
2254
2252
2258
2260
35029
2262
35031
2264
35032
2266
2267
2272
35040
35042
2275
35045
2277
2279
2282
2283
35050
35053
2284
35055
2288
35057
2291
2292
35061
35062
35063
2297
2299
2300
35067
35068
35071
2303
2305
2306
35075
2308
2311
35082
2315
2316
35084
35083
35088
2322
35093
2326
35094
2328
2329
35098
35096
2331
35101
35104
2339
2340
2342
2343
35112
35111
35115
2349
35118
2350
35117
35121
35120
2354
2356
35124
35127
35128
35129
35136
2370
35139
2373
35142
2374
2377
35146
35147
35148
35149
35150
35152
2384
2386
35155
35154
35158
35163
2396
2398
35166
35168
2401
35170
35171
35172
2409
2411
35179
2412
35182
35181
2416
35188
2421
35190
2422
35191
35193
35194
2427
2425
2429
2430
35198
2432
2433
2436
35206
2439
35209
2442
35213
35214
2447
2446
35216
2450
2451
2452
35222
35223
2458
35226
2460
2461
35228
35231
2467
35235
35237
2470
2474
35247
35250
2487
35256
35261
2494
2495
35264
35263
35266
35265
35268
35269
2504
35272
35274
2509
2510
35279
35282
2514
2516
35285
35283
35287
2521
2522
2523
35293
35294
35295
35296
35298
35302
2534
2535
35307
2540
35309
35310
35311
2544
2545
35314
35315
35316
2549
2554
2556
2558
35326
2559
2564
2565
35336
35337
35338
2571
2572
35340
2577
35345
35349
35350
2583
35352
2581
2586
35355
35356
35358
35360
35362
2595
35365
35367
35369
2604
35377
35378
2610
2612
2613
35381
2615
2617
2618
2619
2620
2621
35390
2623
2628
35397
2631
2633
35403
35407
2641
35409
35410
2644
35412
35414
2647
35417
35421
2657
2659
35428
2660
2662
35427
35430
35434
35436
2668
35438
531
2673
2674
35444
2678
35448
2681
35450
35451
2680
35453
2686
35456
35457
2690
35458
2692
2693
35461
35464
35465
35467
35468
2700
35470
35474
35475
35477
2711
35481
2717
2719
35488
2722
2723
35491
2725
2724
35492
2727
2726
35500
35501
35505
2738
2740
2741
35510
2744
35515
2747
35519
2752
2751
2754
2755
35525
35526
2759
35528
35529
2762
2763
35530
35533
2766
35534
35537
35541
2775
35544
2777
2778
2780
2782
35551
2784
2785
2788
2789
35557
35562
2794
2796
2799
35568
2800
35569
2801
35572
2808
2809
35576
35580
35582
2814
2815
2817
35586
2822
35591
35590
2824
35594
35595
2826
35597
2830
35599
35598
2835
2836
35605
35603
35604
35608
2841
35606
2843
35611
2846
35620
35622
2855
2859
2863
35631
35633
2865
2867
35635
2870
2871
35640
35639
2873
35643
35644
2874
2879
2881
35650
35652
35653
2884
2887
35656
2888
35658
2891
2892
2893
35662
2896
35665
35669
2902
2904
35673
2907
2911
2914
35683
2916
13605
35686
35688
35689
35691
2924
13607
35694
35695
2928
35698
35702
35703
35704
2936
2939
35709
2941
35711
2945
35714
35715
2948
2950
35718
35719
35722
35723
2956
35727
35730
2963
2962
2964
2966
35734
35736
35733
2971
2975
35744
2977
35748
35751
35753
35754
2990
35758
2992
35761
35759
35763
35764
2996
2993
2999
3000
3003
35772
3004
35775
3010
35779
35782
3015
35784
3017
35785
3019
3018
35788
3022
3028
35796
35801
35802
3035
3033
3036
3042
3043
35812
3044
3046
3047
35816
3048
3050
3051
35818
3049
35822
3055
35824
3054
35827
3059
3060
35831
35833
3067
35836
3069
3070
3071
3072
3073
3074
3075
35844
35838
35846
35847
3080
35849
3082
3083
35855
46204
35859
3091
3093
35862
3092
35867
35869
35870
3103
3104
35873
3105
3107
3108
35874
35878
35879
3111
3113
35882
35883
3118
3119
35890
3123
35892
3124
35894
3128
35899
3131
35900
35901
3137
3139
35908
3141
3142
35913
35916
35919
3152
3153
3154
3162
35930
35931
35933
35932
3167
3168
3165
35938
35936
3172
3173
3174
3169
35944
35945
35940
35947
3171
3181
35951
3183
3185
3186
3187
35956
35958
35959
3190
35960
3194
35963
35964
3197
3198
3201
35971
35972
3205
3206
3204
35976
3209
35973
3203
3212
35982
35983
35985
3219
35988
3221
3222
35991
35993
35994
3227
3229
3232
36003
3237
36005
36007
36009
3242
36012
36013
36014
36016
3252
3254
3255
36022
3259
36027
36028
3264
36033
36034
3271
3272
36041
3274
36043
3277
36046
3278
3280
3281
3282
3283
3286
3287
36054
3289
3290
36061
36063
36064
36066
3299
36068
3301
36070
36072
36073
36075
3309
3311
3312
3313
36081
36083
36085
3318
36087
36088
36090
3323
3325
3327
3328
36095
3333
3335
36103
3336
36106
36110
36111
36113
3345
36116
3349
3351
3352
3354
3355
36126
3359
3362
36130
36131
3365
36132
3367
36136
36137
3370
36139
36140
3373
36142
3369
3376
36141
3381
36152
3385
3386
36155
3389
36159
3391
3393
36162
36161
36164
3396
3399
3401
36170
3403
36169
36173
3411
36180
3413
3415
36185
36186
3420
3421
36190
36191
3423
36193
3426
36197
3429
36200
36201
36202
3435
36204
3437
3436
36207
3433
3443
36215
36216
3450
36218
36220
3454
3456
36225
3457
3459
36228
3462
36233
3466
36234
36236
3468
3470
3467
36235
3474
3475
36244
36246
36249
3482
3484
36252
36254
3486
3488
36257
3489
36259
3492
3493
3494
3496
36266
3498
3500
36268
3503
36272
3505
36275
3507
3508
36278
36279
3511
36282
3514
36284
3518
36287
3519
3521
36290
3520
3524
3525
36293
3527
36295
36298
36299
36300
36301
3530
3535
36304
3536
3538
3537
36306
3543
36312
3545
36313
3547
3548
3549
3558
36329
3565
3567
3568
3569
3571
3572
36340
36339
36344
36347
3580
36351
36353
36354
36355
3585
3589
36358
3592
3594
36363
3595
36365
36366
36367
3603
3604
36375
3609
36378
36379
36377
3611
3614
3616
36385
36386
3620
3622
36393
36394
36396
3628
36398
36401
3636
36405
3637
3639
36408
36407
36409
3641
36412
36410
36414
3647
3649
3651
36420
36421
3655
3656
36426
36427
36428
3661
3662
36431
3665
36435
36437
3669
36439
36438
36441
3674
36440
36442
3675
3678
3679
3680
36450
36452
36453
3688
3690
36460
3693
3692
36463
36465
36468
36470
3703
3705
36473
36474
3708
36477
36476
3709
36480
3713
36482
3714
3716
36483
36486
3722
3723
36493
36494
36501
36502
3734
36504
3736
36506
36507
3739
3746
36515
36516
36518
3751
3750
36521
36525
3757
3760
3762
36531
36530
36532
36534
3767
36538
3771
36539
3773
36544
3777
36546
3776
3778
3781
3783
3786
36557
3789
3791
36558
3790
3794
36563
3796
3795
36566
3799
3802
3803
3804
3805
36573
3807
36575
3808
36574
3813
3814
36581
3815
36587
3820
3821
3823
36591
3825
3826
3828
36596
36597
3833
36601
3836
3837
36606
36607
33327
3841
3842
36605
3844
36613
36614
3847
3848
3849
36615
36612
3852
3853
36621
36623
3856
36618
36622
36627
3859
3861
3855
36629
36632
3865
36633
3867
3868
3869
36637
36639
3870
3872
3874
36643
3875
36645
36648
3881
3883
3884
3887
3888
3889
36657
3891
3892
46364
36662
3894
36664
36666
36667
3899
36669
36670
3904
36676
3910
3911
36681
36683
3916
36684
3918
3917
36688
36689
36694
36696
3932
3934
36702
3938
3939
36707
3947
3948
36715
3950
3951
36720
36721
3953
3955
36723
36724
36722
36725
36726
3959
3962
36731
36732
3965
3966
36735
3968
36738
3971
36739
3972
36744
3978
36746
36748
36749
3981
3982
36752
3987
36756
3988
36757
13819
3992
36761
3994
36763
3993
36768
4000
36772
4004
36775
4008
4009
4010
36778
4012
36781
36782
4015
36780
4017
36786
36788
4023
4025
4026
4027
36795
36796
36798
4030
801
36801
36800
4033
36804
4036
4038
4039
4044
4046
36816
4050
36820
36821
4054
4055
4056
4057
4058
36829
4062
36831
36832
4065
4064
4067
36838
4073
36843
4076
4077
4078
36845
36848
36849
36850
36851
4080
4083
4086
4079
36856
36857
36858
4091
4088
4087
4094
36863
4097
36866
4101
36869
4104
4105
36874
4108
36877
4110
4109
4113
36882
36886
4118
4120
36887
4122
36890
36892
4119
4125
36888
4130
4131
4132
4134
36903
4137
4138
36907
36912
4151
36920
4153
4155
4156
4158
36927
4160
36929
4161
4159
36936
36937
36938
4172
4174
36944
36945
4177
36947
36949
36950
36951
36953
4185
4187
36954
36955
4190
36958
36960
4193
36962
4194
36961
4197
4198
4200
4201
36970
4203
4204
36969
4206
36974
4205
4211
4213
36982
36988
36990
36994
4228
36996
4230
36999
4229
37001
37002
37003
4234
4237
4236
4239
37007
37009
37010
37011
4243
4245
37013
37015
4249
37018
4255
4256
37025
4258
37028
4261
37032
37034
4267
4268
4269
37040
37041
4273
37043
37044
4277
37046
37048
4281
37050
4282
37052
4285
4283
37055
37054
4286
4288
37056
37060
4293
37059
4295
37064
4298
37070
37072
37077
37078
37079
4312
37080
4316
37085
37084
37086
4326
4327
37096
4329
4330
4331
37099
37102
4334
37104
37105
4337
37106
37108
37109
4342
37111
37107
4349
37120
4354
4355
4356
37125
4358
37127
4360
37128
4362
37135
37137
4370
4372
37140
4375
4377
4378
4379
4380
37149
4382
37151
37146
37152
4386
4387
4388
4392
37163
37165
4398
37166
4400
37167
4399
4401
4405
4406
37176
4410
4411
37183
4418
37187
37189
37190
4423
4424
37191
37194
37192
4428
37196
4426
37202
37203
37208
37210
37212
4444
37214
37213
37216
4448
37218
4451
37220
4453
4452
4449
37224
37223
37217
4459
37229
37230
4463
4464
37233
4469
4470
37239
4472
4475
4477
37247
37248
37253
4486
37257
37261
37265
4501
37269
4503
37272
4504
37274
37271
37278
4511
4512
37283
4516
37285
4523
37291
4525
4526
37294
4528
37297
4535
4536
37305
37306
37307
37308
37309
37310
37311
37316
4549
37318
4550
37320
4552
37322
37319
37324
37325
4559
37331
37332
37333
4564
37335
37336
37337
4570
4569
4572
4571
4574
4568
37344
4577
4578
37346
37341
4582
4583
4584
37350
37358
4590
4592
4593
37359
4595
37364
37365
37367
4601
37370
4604
4605
4607
4608
37380
37385
4618
37386
4621
4626
37395
4628
37397
4630
37399
37402
37406
4639
37409
37410
4641
4645
4646
37415
37416
37417
37418
37419
37420
37421
4651
37423
37424
37425
37426
4659
4654
4655
4656
4663
37433
37434
4668
37437
37438
37439
4672
4673
4675
4679
37448
4681
4682
37456
37459
4692
4693
37462
4696
37464
4699
37467
4702
37471
4703
37473
37470
37475
4708
4709
4707
37477
37480
4712
37482
37484
37485
37487
37488
4720
4721
37491
37493
4727
4728
4729
37498
37499
37500
37501
4734
4737
37505
4740
37513
37515
37516
37517
37518
4751
4753
37523
4758
37527
4759
37531
37532
37533
4765
4766
4767
4769
4763
37534
4772
4773
4774
37543
37542
4777
37545
37546
4784
37553
4786
4788
4789
37559
37561
37562
4795
4793
37566
37568
37569
4805
4807
4808
4810
4811
37578
37581
4812
37583
4813
37585
37586
4819
4822
4823
4825
37594
37597
37598
4836
37605
4838
4839
37609
37610
4844
37612
37613
4846
4849
4850
37622
4855
37631
37633
37635
4868
4869
37642
4875
37644
37645
4878
4880
4881
37649
37654
4887
37655
4889
4890
4895
37664
4896
4900
37668
4902
37671
37672
37674
37680
4912
37684
4917
4918
4919
37687
4921
4922
37690
37691
37697
37698
37700
37701
37702
4934
4939
4940
37708
37707
37715
4950
4954
37723
4956
37725
37726
4960
37729
4961
4967
4969
37738
4973
37746
37747
4980
4981
37748
37750
37752
4985
37756
37757
37758
4991
37760
4993
37763
4997
5000
37768
37769
5003
5008
37776
5010
37779
37778
37783
5016
37785
5017
5020
37789
37788
5021
37792
37793
37791
37796
37797
37798
5033
5034
37803
37804
5037
37808
5041
5043
37811
5045
37813
5046
37817
37821
5053
37823
37825
5059
5061
5063
5064
37833
5065
5067
5069
5070
37839
5072
5071
37840
37843
5076
37846
37848
5084
5085
5086
37856
5089
37858
5088
37863
5097
37865
5100
5101
37870
37869
5105
5106
37874
37876
5108
5110
5111
37880
5113
5107
5119
5120
37887
37890
37889
37892
5129
37898
5130
37900
5132
5135
5136
37903
37906
5143
37912
37916
5150
5151
37921
37922
37923
37924
5156
37925
5162
37931
5164
37933
5167
37941
5173
5175
37944
5177
37947
5181
5185
37955
37956
37958
37959
5191
5192
37961
5193
37964
37967
5201
5207
37976
5208
37979
37980
5214
5215
5216
37985
5218
37982
37992
5226
37996
37997
5230
37998
37999
5233
38002
5236
38010
5243
38013
5246
38015
38016
5249
38018
5248
5252
38022
5255
38029
38031
5263
5264
5266
38034
5268
5269
38038
5271
5272
38041
38033
38043
38044
38039
5278
5279
38040
38049
38048
38051
5284
38053
5287
38055
5288
5291
5292
38061
5294
5296
38066
38067
38068
38070
5302
5303
38072
5308
38076
38078
38079
38080
5313
5314
5315
38083
38077
5311
5319
38088
38087
38085
5323
38092
5324
38094
5326
38093
5329
38095
38099
5327
38098
5334
5333
38103
38096
5338
38107
5340
5341
5342
38111
5345
38114
5348
5349
5351
38121
5354
38124
5356
38127
5360
38129
38130
38131
5364
38133
38135
5367
38137
5370
38138
38140
38141
38144
38151
38154
5386
38156
38159
5392
5393
38163
5396
38164
5398
38167
5400
5402
40151
5406
38174
5407
5409
38177
38179
38180
38181
5414
5415
5411
38185
5412
5416
5413
5421
38190
38182
38192
5424
5419
38195
38193
5429
38201
38202
38204
5436
38206
5439
38207
5441
38210
5444
5447
5448
38215
38219
38220
38222
5455
5456
38224
5458
5461
38231
38233
38234
38235
5468
5469
38238
38243
5477
5478
38249
38253
5486
38256
5489
5491
38260
38262
5494
38267
5500
38270
38271
38272
5506
38274
38278
38282
5515
5517
38285
5518
38288
5521
5522
38289
38292
5526
38296
5529
38298
5531
38300
5533
38301
38297
5536
5530
5535
5539
5540
38311
5544
38317
38318
5550
38320
5553
5552
38323
5556
38325
5558
38326
5560
38322
38330
5555
38332
5565
38329
38335
5568
38337
38338
5571
38340
5564
38342
5575
5578
5580
5581
38350
5583
38352
5582
5586
5584
38349
5592
38360
5594
38364
5598
38370
38376
38377
5609
5611
38380
5613
38382
5615
5618
38388
38389
38390
5620
38392
38393
5625
38398
38399
5634
5636
5639
38410
5645
38414
5646
38417
38418
38419
38420
5651
5656
38425
5657
38427
38428
5661
38430
38429
5670
38439
38442
5675
38445
5678
38447
5680
38448
38451
5684
38452
5686
38456
38457
38460
5694
38462
5696
5698
38466
38467
38469
5702
38471
38472
5705
38474
5707
5708
38477
5710
38478
38480
5712
5714
5715
38479
38489
5721
38495
38496
5729
5728
38499
38497
38502
38503
38504
5736
38506
38508
5740
5741
5742
38513
38514
38515
38522
5757
5759
5760
38529
5763
38531
5766
38536
38537
5770
38540
5773
38544
5777
38546
38547
5780
5781
5782
38550
38553
38555
38557
38562
38565
5799
5800
38574
5809
5818
38586
5820
38589
5821
38591
38593
5825
38594
5828
38597
5830
5831
5829
38599
5827
38598
38604
5836
38606
5840
38608
38612
38613
5849
38618
38624
5856
5859
5861
5862
5864
5867
38637
38638
38639
5872
5871
38641
5876
38645
5877
38647
38649
5882
5883
38652
38653
5886
5885
5888
5889
38654
38657
38656
5887
38662
38664
38665
38666
5899
38667
5900
5902
38670
38671
5905
5906
38673
38668
38677
5910
5909
38681
5913
38686
5920
38689
38688
38691
5924
38692
38695
5928
38696
5929
38697
38701
38704
38705
38706
5939
38707
38709
5942
5945
5947
38717
5952
5954
38722
38724
5959
5961
38730
5963
38731
5965
5966
38735
5967
5969
5970
38739
38740
38741
5973
38743
5977
38745
5979
38748
5980
38750
38751
38753
5988
5990
5993
38762
38765
38766
5999
38768
6001
38769
38771
6007
6011
38780
38781
6014
6018
6019
38791
38792
6026
38794
6028
38801
6033
38804
38805
38807
6040
6041
38810
6044
6046
6047
6048
38817
6053
38823
38826
6058
6060
6059
38830
6063
6069
6070
6071
38842
6076
38845
38847
6080
38849
38852
6086
6092
38861
6093
6100
6105
38874
6106
6109
38878
38879
6112
38880
6113
38884
38885
6118
38887
38888
38889
38890
6121
38893
6127
38895
6129
6130
38898
38905
38906
6140
6142
38910
38913
6146
38917
6151
6154
6155
38924
6158
38929
6162
38932
6166
38935
6170
38938
6172
38942
38943
38944
6177
6179
38948
6182
6185
6186
38958
6190
38960
6193
6194
6192
6195
38965
38966
6199
38962
6196
38970
6208
6211
38981
6214
6217
6220
38989
6223
6224
38992
38994
6227
38997
6230
6231
6233
6234
6235
6236
39003
39006
39001
6240
39008
6242
6244
6250
39019
6252
39021
6253
6256
39024
6259
6262
39032
6265
6267
39036
39037
39038
6271
39039
39040
6274
39044
6276
6278
6279
39047
39049
39050
6277
6284
39053
39046
39055
39052
39057
6290
39059
39060
6294
6295
39066
6298
39068
39070
39071
39072
6305
6306
39077
6309
39082
6317
39086
6318
6321
39090
6323
39092
6325
6326
39095
39096
39089
6327
39099
39101
6334
39104
39105
6338
6339
39106
39109
39107
6343
39112
39113
6345
6347
39108
6349
39118
39119
6352
39121
6353
39123
6354
6356
39126
39127
39129
6364
39133
6368
6373
39141
6376
6377
39145
39147
6379
39146
6382
39151
39152
39153
6383
6385
39157
6390
39159
6391
39161
6393
6394
6392
39160
6398
6399
39167
39162
6402
6404
6405
39175
6409
6411
39180
39179
6412
6416
39185
6417
6419
6421
6422
39191
6424
39198
6432
6433
6435
39205
6442
39211
6444
6446
39215
39216
6449
39218
6448
39220
39221
6447
39223
6456
6455
39228
39229
39230
39231
6462
39233
6466
6464
39235
6461
6471
39241
6476
6478
39247
6479
6481
6482
6483
39249
39252
6487
6490
6493
39262
6496
39265
39267
39269
6502
39271
6504
6506
6507
39276
6508
6510
6511
39278
6513
39281
39282
6514
6517
6518
6519
39288
6520
6522
39285
39283
39297
6530
6531
39300
39301
6533
6535
39304
39299
39307
39308
39309
6542
39311
39312
39313
6547
39321
39322
39324
39325
39326
6556
6557
39329
39332
6566
39336
6570
39339
39344
39346
39347
6580
6581
6582
6585
6588
6589
6594
39362
6596
39365
39366
6598
6600
6601
6606
39374
6608
6609
6615
39384
6617
6618
6619
6620
39389
6622
39390
39393
6626
39395
39396
39397
39398
39399
6635
39404
39403
39406
6640
6641
39411
39412
6645
6648
39416
6650
39419
6653
6654
39423
6656
6655
6658
39432
6664
6666
6667
6668
39436
39438
6669
39439
6673
6674
39441
39445
39448
6685
6686
39455
6687
6689
39458
39457
39462
39463
39464
6697
39468
39470
39471
39472
39473
6706
39475
6707
39477
6710
39480
6712
39482
39483
6716
39485
39486
39488
39489
6722
39491
39492
6723
6726
6728
6729
6730
6731
39499
6733
39501
39500
39504
6736
6738
39506
6741
39509
6743
6742
39513
39514
6744
39516
6750
39519
39520
39521
6751
6757
6758
14369
6760
6761
39530
39525
39533
6765
39535
6768
39536
6769
6771
39540
6773
39542
39538
39545
6779
6781
39550
6782
39551
39553
6783
6784
39557
39558
6791
6792
6794
39566
6798
6801
39571
6804
39574
39575
6808
39579
6812
6814
6815
39583
6816
39584
6817
39589
6825
6826
6828
6829
6832
39601
39603
39604
6837
39606
6836
39609
39611
6843
39614
39616
6851
6852
6853
39621
39620
39624
39625
6856
6858
39623
39628
6865
39634
6867
6866
6872
39640
6874
6876
39645
6878
39647
39648
39649
6881
39651
39652
6884
39653
6885
6888
39657
39660
39661
6897
39666
39668
39670
6902
6907
39675
6909
39678
39679
39680
6913
39682
6915
6916
6917
39686
39687
39683
6921
6918
6923
39691
39695
39696
39697
6930
6932
39700
39705
6938
6940
6941
6950
6952
39724
6956
39729
6962
39730
39731
6965
39734
6969
6972
6973
6976
39745
6978
6979
39748
39747
39749
39751
39754
6986
39758
39759
6992
6994
39762
6995
39765
39767
6999
7000
39770
7006
39774
7009
39777
7011
7013
7014
39783
7017
7019
39787
39789
7022
7025
7026
7027
39793
7029
7030
39799
39802
39805
7038
39807
39810
7044
7045
7046
7047
7048
7049
39815
39813
7051
7053
7056
7057
7058
7059
7060
39826
7062
7063
39833
39834
39836
7068
39838
39839
7075
7077
39845
7079
7082
39852
7086
7091
39860
7093
7094
39863
7095
39861
39865
39866
39868
39869
39864
39871
7107
7108
7109
39875
7111
39880
39881
7113
7115
7116
7120
7121
39891
7127
39895
39897
7130
7131
7132
39899
39903
39904
39905
39907
7139
7142
7143
7144
1420
39913
7149
39920
7153
39923
7156
7157
7159
7160
39931
7164
39933
39936
7169
7171
7173
7174
39942
7177
7178
7179
39946
39948
39950
7185
7187
7189
39959
7195
39969
39971
7204
7208
7209
7211
7213
7214
39983
7216
7217
7218
39986
7220
7219
7222
39988
39989
39994
39996
7229
39998
39997
7234
40002
40003
7237
40006
40007
40008
40009
40010
7243
40014
40015
7247
40022
40025
7258
7260
7261
7956
7264
7265
7266
40035
7267
7270
40039
7272
40041
40040
40042
40044
7275
7278
40047
7280
40049
40048
7283
40051
40055
7293
40064
7297
7299
40069
7303
40073
7306
7305
40077
7309
7311
7312
7313
40084
7318
7319
40087
7321
40086
40091
7320
40093
7326
7327
7322
40097
40098
7332
7335
40104
40107
7339
7340
40111
7344
40113
7345
7346
7348
40115
40112
7352
7354
7356
7360
7363
7365
7366
40134
7369
40138
7370
7371
40144
40145
7378
7380
7381
40149
7382
7384
7385
40154
40155
40152
7386
7390
7391
7392
7393
40161
7387
7396
40165
40159
7401
40171
40173
7407
7408
7409
40178
7411
40177
40181
7414
7415
40185
40187
40189
7427
40196
7428
40199
7433
7434
7435
40201
40206
7438
40209
7447
40216
7449
7450
7451
7452
40217
40222
7454
40224
40221
40226
7462
7463
40232
7465
40230
7467
7466
40236
40234
40239
7472
7473
40242
40240
7476
40245
40246
40247
7480
7481
7478
40251
7485
40256
7489
7490
7491
7493
40262
40269
7503
7505
40275
40276
7509
7510
40281
7513
40283
7516
7517
40284
7515
7520
7521
7523
7524
7525
7527
7528
40298
7531
40300
7530
7534
40303
40304
7538
7539
40306
7541
7542
40309
40308
7545
7540
7543
7548
40317
7549
7553
7555
7557
7558
40327
7560
40329
7562
40331
40333
40334
7567
7568
40337
7566
7565
40340
7573
7574
7576
7577
40346
40347
40348
40349
7581
7583
40350
7586
7587
7589
40359
7592
7596
7597
40367
40369
40372
40373
7606
40377
7610
7609
40380
7616
40385
40386
7619
40384
40389
7622
7617
40388
40393
7629
40398
7635
40407
40410
7643
40411
7645
40415
7648
7647
40417
40420
40421
7654
40424
40426
7660
40429
7661
7662
40433
40434
7667
7671
7672
40442
7676
40444
7678
40445
7680
7681
40449
7683
40452
7686
7688
40457
7689
7691
7692
40460
40458
40459
40464
40462
40466
7699
40463
7700
7706
40475
7708
40477
40478
40476
7709
40483
40484
40485
40487
7719
40489
40490
7720
7724
7726
7727
40497
40498
7730
40499
40503
7736
40505
40509
7741
7742
40515
40516
7749
40518
40519
7755
40524
40528
40533
40535
7768
7769
40539
40540
40542
40543
40544
40545
7780
7781
7782
40551
7784
7785
40549
7787
40556
40557
7789
40558
7791
40562
7795
7797
40566
40568
40569
40570
7803
7804
40573
7800
7807
7808
40575
7809
40579
7815
7817
7818
40587
7819
40589
40590
40591
7824
7826
40598
7831
40601
7835
7839
40607
40609
7841
7842
7844
40613
7845
40608
40616
40615
40618
7850
40620
7853
7852
40621
7848
7857
7859
7861
7865
7866
7867
7868
7873
40642
40643
7878
7879
40648
7882
7883
7884
40653
7887
7888
7889
40660
7893
40661
7895
40662
40665
40666
7899
40668
7901
7898
7905
7906
40675
40673
40677
40679
40680
7913
40689
7921
40696
7929
40698
40700
40701
40704
7937
40709
7942
7941
40710
40713
40714
40715
40716
40717
40718
7952
7955
40723
40725
40726
7959
40727
40728
7962
7963
40732
40733
7964
7967
40734
40738
7971
7972
40741
7974
7973
40744
7977
40745
7979
40748
40747
7982
7984
40752
40754
7987
40758
7991
40759
7992
40763
40764
40765
7998
7996
40769
40772
40773
8004
40775
8008
40776
8010
8011
8017
8018
8019
40787
40786
40788
40791
40792
8025
8022
40796
8029
40797
40799
8033
40801
40802
40805
40806
40807
40809
8041
8043
40811
8051
40820
40826
8060
40828
8062
40830
8065
8069
40837
8071
8072
40841
8073
40839
8078
8079
40848
8081
40852
8084
40855
8088
8087
8090
8091
8092
40857
40865
8098
8100
40868
8101
40871
40874
8106
40879
40880
40882
47203
8116
8114
8118
8119
8121
40891
40894
8128
8132
40900
8134
40904
40905
40907
40908
8139
40909
40913
8147
40917
8149
8151
40918
8153
8154
8155
40924
8157
40926
40923
8160
40932
8165
8166
40935
40936
8168
8170
40934
40940
40941
8174
40937
8177
40945
8179
8181
40951
40952
40955
8187
8189
40958
8188
40960
40961
8194
40964
8197
40965
8199
40967
40969
8203
8206
8207
40975
40979
40980
8214
40983
8216
8218
40986
8219
40989
8222
8223
8224
40994
8228
40997
40998
8229
41000
41005
41006
41007
8240
8242
41012
41013
41014
41019
41020
41022
41023
41025
8258
41026
41028
8259
8260
8261
8264
8265
41034
41035
8262
41030
8269
8272
41040
41043
41044
8277
8276
41045
8280
41046
8285
8287
8288
8289
41056
8293
8297
41066
41069
41071
8304
41073
41074
8307
41076
41077
8309
8310
41082
41084
41085
41086
41087
8320
41092
8325
8324
41095
41096
8328
41098
41099
8333
41102
8335
8336
41107
8340
41109
41110
8344
41113
8347
41116
41119
8352
41121
8353
41123
8356
41125
41126
8358
8360
41130
41131
41134
8366
8369
8370
41139
8372
8373
41142
41143
8374
41141
8378
8371
8377
41149
41146
41151
8386
41154
41156
8390
8391
41162
41164
41167
8400
41168
8401
41175
8408
8410
8411
41178
8412
41182
8414
41188
8420
41190
8421
41192
41194
8427
41195
41198
8431
41200
41199
8436
8442
41211
8443
41213
8448
41217
41218
8452
41221
8455
41223
8457
41229
41230
8463
41231
41233
41234
8467
41236
41235
8466
8471
8472
8473
8474
41238
41240
8477
41246
8478
41248
8481
41250
8475
8484
8485
8486
41254
8488
41257
8494
41263
41264
8497
41265
8500
41269
41272
41275
8511
8513
8516
8519
41289
8522
8524
8526
41296
8530
8532
41302
41303
41304
8536
41307
8540
41309
41308
8543
8544
8545
41311
8547
41318
41321
8554
8558
41327
41328
41330
41332
8567
8569
8571
41340
41342
41343
41345
8580
41352
8585
41356
8589
41358
8588
41360
8596
41365
41364
8597
8601
8602
41370
41375
41382
8614
8617
41388
8622
8623
41394
41395
8630
41401
8634
41402
41405
8638
41407
8640
8641
41410
8644
41414
8648
8649
8651
41420
8653
8655
41423
41425
8656
8660
41429
41430
8663
8662
41431
8664
41435
41434
8671
41440
8674
8676
41444
41446
8679
41448
8680
41450
41451
41452
41454
41456
41457
8690
41458
8694
8695
41463
41467
8702
41470
41472
41474
41475
41480
41481
8714
41484
8718
41486
8720
41490
41492
41498
8730
8734
8736
8737
41508
41509
8740
41511
41512
41513
8746
8747
8744
8750
41519
8752
41521
41522
8755
41523
8757
41526
8759
41527
8764
41533
41535
41536
8769
8767
8768
8771
41543
41545
41547
8780
8779
41550
41551
8782
41554
41556
8789
41559
8792
41561
41562
41564
41565
8799
8802
8803
8804
8806
8808
41577
8812
41582
41583
8816
8815
41588
41589
41591
8824
41594
8827
41599
41600
41603
8836
8839
41611
41612
8844
8845
8847
8846
8848
8850
8851
41620
8853
41622
8855
41621
41623
8858
41628
8860
8862
8863
8866
8867
41635
41637
8870
41639
41636
8874
41642
41644
8875
41646
41645
8881
8882
41649
8885
8888
41657
8889
8892
41661
8894
41664
41665
8901
41669
8902
41671
41673
8907
8908
41675
8910
41677
41680
8912
41684
8917
41687
41690
8922
8923
41693
8927
41697
8931
8932
41702
41704
8937
8938
41705
41708
41706
8942
41714
8947
41716
41718
41721
41724
41725
8957
41728
41729
8962
8963
41733
41734
8967
41735
8969
41737
8971
41740
41741
8974
41743
8976
41745
8977
8978
41744
8979
8983
8984
8985
41751
41756
8989
41759
8994
41764
8997
8998
41767
41769
9004
9005
41772
41775
9011
9013
41782
9014
41784
41781
9019
41788
9021
9023
41792
41793
41797
9029
41798
41800
41801
9033
41799
41804
9037
41806
9039
41808
9035
41805
41814
9048
9050
9051
9052
41821
9053
9057
41826
9059
41828
41829
41831
9063
41838
41839
41842
41843
9077
9078
41845
9080
41849
41850
41851
41852
41853
9085
9087
9089
41859
9093
9094
41864
41866
41868
41869
9101
41871
9104
41873
9106
41875
41870
9112
41882
41883
41884
41886
9120
41888
41890
9123
41892
9121
9126
41896
9129
41897
9130
41900
41902
41909
41910
41912
9144
41914
41916
9151
41921
9158
9162
41932
41933
9166
41937
41940
9175
9176
9178
9180
41949
9181
9183
41953
9186
9188
41956
41960
41962
9196
9199
41970
9202
9205
41975
9209
9210
9212
41986
9219
41990
41991
9222
41993
9226
41995
9224
41999
42001
9234
9235
9236
42004
42008
42009
9241
42011
42012
42014
42015
9248
9249
9250
42016
42020
42021
8351
42019
9253
42026
9259
42028
42029
42032
42036
42041
9274
9275
42044
42045
9280
9281
42050
42049
42052
9284
9288
42057
9289
42059
9292
9293
9294
9296
42064
42066
9299
42068
9300
9307
42076
42077
42079
9312
42081
42082
9317
9318
42087
9320
42089
9319
9323
42092
42093
9326
42091
42095
42096
42098
9331
9333
9334
42104
9337
9340
42108
9341
9343
42112
9345
42110
42115
9348
42117
9350
42116
42120
9354
9355
9356
9357
9358
42128
9362
42132
9366
42135
9368
42134
42138
42141
42144
9378
42146
9380
42148
42151
42152
9383
9385
9388
9389
9390
9391
9392
9393
9395
42163
9396
42166
9397
42168
42169
42170
9402
9404
9400
9408
42177
42180
42181
9416
42185
9417
42186
9418
9421
42190
9423
9422
42192
9424
42196
9429
42198
9431
9433
42202
9435
42204
9437
42207
9439
9440
42210
42209
42212
9444
9448
42217
42218
42219
9449
9453
42222
9455
9456
9458
42226
42230
42231
42233
42239
9472
42241
42242
9475
9476
42245
42240
9477
9480
9481
9482
9483
42252
42253
9485
9489
42258
9491
9492
9493
42261
9495
42262
9498
42267
42269
9503
42272
42271
42276
9511
42283
42285
9518
9519
42288
42287
9521
9523
42293
9525
9526
9528
9529
9530
9531
9533
42302
9534
42304
9537
9538
42306
42309
9545
42317
9551
9552
42320
9556
9558
9560
9563
9565
9569
9570
42341
9574
9576
42344
9580
9581
9583
9585
42354
42358
9590
42361
9594
9595
42362
9597
42363
9598
42370
9603
9604
9605
42374
9607
42375
42376
9612
9614
42382
9618
9619
9621
42390
9623
42391
42393
42399
9634
9635
42404
42405
9639
9640
42409
9648
9649
9652
9653
42424
9657
42426
42430
42431
9664
42433
9663
9667
42435
42438
9670
9671
42442
9674
9675
9677
42445
42447
42448
9678
9682
42450
9681
9685
42454
9687
42456
9688
42451
9694
42463
9696
9697
42466
9699
42468
9700
9698
9704
9707
9709
42478
42480
42481
9712
42484
42485
9719
42488
9722
42491
9724
42493
9727
42496
9729
42499
9732
42501
42503
42504
42505
9737
42508
42509
9744
9745
9750
42519
9752
42521
9751
42522
42524
9757
9756
42527
9760
42528
9761
42531
9763
42533
42532
9767
42537
9770
42541
9774
42545
42546
42547
9780
9778
42551
42552
9788
9790
42559
9793
9794
9796
42564
9798
42566
42568
42567
42570
42571
9804
9805
9807
42577
42580
42582
9815
42584
9817
9818
9819
42589
42591
42592
42593
42594
9828
42596
42598
9831
42601
42602
42604
42608
9842
42612
42614
42615
42620
9854
9856
42625
42626
42627
42628
9861
9865
9873
9876
42644
42645
42646
9878
42649
9881
42651
9883
42653
9888
9889
42657
42659
9892
42660
42661
42663
9896
9897
9900
9901
9903
9904
9905
9906
9907
42675
9909
9910
42679
9914
42682
9916
9917
42687
42688
9920
9921
9926
9927
42696
9929
9933
9934
42703
42705
42706
42708
9941
42710
9942
9944
42716
42717
42718
42721
42722
42724
9957
9958
42729
9963
9967
42736
9968
9970
42738
42740
42741
9973
9974
9976
42745
9977
42743
42744
42746
42748
9985
42754
9986
42756
9987
42753
42755
9992
9993
42762
9995
42764
42767
9999
10001
10003
42776
10008
42778
42779
10009
10014
42784
10017
42786
10016
42789
42791
42792
10027
42797
42798
42800
42801
42803
42804
10035
42806
42807
10039
10043
42811
42813
42817
10051
10052
10053
10054
42820
42821
10057
42825
42827
10060
10063
10064
42832
10068
42837
42838
10071
42839
42846
10079
42848
10081
42853
10085
42856
10093
42862
10095
10097
42867
10101
42869
42871
42874
10106
42876
10109
10110
10111
10112
42877
42881
42883
42880
10117
10118
42889
42890
42891
42892
10125
42894
42902
10135
10137
42909
10143
10145
10150
10152
42923
10155
42924
10158
42927
10160
42929
42928
42932
10164
42935
42937
10169
42939
42940
42942
10175
42945
42948
42949
42950
10181
10184
42953
10185
10187
10188
10180
10190
42959
10192
10193
10194
42961
42956
42965
10200
42969
10204
42973
10206
42972
42978
10212
10213
42982
10215
42984
10214
42986
42987
10220
42990
42991
42992
42993
10226
42995
10228
10229
42998
42999
43000
10233
43002
10235
43001
43005
43006
10239
10240
10243
43012
10246
43018
10250
43023
43025
10258
10260
43031
10265
10266
43035
10267
43037
43038
43036
43033
10271
43042
10275
43043
43044
10278
10279
43040
10282
43053
10286
10287
43056
10288
43055
43057
43059
10293
10295
43065
10298
10302
43070
10304
43073
43077
10310
10314
10315
43082
43085
10317
43087
43086
43088
43091
10323
43093
10324
10327
43098
10330
43099
43103
10336
43105
2054
10339
43108
43110
10343
43113
43114
43115
43117
10350
10353
43123
10357
10359
10361
43133
10366
43135
43136
10368
43140
43142
10374
10377
10378
10379
2063
10380
10382
10381
43153
43154
43155
43156
43157
10389
43158
43160
10393
43162
10397
43166
43167
43172
43173
10406
43177
10414
10418
43187
43188
43189
10422
10423
43192
10426
43195
10428
43198
10432
10433
10434
10435
43204
10439
43210
43213
43214
10447
43216
10449
43217
43219
10451
10453
10454
43223
43215
10455
10457
10459
43229
10461
10463
10464
43237
43238
43241
10474
43243
10476
10479
43248
10480
43252
10484
10486
10487
10488
43259
43260
43261
43262
10495
10499
43267
43269
10501
10503
10505
10507
10508
10512
10513
10514
43283
10515
43286
10518
10521
10523
10526
43295
10527
10528
43298
43297
10532
43300
10534
43302
43308
10542
10543
43312
43311
43314
10547
10548
10551
43319
43321
10554
10555
43324
43330
10563
10564
10565
43335
10567
43337
10570
10571
10574
10577
10578
10579
10580
43349
43350
10582
10584
43347
10587
43356
43355
10588
43359
10589
43363
43364
10597
43366
43367
43368
10601
43370
43374
10606
10608
10609
43375
47699
10612
43385
43388
10621
43389
10625
43393
10628
43399
43400
43403
43407
43409
10641
43412
43414
43416
43417
10650
10651
10652
43420
43422
10656
43425
43424
43426
10660
10661
43431
43434
10666
10668
43437
43436
10670
43439
43441
43442
10669
10677
43445
10679
10678
43449
43450
10683
43446
43456
43458
10692
10693
10694
43463
43464
10698
43467
43468
10700
10703
43471
43474
43475
43476
10710
10711
43479
10713
10714
43480
43485
43490
10723
10724
10726
43496
43497
10731
43500
10733
10732
43503
10736
10735
43504
43508
10741
10743
43512
43511
10746
10747
10748
43517
10749
43519
10752
43520
10756
10759
43528
10761
10764
43533
10767
43536
43537
43535
43540
10775
10776
43545
10778
43546
10783
10786
10787
10788
10789
10790
43556
43564
10798
43567
10800
43569
43571
10803
10804
10807
10810
10811
10813
43582
10815
43581
43585
43586
10819
10820
43589
43583
10814
10824
43593
43594
43595
43592
43597
10822
43599
10832
10833
43602
10839
43608
10841
10840
10843
41232
43613
10846
10847
43615
43617
10848
10852
43620
10855
43628
10860
43630
43632
10872
43645
10878
43647
43653
10885
10890
10891
43659
43661
43662
43663
43660
10897
10895
10899
43668
10900
43667
43671
43669
43673
10906
10905
43675
10909
10911
10912
43681
43682
43685
10919
10920
43689
10924
43692
10925
10927
43697
43698
10929
10932
43702
43703
10936
10937
10940
43709
10942
43711
43714
10946
10949
43718
10952
10954
43726
10959
10960
10962
43731
43732
34744
10968
43742
43743
43744
10976
10978
10979
43747
10981
10982
43753
43754
43756
10989
43757
43759
43761
10993
43763
43767
43768
11002
43771
11004
43773
11006
43770
43776
11007
11005
43779
11011
11013
11012
11016
11017
43785
11018
11021
11022
43790
11026
43795
43796
11027
11030
43799
43800
11034
11035
11036
43805
43806
43807
11038
43809
11042
43812
43813
43814
11047
11051
43822
11056
11058
43826
11060
43829
11061
11063
43832
11065
43831
11066
11062
11069
43839
43840
11073
43842
43841
43843
11077
43845
11079
43847
11081
11078
43851
11083
43848
43855
43856
43860
11095
43865
11098
43867
43871
43873
43874
43875
11108
11109
11110
43879
11112
43880
43884
11116
43886
11119
11120
11121
43890
43885
11123
43893
43894
43896
43897
11134
43902
43904
11137
11140
43908
11143
43913
43915
11148
11149
11150
43920
43922
43923
43924
11157
11156
43929
11163
43931
43933
11166
11165
43936
11169
43937
11168
11173
11174
11175
43942
11177
43945
43947
11180
11181
43950
11183
11184
11185
43955
43956
43957
11188
11189
11187
11193
11195
11197
43966
11198
43968
11201
11202
43971
43970
43976
43977
11211
43979
43982
11215
11214
11217
43986
43987
11219
11221
43990
11222
43988
11225
43994
11223
43996
11224
11226
11228
43999
44001
11235
11236
11237
44006
11239
44008
11238
11240
11243
44012
11244
44014
11245
11248
11249
44020
11253
11252
44023
11256
11259
44028
44029
11260
11269
11271
44040
11274
11276
11278
11280
44048
44051
11285
11286
11287
44055
11288
11293
44062
11295
11294
44067
11301
44070
44071
44072
11305
44073
44076
11312
44084
11317
44085
11319
11322
11323
44090
11326
44095
44100
44103
44104
11337
44106
11339
11340
11341
44107
11344
44113
11345
44112
44116
11349
44118
11350
44120
44117
11353
11351
11356
44123
44128
11361
11362
44131
44129
11366
44137
11371
44140
44142
11376
44145
11379
11380
44149
44150
11381
44147
44152
11386
44155
44154
44159
44161
11393
44164
44166
44168
44169
11400
44172
11405
44175
44176
11409
44178
44179
11412
44180
11415
44184
11419
11420
11422
44191
11425
11426
11427
11428
44196
44197
11431
44201
11436
11439
44208
44209
11441
44207
11443
11445
11447
11448
44217
44222
44223
44226
44229
44230
11463
11464
11465
44234
11467
11466
44237
44235
44239
11469
11471
11474
11475
11476
11479
11482
11483
44252
44253
44255
11487
44257
44256
44258
11490
44261
11493
44263
11488
44265
11497
11499
44268
11503
11507
44276
11509
11510
44277
11512
11513
11514
44284
11518
11519
44288
11521
11524
11525
11526
44293
11528
11529
44296
44299
44295
11535
44304
11536
11538
44307
44310
44311
11543
11545
44317
44318
11554
11559
44328
11560
44329
11564
44334
44335
11568
11571
11572
44342
11574
44344
11577
44346
44345
11580
11583
44354
11587
11588
44356
44358
44359
11591
11593
11596
44366
44368
44373
11606
44376
44381
11614
11615
44382
11617
11619
11621
44390
11623
11622
11625
44393
44392
11628
11629
44398
11626
11632
44399
44402
11635
11636
44404
44406
11639
44407
11641
11642
44411
44416
44417
11650
11651
11652
44421
44422
11655
44423
11657
44426
44427
11659
44430
44431
11662
44432
44433
44435
11668
44439
11671
11675
44443
11679
11680
44447
11684
11689
11690
44459
44461
44463
11695
11697
44466
44465
44468
11696
44467
11702
11706
44475
11708
11707
11710
11711
11712
44478
44482
11714
44485
11721
44490
11723
11724
44492
11722
11725
11730
11731
11732
44500
44504
11737
11736
44507
11739
11741
11738
11743
44512
44513
44510
11748
44518
11750
11752
11751
44522
44523
11756
11758
11760
11762
11766
11768
44538
11770
44540
11775
11776
44544
44545
11779
11782
11783
44555
44557
11789
11792
11795
11799
44570
11802
11804
44574
11807
11808
11809
44578
11812
11813
44582
44580
44584
11816
11818
11820
44590
11823
44593
11826
11827
44596
11825
44597
44600
11833
11835
11836
11838
44607
44608
11841
44609
11839
11845
44614
11848
44618
11852
44624
44627
44628
44632
44633
11864
44635
11868
44636
11870
11872
11873
11875
11876
11878
11881
11882
11885
11886
11887
11893
11895
44666
11899
11902
44670
11904
44673
44674
44675
44676
11909
44677
11912
44680
44683
44684
11917
44686
44687
11920
44688
11918
11924
44693
44694
44695
11928
11927
11930
11933
44703
44704
44705
44707
11939
44708
34938
44711
11944
11949
44718
11953
11957
11958
44730
11963
44731
11965
44735
11969
44738
44740
44741
44742
44743
11976
44746
44747
11979
44748
11982
44751
44753
11989
44758
11991
44760
11990
44757
11995
11998
11999
44774
12007
44776
12013
44782
44783
44784
44785
12018
12016
12020
12021
12019
44789
44792
44793
12026
44794
44796
44795
44797
12031
44798
12033
12027
12036
44805
12045
12046
44815
44816
44817
44813
44820
12053
44821
12055
44824
12056
12058
12059
12060
12057
44830
12062
44831
12065
44834
44829
12066
44837
12070
44833
12073
44842
12075
44843
12074
12078
12079
12080
44848
44847
12081
44853
44856
44857
44858
44860
12095
44864
44865
44866
44867
12100
44868
12106
12107
44885
12118
44886
44892
44893
12128
12129
44898
44899
44900
12130
44903
44904
44906
44907
12140
12141
44909
44910
12139
12144
12149
44918
44917
12152
44921
12156
44925
12158
44926
12157
12161
44930
12163
44927
44933
12165
12167
12173
44942
44943
12178
44948
12182
44953
12186
44954
12188
44957
12192
44962
12200
12201
12202
44972
12205
44977
12210
44980
12215
44985
44986
12219
44988
12220
44989
12222
12223
12225
12226
44995
12228
44997
12230
44999
44998
12233
12235
12236
45005
45006
12240
12242
45011
12244
45012
45013
45015
12246
45018
12252
45022
45023
12256
12258
45026
12262
12263
45032
12265
12269
12270
45039
45038
12271
45042
12274
45043
12273
45046
12281
45051
12284
12288
45057
45058
12291
45061
45062
12294
12297
45066
12299
12300
45065
45072
12308
45078
45079
12310
45080
45083
12316
12317
12318
12319
12321
45091
12323
12325
12327
12328
45102
12335
12336
12337
45106
12340
45110
12343
45112
12345
45114
45113
45111
45116
12349
45119
45120
12352
45123
45124
12355
45125
12363
45131
45134
45135
45137
45139
12371
45140
12374
45143
45144
12377
12376
45147
12380
45149
45142
45152
45156
45157
45158
12391
12390
45163
45164
45165
12398
12399
45169
45173
12407
12409
45178
45180
45181
12414
12415
45182
45183
12420
45191
45192
45194
45197
12430
45199
45203
45204
45205
12438
45207
12442
45211
45210
12444
45215
45217
12449
45219
12452
45221
12459
12465
45233
45235
45236
12469
45238
12471
12472
12473
45242
12476
45244
45246
12482
45251
45253
45255
45256
12491
12493
12496
12501
45269
45271
45272
12505
45273
12507
12508
45277
12511
45282
12515
45285
12518
45288
45290
45294
45296
12529
12532
12533
45301
12534
45304
45306
12538
45309
12542
45312
12545
45314
12546
45316
12549
12550
45319
12551
12553
45321
12557
45325
12559
45328
45330
45331
12564
12567
12569
45338
45339
12571
12573
45341
12570
45344
45345
45346
12579
45347
45349
45351
12584
45353
12583
12587
12586
45357
45359
12593
45361
45362
45364
12597
12596
45367
12599
12601
45370
12602
12600
45374
45376
12609
12610
12611
12612
12613
12614
45380
12615
12617
12618
12619
12620
45389
12623
12625
12629
45404
12637
12638
12639
12640
12641
12642
45408
45412
45413
45414
12647
45417
12651
45420
12653
45422
12655
45421
12657
12659
45428
45429
12663
12664
45434
12668
45436
12669
45439
12672
45440
9031
45441
12677
45447
45449
12681
45451
45453
45454
12686
45455
45457
12690
12692
12693
12696
12697
45467
45469
45470
45471
12703
12705
45473
12709
12710
45479
45478
12713
45482
45481
12716
12720
12721
45489
12724
12728
45496
45499
12733
12735
12739
45509
12741
45511
45512
45513
45515
45516
12748
12750
45519
45520
12751
12752
45521
12754
12756
45525
12758
12757
45529
12764
12765
12769
12770
12771
45542
12776
45545
45546
12780
12781
45550
45551
12783
12785
12786
45553
12790
12791
12792
45561
45563
12796
45565
12798
45564
45570
45571
12802
45574
12808
12809
45578
12811
45579
45581
45583
12815
12818
45587
12823
12825
45594
12828
12829
45599
45601
45602
12836
45604
45606
12839
45615
45616
12849
12851
12852
12853
12854
45624
12857
12858
12860
45629
12869
12870
45639
12874
45645
12877
12883
45652
45653
12884
12886
45657
12892
45661
45660
45663
45664
12897
45667
45669
45670
12903
12906
12908
12910
12911
12913
45681
12915
45682
45685
45686
45689
12925
45695
12928
12927
45698
12931
12936
45705
12939
45708
45710
45711
12944
45715
45716
12952
45721
12956
12959
12961
45730
45731
45732
12965
12966
12967
45733
45737
12970
12971
45735
45741
45742
12974
45744
12977
45746
45747
45748
12981
12985
45757
45758
12991
12992
45759
12994
45762
12996
45765
45766
12999
13001
45770
13004
13005
13007
13009
45779
45780
13013
45783
45789
45790
45792
45793
13028
13030
45799
45801
45803
45806
13040
45808
45810
13043
45812
45814
13047
13048
45815
45818
45819
13051
13053
13054
13055
13052
13057
13058
45828
45830
45831
45832
13063
45835
13068
45836
13070
13071
45839
13072
45838
45843
13075
45845
13076
45847
13077
13081
45850
13083
45852
13085
45854
45855
13086
45857
45858
45859
13090
13093
13095
45863
45869
13102
13104
45872
13105
45875
45878
13111
13112
45881
13110
45884
45885
13117
45886
13120
13121
45887
13123
45892
45893
13126
45895
13128
45898
45900
13132
13134
45903
13136
13137
13139
13141
45910
45911
13142
13143
45909
13147
45915
45916
45918
13151
13153
45921
45923
13154
45924
13158
45927
13159
45925
45931
45933
13166
45934
13169
13173
13174
45941
13177
45952
13187
45956
13189
13190
45960
45961
13192
45963
13195
45967
45968
45969
13202
45970
45972
45973
13206
13203
45976
13200
45980
13213
13214
13215
13216
45983
45991
13223
13228
45997
45998
13230
13229
13236
46005
13237
46008
46009
46010
13244
46013
46014
13245
13248
13249
46016
13251
13246
13252
13254
46018
46025
13259
13260
46034
46035
46039
13272
13277
46048
13281
46052
46053
46054
13286
46056
13289
46058
46062
46063
46064
13298
13299
46070
13302
13303
46071
13307
46075
13311
13312
13313
13314
13316
46086
46088
13321
46092
13324
46094
46095
13328
13329
13333
13334
46103
13337
46107
13340
46113
13345
46115
46116
13347
13350
46120
46121
46122
46123
46124
13352
46126
13359
46128
13360
46130
13367
46138
46142
13375
13376
46145
46151
13385
46154
13389
46157
46159
46160
13392
46162
46163
13394
13398
46168
13401
13402
46171
46176
13410
13411
46179
13414
13415
46182
13418
13419
13420
46191
46194
13430
46198
46200
13432
46201
46203
13436
13437
46206
13439
46205
46207
46208
13438
13435
46213
46215
13447
46217
13448
13451
13450
46222
13455
13456
46225
13459
13461
46231
13463
46233
46234
13467
46235
13465
13470
46239
46240
46241
13471
13473
46242
46245
46247
46249
13483
46251
13486
13487
13490
13491
13492
46261
46264
46265
13497
46267
46268
46270
13504
13505
13506
46275
13508
46277
46276
13513
46282
46281
13516
13515
46286
13519
46288
46289
13523
13524
13525
46293
13527
46296
13530
13532
46301
46303
46306
46307
13540
13541
46311
46312
46313
13546
46315
13548
46317
13547
13551
13552
46321
13555
46325
13559
46328
13561
46329
13563
13565
46333
46335
13574
46342
13578
13579
46349
13582
13585
46354
13586
46357
46360
46361
13594
13592
13595
13597
13593
46365
13600
46369
13602
46370
13603
46372
46374
46371
46376
46377
13610
46378
13612
46381
46382
13615
46384
13608
13609
13619
13620
13621
13622
46389
46386
13624
13626
46395
13627
13630
46399
13632
13634
46404
46406
46407
13639
13643
46412
13646
13648
46416
46418
13651
13652
13653
13649
46423
46424
13656
13658
13660
46431
46432
13664
13666
13668
46438
13671
46440
46441
13673
46443
13676
13674
13679
46447
46448
13682
13683
46451
46453
13686
13685
13689
46464
46466
46468
46469
13701
13703
46472
46475
46478
13711
46479
13713
46481
46483
46484
13715
13717
13719
46488
46489
46487
46491
13725
46497
13731
13732
46501
13735
13738
46509
13742
46511
46512
46510
46514
46517
13750
13752
13754
46524
46525
13758
46527
13759
13761
13756
46531
46532
46534
46536
13768
46539
13772
46541
46542
46544
46545
13777
46549
13785
46554
46553
46557
13790
46560
13793
13794
13796
13802
46571
46572
46573
13806
46577
13811
46579
13814
13815
13816
46584
46587
46588
13820
13822
13823
13824
13821
13825
13827
46593
13829
13830
46600
13833
13835
13836
46604
46608
13840
13842
13841
13844
46613
46614
46615
13848
46617
13846
46619
13852
13853
13857
46626
13859
13860
13861
13862
46627
46632
13866
46635
46642
46647
13879
13880
13882
46653
13885
46655
13890
13892
46661
13896
46664
13898
46669
13902
46671
13904
46673
46674
46675
46677
13911
13912
46682
46683
13914
13915
46684
13920
13922
46690
13923
13925
46692
13932
13934
13936
13937
13938
46706
13940
46708
13942
46710
46712
46713
13945
46716
13949
13950
46717
46720
46721
13948
13955
13956
46725
13953
46727
13954
13961
46724
13960
13965
46734
13968
46736
13970
46740
13973
13972
13974
46742
13978
46749
13981
13983
46750
13986
13988
13989
46757
13990
46762
46763
13996
13997
46766
13998
13999
46769
46770
14001
14007
46778
46779
14012
14013
46785
14023
14027
14029
46797
14031
46799
14033
14034
46800
46805
46807
14040
14042
14044
46813
46815
46818
14050
46819
14052
46822
14054
14051
46825
14056
46827
14062
46831
46833
46835
46836
14069
46842
46843
14076
14075
14079
46849
14084
46853
14085
14087
46856
14086
14093
46864
46868
14101
46869
46872
46874
46875
14107
14109
14106
46876
46881
14116
14117
14120
14121
46890
14125
46895
46896
46897
14130
14131
14132
46899
46901
14135
14127
46905
46902
46907
14139
46910
14143
46911
14150
46919
14153
46922
46923
46924
14156
46926
14159
14155
14161
46930
14163
46929
14166
46935
46937
46938
46940
46942
14174
14176
46945
46947
46948
14181
14182
14180
46950
46953
14185
14187
46960
46961
46967
46968
14200
14202
46971
14209
46980
14213
46981
14216
14219
46988
46989
14222
46991
46992
14225
14223
46995
14227
46997
14221
14231
14237
14238
14239
47006
47009
47008
14241
47013
47014
14246
47018
14251
14253
14254
47022
14259
14268
47039
14273
47042
14275
14276
47046
47047
14282
14283
47054
47056
47059
47062
47063
14294
47064
14297
14299
47074
14309
14310
14312
14313
47082
14315
14317
14319
14320
47089
14322
47091
47092
47093
47095
47096
14329
14330
47098
47100
47099
47102
47103
14335
14337
47106
47104
47107
14341
47111
14343
14351
47122
14354
14355
14358
14360
47131
14364
14365
14366
47134
47136
47133
47135
47139
14368
14373
14370
14375
47144
14377
14378
14379
14380
47150
14383
47152
14382
14386
14388
14389
47156
47158
47160
47157
14394
47163
47167
14400
47170
47171
47172
14404
14406
47173
47176
14408
14405
47181
47182
47183
14416
47184
14419
47190
47191
14423
14425
47196
14429
47198
14431
14432
47201
14434
47202
14433
47205
14435
47207
47208
47209
14442
47211
14439
14445
47214
47215
47216
14450
14451
47220
14453
14454
47221
14456
47225
47222
14455
47228
14461
47224
14463
47230
47235
47236
14469
14472
47241
14473
14476
14477
47246
14480
14481
47248
47249
47252
14486
14487
47258
14491
47259
14494
14498
14499
47267
47268
14502
47271
14504
14503
47274
14507
47276
14509
47285
47288
47289
14520
47292
47294
47295
47296
47297
47298
14532
47301
14534
14536
14537
47304
14539
47308
47309
47310
14545
47313
47316
14550
14553
14554
47325
14559
47329
47330
47331
47334
14568
47337
47336
14571
14573
14574
14575
14577
14578
14580
14582
14588
47357
47358
14591
47359
47361
47362
14595
47366
14600
47369
47368
14603
14601
14605
14607
47375
47379
14612
47382
14615
47386
14619
47387
14620
47390
14909
47392
14624
14627
47396
14629
47399
47408
47409
14640
14644
14646
47416
14650
47419
14654
14655
47424
14657
14661
47431
14663
47434
14669
47438
47439
14672
47437
47440
47443
47444
14677
14675
14679
14678
14682
47452
47455
14691
47462
14695
14696
14698
47468
14701
14702
14706
14707
14708
14709
47479
14712
14714
14716
14720
47489
14722
47491
14723
47492
47494
14727
47488
47499
47500
14733
14734
47505
14739
47507
47509
14745
14746
47518
14752
14754
14755
47524
14756
47525
14759
14760
14758
47534
14767
14768
14770
14772
14774
14775
47544
14777
14778
14781
14784
47555
47556
14787
47558
47557
47560
14794
14796
47565
14798
47566
14801
14802
14803
14808
47577
14810
14811
14812
47579
47582
14815
47585
14820
47589
14824
14825
47594
14827
47595
14833
47603
47604
14837
47606
47607
14835
14841
14842
14843
47612
14845
14847
14848
14849
14850
47617
47620
47621
14854
47625
14857
47627
14859
14861
47629
14862
47632
14866
47634
14867
14868
47637
47640
47642
14875
14876
14877
47646
47647
14883
14890
47659
14892
14894
47662
14896
14897
14899
47667
47668
47670
14903
47672
14906
47674
47676
47677
47678
14911
14910
47681
47682
14915
14916
47684
14918
47679
47689
14922
47691
47693
47695
14927
14929
14930
14931
47698
14933
14932
47703
47704
47705
47706
47707
14940
47710
14944
14950
47719
47720
14954
14955
14956
47725
47727
14959
47730
14962
14964
14965
47733
47739
47740
14973
14975
47744
14978
47749
14983
47753
14987
47756
14989
47759
47761
47762
14994
47764
47763
14999
47769
15003
47773
15008
47777
47778
15010
47781
15014
15013
47783
15017
15019
15022
15023
47792
15026
15029
15032
47800
15034
47803
47804
15036
15039
47808
15041
15042
47810
47812
15044
47814
47816
15050
47819
15053
15054
47823
47824
15058
15059
15060
47832
47833
15065
15067
15072
47841
47840
47843
15076
47844
47847
47848
47849
47850
47851
15084
15085
47857
15092
47865
15098
47868
47870
15102
47872
15107
47877
47878
15109
15113
15114
47882
47884
47885
47881
15119
47888
15124
15125
47894
15129
47898
47899
15132
15133
15130
47903
15136
47905
47906
15139
47908
47909
47912
15146
15147
47918
47919
47920
47924
47925
15158
15157
15160
47929
47930
15162
15163
15166
47935
47936
15168
47937
15171
47939
15173
47943
15175
15177
47945
47949
15184
15185
47954
47952
47956
47957
15186
15191
15188
15189
47960
15195
15192
47965
47969
15202
15206
15207
47976
15211
47979
47980
15214
15216
15217
15218
15219
47988
47986
47984
15223
47991
15225
15228
47997
47998
15230
15232
15233
15234
15235
15236
48005
48006
48002
15240
48009
48004
15244
48014
48015
48016
15247
15252
48021
15255
15256
15258
15259
15262
48030
48033
15266
48036
15269
48038
48039
15273
48045
15278
48047
15279
48050
15282
15285
48054
48053
48056
15286
48058
15291
48060
15292
48062
15297
48066
48070
15303
15302
48073
15306
15304
15305
48077
48074
48079
15312
15313
48082
15307
15314
15318
48087
15320
48088
48086
15323
15324
48090
15326
48089
48102
48103
15336
15341
15343
48114
48119
48120
15352
15360
15361
48131
15366
48141
48144
15379
15380
48147
48149
15383
48151
15385
48148
48154
48156
48157
15390
15391
15389
15393
48161
48162
15396
48160
48167
15400
48168
48170
15402
48173
15407
48176
15412
48181
48183
15416
15417
15422
48191
15425
48195
15428
15429
48199
15432
48200
15434
48203
48204
48208
15443
15444
15445
48213
48215
48217
48218
15450
48220
15452
15451
48226
48227
15463
48232
48233
48239
48242
48243
48244
15477
48246
48247
48248
48249
15474
15483
48253
48255
15487
48259
15492
48261
48263
48264
15497
48266
48270
15503
15506
48279
48285
15519
48288
48290
15523
48294
15527
48295
15529
48298
15530
48301
48302
48306
15542
15544
15546
48315
48314
48317
15547
48319
48320
15552
15554
48322
15556
15557
48327
48328
15561
48330
48329
15564
48333
15568
15570
48338
15572
15571
15574
48343
15576
48345
48346
48347
15578
15581
15583
15584
48354
15589
48358
15591
15592
48360
48361
15593
48364
48365
48366
15598
15599
48362
48370
15603
48374
48375
15609
15610
48378
15612
48381
15615
48384
15617
48383
48387
15620
48391
48392
15626
48395
15628
48397
15631
15632
48404
15640
15641
48410
15642
48412
15645
15650
15651
15652
15653
48421
15654
15656
15657
15658
48427
15661
48431
15664
15665
48435
15671
15673
48444
15677
15678
48447
15679
48448
15682
48452
48453
15686
15689
48463
48464
15697
15698
15696
15702
15703
48472
48474
15706
48476
15709
15711
15712
15713
48482
48483
48484
15718
48486
48489
15722
15723
15724
48493
48494
48495
15728
48499
48501
15734
48502
15736
48505
15737
15739
48508
15735
48510
48512
15745
48519
15753
48522
15755
15754
48523
48527
15761
15762
48531
48529
48533
48534
15766
48530
15768
48538
48535
48540
48541
15772
15775
48543
15774
15769
15779
15780
48549
48550
48553
48555
15788
48556
15790
48557
48560
15794
15797
48566
48567
48571
15804
48572
48574
15807
15808
48576
48575
48580
15813
15814
48583
15817
48587
15820
48589
15822
15824
15825
48594
48595
48596
15829
48597
48599
48607
48608
48611
15846
48617
48618
15849
15853
15858
48627
15860
48630
48632
15867
48635
48638
48639
15873
48647
15882
48651
15884
48653
15886
15888
48657
15890
48659
48660
15891
48662
15895
48658
48666
15898
15902
48673
48674
48676
48677
48678
15910
15913
48681
15914
48683
48687
15920
15919
48692
48694
15929
48697
48699
48702
15937
15938
15939
48708
15941
48709
15944
15950
15951
48720
15952
48722
48723
15958
15960
48729
48730
48733
48735
15967
48737
48739
48741
48744
15977
48748
48749
15981
15982
48750
48752
15980
15987
48757
15989
48758
15992
15995
48765
16000
16002
48772
16005
16004
48775
16010
48782
16015
48784
48785
16014
16017
48796
48799
48800
16034
16037
48810
16043
48813
48814
16049
48817
16053
48822
16056
16057
48830
16064
48833
16066
48835
16067
16069
16068
48841
48842
48845
48846
48848
48849
48850
16081
48852
16082
16087
48858
16091
16093
48862
16097
16098
48866
16101
48870
48872
16105
48874
16109
16111
16112
16113
48882
16116
48885
48884
16121
16123
48893
48895
48898
16131
16132
48901
48902
16134
48904
16130
48906
48907
48910
16145
16147
16150
16151
16153
48922
48924
16157
48926
16160
48928
48933
48934
48935
48936
48939
48942
48944
16177
16176
16178
48948
16182
48951
48952
48953
16185
48957
16189
16190
48960
48961
16196
16197
16198
48967
16199
48969
16202
16201
16207
48976
16209
16210
48978
16213
48983
16216
16217
16218
16219
16221
48990
48991
16224
16225
48994
16232
49001
16233
16236
16238
16239
49009
16242
16243
16245
16246
49013
49017
16250
16249
49020
49021
49018
16255
16256
16259
49032
49034
16268
16270
49039
16273
49042
16274
16276
16277
49046
49044
16280
49048
49050
16282
49052
49053
16284
49055
49056
16287
49058
49054
16295
16299
16300
49069
49067
16304
16305
16306
49075
49076
16311
49079
16314
49082
16316
16318
16319
16321
49089
49091
49092
49093
49094
16324
49099
16331
49101
16334
49104
16337
16338
49106
16339
16341
49105
16275
49117
49118
16351
16352
49121
16356
49126
16360
49130
16363
49133
16365
16279
16369
49137
49139
16372
49140
16374
16375
49138
16377
49145
49148
49149
16382
49152
16389
49159
16392
49160
49162
16395
49164
16397
16398
49165
16400
49169
16402
16401
16404
16403
16409
16410
16411
16413
49183
16415
16419
49188
49189
16422
49191
16427
16431
16436
49205
16438
16439
16440
16441
16443
49212
16444
16446
49218
49220
49223
49224
16456
16455
16459
49230
16465
49234
16467
16468
16469
16470
49239
49238
16474
16476
49245
16481
16482
49251
49252
16487
49255
49259
49260
16493
49263
16496
16497
16498
16500
16502
49271
49272
49273
49275
49277
16510
16512
16513
49286
49288
16521
49290
49291
16524
49295
16528
16530
16531
49298
49301
16536
49304
16541
16542
16543
16544
16545
16547
16548
49316
49318
49320
16553
49322
16555
49324
49325
16557
16559
49328
16560
16561
49331
16567
16569
16570
16572
16573
16577
16578
16579
16580
16581
16582
49351
49347
49358
16593
16594
49363
49364
16597
49366
16603
16604
49371
49379
49380
16612
49384
49385
16618
49391
16624
16626
16627
49396
49398
16632
16634
16636
49405
16639
49407
16641
49410
16646
16647
16651
16652
49424
49425
16659
49428
16660
16662
49438
16673
16674
16675
49443
49444
16677
16678
49448
49447
16680
16683
49453
16686
49455
16692
16693
16694
49464
16696
16698
49466
16700
49469
49470
16701
49472
16705
49474
16706
16704
16709
49476
16703
49480
16714
16722
49490
49493
49494
49495
16726
49497
16729
16733
16734
16735
49505
49508
16741
49509
16743
49511
49512
16746
16747
16748
49510
16742
16751
49519
16757
16760
16761
16763
16764
49536
16769
49539
16771
49541
49545
16778
49547
49548
16781
16782
49550
49549
16785
16780
49555
16784
16789
16790
49558
16791
16795
16796
16797
16798
16801
49570
16803
49571
16804
16807
49576
49579
49584
16819
49589
16825
49594
16827
49600
49602
49603
16836
16837
16835
16840
49609
16842
16846
49619
16857
16860
16862
49630
49633
16865
16867
49637
49639
16873
49644
49645
16877
49647
49649
16884
49653
16886
16887
49656
16888
49659
49660
49661
49663
16896
16897
49666
16898
49669
16905
49673
16908
49678
16912
49681
49682
16915
16916
16918
49686
16919
49689
49690
16927
49698
16932
16933
49701
16934
16938
49707
16939
16393
16943
49712
49714
16947
16950
49721
16953
16955
49724
49725
49726
49729
49730
16965
16967
49736
16969
16968
16971
16972
49741
49742
49743
16977
49747
16983
16986
16987
16988
49757
49758
49756
16994
16995
49763
49764
16998
49762
17008
49777
17010
17009
49780
17013
49781
17015
17016
49785
49786
17018
17019
17014
17022
49792
17027
49797
17030
17032
49801
49800
49805
17039
17040
49808
49811
17044
17045
17046
49812
17048
49819
17051
49821
17055
49824
49823
17058
17059
49830
17062
49833
49835
17067
17070
49839
17071
49843
17076
17077
49845
17079
49848
49849
49854
17086
49856
17089
49857
17088
49859
49861
49862
49863
17096
17094
17093
49868
17102
49871
17103
17106
49876
49877
17110
49881
49882
17114
49884
17117
17118
49886
17121
49890
17123
49889
17127
17131
49899
17133
17134
49906
17140
49914
17147
17148
49917
17149
17150
49920
49921
17152
17155
17156
49925
17154
49927
17160
49929
49930
49932
17165
49934
17166
17170
17171
49938
17173
17175
17179
49948
17181
49950
17184
17185
17189
17190
17191
49957
49961
17194
17196
49965
17197
49964
17200
17202
17203
49972
49975
17210
49978
49982
49983
49984
49986
49988
49989
17222
49991
49993
49994
17227
49996
17231
17232
17236
17238
17239
17242
17243
17247
17251
17254
17257
17259
17262
17263
17265
17267
17268
17272
17273
17278
17279
17280
17282
17289
17290
17291
17292
17293
17297
17298
17300
17308
17319
17320
17321
17323
17330
17331
17332
17333
17340
17341
17343
17346
17347
17348
17353
17354
17355
17357
17360
17362
17368
17373
17378
17380
49045
17385
17386
17387
17390
17399
17404
17405
17406
17407
17415
17416
17417
17429
17436
17438
17439
17440
17441
17444
17445
17446
17448
17449
17451
17453
17461
17466
17476
17477
17481
17485
17487
17488
17489
17491
17493
17496
17499
17500
17501
17504
17505
17506
17507
17508
17514
17516
17520
17522
17534
17535
17537
17538
17541
17545
17547
17548
17555
17559
17561
17562
17563
17564
17567
17568
17569
17570
17572
17573
17574
17579
17582
17583
17584
17588
17589
17595
17596
17598
17602
17603
17604
17606
17609
17610
17611
17612
17615
17620
17621
17623
17624
17627
17628
17631
17632
17633
17635
17638
17641
17644
17646
17651
17652
17656
17657
17662
17663
17672
17676
17677
17678
17683
17684
17685
17688
17695
17699
17700
17701
17708
17710
17717
17718
17720
17721
17722
17723
17732
17733
17738
17740
17741
17742
17743
17751
17753
17754
17757
17759
17760
17761
17762
17763
17765
17768
17769
17770
17774
17776
17778
17780
17781
17783
17786
17795
17797
17803
17804
17808
17809
17811
17819
17821
17826
17832
17834
17835
17837
17840
17843
17844
17848
17850
17853
17855
17859
17860
17861
17863
17865
17866
17867
17868
17880
17881
17883
17885
17892
17894
17898
17902
17904
17915
17916
17919
17920
17924
17925
17927
17930
17931
17937
17938
17940
17941
17946
17951
17952
17954
17958
17959
17970
17971
17972
17979
17980
17986
17988
17994
17995
17998
18002
18003
18009
18013
18014
18021
18027
18029
18032
18036
18038
18046
18047
18049
18050
18051
18053
18054
18056
18062
18065
18072
18073
18074
18075
18076
18078
18081
18083
18086
18088
18089
18090
18091
18092
18100
18101
18107
18108
18109
18110
18117
18119
18120
18121
18126
18128
18129
18133
18137
18141
18142
18146
18147
18150
18153
18154
18156
18157
18160
18161
18163
18165
18170
18171
18176
18178
18189
18190
18192
18194
18198
18199
18204
18206
18211
18214
18216
18221
18222
18224
18228
18229
18230
18234
18241
18242
18243
18245
18246
18247
18249
18256
18257
18262
18266
18267
18269
18270
18287
18288
18289
18291
18293
18294
18296
18298
18300
18302
18304
18305
18307
18308
18310
18311
18317
18318
18319
18320
18324
18328
18329
18335
18336
18338
18340
18341
18344
18346
18348
18351
18358
18363
18366
18367
18368
18370
18371
18373
18375
18378
18380
18382
18383
18387
18389
18393
18394
18404
18414
18416
18417
18419
18420
18422
18425
18426
18432
18433
18436
18441
18445
18452
18458
18460
18462
18465
18469
18470
18472
18474
18477
18478
10186
18482
18484
18489
18492
18493
18496
18497
18501
18503
18505
18506
18507
18510
18523
18525
18527
18528
18529
18530
18532
18541
18548
18554
18556
18557
18560
18562
18564
18565
18568
18573
18578
18579
18581
18582
18584
18586
18590
18591
18593
18599
18600
18603
18607
18612
18613
18615
18617
18618
18619
18620
18629
18632
18634
18636
18637
18639
18643
18646
18651
18653
18654
18657
18663
18665
18669
18670
18673
18674
18676
18678
18679
18685
18686
18687
18692
18693
18694
18696
18709
18714
18716
18717
18721
18723
18725
18726
18727
18729
18733
18737
18741
18743
18746
18751
18756
18757
18764
18765
18767
18768
18772
18781
18782
18787
18788
18790
18803
18807
18808
18811
18815
18818
18820
18826
18827
18838
18840
18841
18843
18844
18845
18847
18849
18852
18854
18856
18857
18863
18865
18868
18869
18872
18873
18882
18885
18893
18894
18896
18897
18901
18902
18907
18908
18910
18913
18915
18917
18919
18920
18921
18931
18932
18933
18934
18935
18937
18939
18942
18943
18944
18945
18946
18948
18950
18951
18954
18955
18958
18959
18960
18962
18966
18969
18970
18971
18972
18973
18976
18981
18987
18988
18989
18991
18993
18994
18995
18997
18998
18999
19003
19004
19005
19010
19012
19013
19014
19015
19017
19018
19019
19021
19022
19023
19024
19025
19029
19030
19031
19035
19036
19038
19039
19040
19042
19043
19044
19051
19052
19053
19057
19061
19062
19063
19064
19067
19070
19071
19082
19089
19090
19095
19097
19099
19101
19107
19109
19110
19112
19115
19116
19117
19129
19130
19135
19139
19143
19146
19148
19154
19155
19157
19160
19165
19166
19169
19176
19179
19180
19182
19187
19189
19190
19193
19198
19205
19206
19212
19216
19217
19218
19219
19222
19223
19225
19227
19228
19229
19234
19236
19239
19245
19252
19253
19257
19263
19267
19272
19274
19275
19277
19282
19286
19287
19288
19292
19294
19295
19298
19300
19316
19318
19319
19320
19324
19326
19327
19329
19331
19332
19334
19335
19338
19339
19340
19347
19348
19350
19351
19352
19354
19356
19358
19359
19361
19363
19364
19367
19368
19374
19375
19378
19381
19382
19384
19385
19387
19390
19396
19412
19420
19428
19429
19433
19436
19438
19440
19441
19444
19445
19447
19453
19454
19455
19459
19463
19465
19468
19473
19480
19499
19502
49467
19506
19508
49468
19511
19513
19515
19519
19522
19523
19525
19526
19528
19529
19530
19531
19536
19537
19538
19539
19542
19544
19550
19558
19559
19565
19566
19567
19569
19571
19573
19575
19576
19577
19580
19586
19589
19590
19596
19598
19599
19602
19604
19606
19607
19611
19613
19615
19616
19618
19619
19623
19624
19628
19630
19632
19633
19635
19636
19637
19641
19644
19646
19647
19648
19662
19668
19672
19673
19677
19683
19685
19694
19698
19702
19704
19705
19706
19708
19714
19715
19719
19720
19725
19729
19734
19740
19745
19750
19753
19755
19760
19761
19763
19770
19771
19774
19775
19777
19780
19781
19782
10445
19786
19787
19789
19790
19793
19804
19809
19810
19815
19820
19827
19831
19834
19836
19839
19845
19847
19852
19855
19859
19868
19870
19871
19872
19873
19877
19881
19887
19889
19900
19901
19902
19905
19910
19921
19924
19925
19926
19929
19937
19948
19949
19950
19955
19958
19959
19961
19962
19964
19966
19968
19969
19972
19973
19975
19979
19985
19987
19988
19993
19998
20000
20001
20003
20005
20006
20009
20010
20012
20015
20016
20017
20024
20025
20029
20031
20033
20037
20038
20043
20045
20046
20048
20053
20058
20066
20069
20070
20074
20077
20078
20081
20090
20092
20093
20097
20098
20104
20107
20112
20114
20117
20120
20121
20123
20124
20125
20137
20138
20141
20144
20149
20152
20153
20168
20169
20178
20179
20182
20198
20200
20203
20205
20208
20210
20212
20216
20220
20222
20226
20231
20233
20234
20236
20237
20238
20242
20249
20252
20253
20254
20256
20259
20260
20263
20269
20271
20272
20273
20276
20277
20278
20281
20282
20285
20286
20287
20294
20302
20307
20308
20309
20310
20315
20316
20317
20318
20319
20320
20323
20325
20326
20327
20328
20330
20331
20333
20335
20338
20342
20344
20345
20347
20355
20357
20360
20361
20371
20372
20377
20383
20393
20401
20412
20415
20416
20418
20419
20420
20426
20429
20431
20433
20434
20438
20440
20448
20453
20454
20455
20456
20457
20458
20459
20465
20467
20468
20469
20471
20472
20476
20478
20479
20480
20482
20484
20487
20488
20492
20493
20495
20496
20498
20501
20503
20506
20512
20514
20518
20520
20529
20533
20534
20535
20537
20539
20540
20546
20547
20553
20554
20555
20556
20561
20562
20563
20568
20570
20572
20574
20576
20577
20579
20582
20584
20585
20595
20597
20598
20603
20608
20611
20615
20621
20622
20623
20627
20628
20638
20639
20651
20654
20661
20671
20672
20684
20687
20688
20689
20690
20691
20692
20694
20695
20700
20703
20707
20710
20716
20720
20737
20740
20743
20744
20749
20750
20751
20759
20761
20762
20763
20769
20778
20793
20796
20801
20802
20808
20811
20815
20816
20819
20820
20826
20837
20838
20839
20842
20845
20848
20851
20853
20857
20860
20861
20871
20877
20878
20880
20895
20896
20897
20902
20906
20907
20909
20911
20914
20918
20922
20923
20926
20928
20930
20931
20934
20935
20937
20938
20940
20941
20953
20959
20965
20966
20975
20978
20979
20980
20982
20983
20990
20992
20996
20997
21002
21012
21014
21015
21017
21018
21025
21028
21036
21037
21039
21040
21041
21045
21046
21047
21053
21054
21056
21059
21060
21061
21062
21063
21068
21070
21074
21079
21082
21083
21084
21085
21086
21087
21090
21092
21096
21102
21103
21112
21113
21115
21122
21126
21128
21129
21131
21135
21140
21142
21146
21147
21149
21151
21152
21154
21156
21157
21163
21165
21167
21169
21170
21187
21190
21191
21195
21198
21202
21204
21205
21214
21217
21218
21220
21222
21223
21227
21228
21230
21234
21235
21245
21246
21253
21259
21260
21265
21269
21272
21278
21279
21280
21285
21287
21289
21293
21299
21303
21305
21306
21313
21315
21316
21319
21321
21328
21329
21330
21332
21338
21351
21352
21356
21359
21360
21361
21362
21365
21366
21367
21370
21378
21379
21381
21382
21384
21386
21391
21393
21398
21399
21401
21402
21403
21406
21410
21413
21416
21417
21418
21419
21423
21424
21425
21432
21435
21440
21441
21442
21443
21444
21449
21450
21452
21456
21463
21464
21465
21470
21472
21474
21481
21482
21484
21485
21486
21490
21492
21493
21494
21495
21496
21499
21500
21505
21510
21522
21529
21530
21532
21533
21536
21540
21543
21550
21551
21552
21553
21557
21558
21561
21565
21569
21572
21574
21577
21578
21580
21583
21587
21588
21596
21602
21606
21608
21610
21612
21622
21624
21625
21628
21630
21633
21634
21635
21645
21650
21652
21655
21657
21658
21659
10818
21662
21665
21670
21673
21676
21682
21685
21689
21691
21704
21706
21709
21716
21717
21719
21721
21723
21725
21726
21727
21730
21731
21734
21735
21737
21739
21740
21742
21747
21748
21751
21752
21753
21761
21763
21764
21765
21770
21772
21773
21776
21777
21785
21788
21790
21795
21796
21797
21800
21801
21810
21814
21818
21821
21832
21838
21839
21848
21849
21855
21858
21860
21863
21865
21867
21869
21876
21878
21881
21884
21888
21892
21893
21895
21897
21900
21906
21909
21910
21913
21915
21917
21927
21935
21937
21940
21942
21945
21948
21951
21957
21959
21960
21961
21965
21969
21973
21975
21976
21978
21982
21986
21990
21991
21998
22000
22001
22004
22007
22010
22011
22013
22014
22015
22018
22019
22020
22025
22027
22031
10892
22034
22035
10893
22040
22041
22042
22045
22050
22055
22057
22059
22060
22066
22067
22068
22069
22071
22073
22074
22076
22078
22079
22080
22083
22084
22086
22090
22093
22095
22097
22099
22103
22104
22106
22107
22111
22117
22119
22123
22126
22129
22130
22138
22143
22144
22150
22158
22161
22164
22165
22167
22168
22172
22178
22179
22184
22189
22190
22191
22195
22197
22205
22207
22209
22210
22214
22215
22216
22218
22228
22232
22236
22238
22240
22245
22248
22249
22250
22254
22256
22258
22263
22265
22266
22267
22268
22270
22272
22273
22276
22277
22278
22279
22287
22288
22289
22295
22299
22302
22305
22307
22308
22309
22310
22311
22325
22328
22331
22332
22336
22338
22339
22341
22342
22346
22347
22351
22353
22354
22355
22363
22366
22368
22370
22372
22374
22375
22376
22377
22379
22380
22385
22388
22389
22392
22393
22398
22399
22404
22405
22407
22409
22412
22413
22416
22418
22420
22421
22423
22431
22432
22434
22436
22438
22440
22445
22446
22448
22453
22458
22463
22467
22468
22470
22473
22476
22481
22488
22489
22492
22498
22501
22502
22506
22507
22510
22511
22514
22515
22526
22528
22531
22535
22540
22541
22543
22544
22547
22549
22551
22555
22557
22559
22562
22565
22568
22576
22578
22579
22583
22584
22595
22597
22598
22601
22610
22611
22612
22615
22616
22618
22620
22624
22627
22632
22633
22637
22638
22641
22651
22654
22657
22665
22674
22676
22677
22679
22680
22682
22687
22690
22693
22700
22701
22702
22703
22705
43590
22709
22713
22715
22716
22717
22721
22726
22729
22732
22737
22740
22741
22743
22746
22747
22748
22757
22763
22769
22771
22772
22773
22774
22777
22784
22792
22793
22797
22798
22800
22801
22802
22803
22810
22811
22816
22826
22828
22834
22835
22840
22844
22845
22847
22848
22849
22851
22852
22855
22860
22868
22870
22873
22874
22877
22878
22883
22885
22886
22887
22889
22890
22892
22896
22903
22904
22906
22909
22910
22911
22912
22913
22916
22917
22922
22924
22930
22931
22932
22933
22934
22937
22939
22943
22946
22947
22948
22957
22962
22964
22965
22966
22971
22978
22982
22984
22986
22992
22993
22997
22998
22999
23004
23008
23009
23012
23013
23020
23021
23024
23027
23029
23039
23042
23048
23050
23063
23064
23065
23070
23074
23077
23079
23080
23084
23086
23088
23089
23091
23092
23094
23095
23097
23098
23100
23101
23104
23108
23110
23111
23113
23117
23118
23119
23120
23121
23125
23126
23130
23133
23135
23137
23140
23143
23147
23153
23156
23157
23158
23159
23163
23164
23171
23176
23179
23182
23184
23186
23189
23191
23201
23202
23203
23204
23206
23207
23215
23216
23217
23221
23224
23228
23231
23233
23235
23236
23239
23240
23245
23249
23255
23256
23260
23261
23262
23268
23273
23276
23277
23281
23283
23288
23290
23295
23296
23299
23306
23311
23313
23314
23318
23319
23320
23323
23324
23330
23331
23335
23339
23340
23342
23347
23348
23349
23353
23355
23357
23360
23367
23370
23372
23373
23377
23378
23380
23382
23389
23391
23394
23395
23396
23400
23404
23406
23410
23411
23415
23416
23417
23418
23419
23425
23428
23430
23431
23433
23435
23437
23440
23448
23449
23450
23455
23457
23463
23469
23471
23472
23477
23481
23483
23491
23492
23493
23494
23496
23500
23501
23504
23506
23514
23515
23518
23520
23524
23525
23533
23534
23536
23539
23541
23542
23544
23545
23548
23549
23552
23553
23557
23560
23561
23564
23566
23569
23572
23574
23578
23581
23583
23588
23591
23592
23593
23595
23597
23604
23614
23616
23617
23618
23620
23621
23629
23635
23636
23638
23641
23648
23650
23653
23654
23655
23656
23658
23660
23666
23669
23673
23675
23676
23677
23679
23682
23689
23691
23692
23694
23700
23705
23706
23707
23708
23709
23710
23712
23718
23719
23721
23724
23729
23732
23733
23734
23739
23744
23745
23747
23756
23761
23763
23767
23769
23770
23772
23775
23782
23785
23788
23791
23796
23797
23800
23801
23802
23804
23806
23815
23817
23824
23826
23828
23830
23831
23834
23835
23843
23844
23847
23848
23849
23851
23853
23863
23866
23875
23876
23878
23881
23884
23886
23891
23892
23893
23895
23896
43827
23900
23906
23911
23914
23916
23917
23918
23920
23921
23922
23924
23927
23930
23936
23941
23942
23944
23945
23947
23950
23953
23954
23959
23964
23967
23970
23971
23973
23977
23980
23981
23983
23984
23985
23989
23992
23998
24005
24006
24007
24010
24012
24016
37338
24020
24021
24025
24030
24037
24047
24052
24053
24056
24060
24062
24064
24065
24069
24071
24072
24074
24080
24089
24096
24101
24104
24106
24109
24111
24112
24115
24127
24128
24140
24141
24143
24145
24146
24154
24156
24160
24163
24164
24167
24178
24182
24183
24186
24192
24193
24194
24195
24201
24204
24207
24210
24214
24215
24221
24225
24227
24232
24233
24240
24243
24244
24249
24256
24258
24261
24262
24263
24265
24270
24271
24272
24274
24276
24283
24290
24291
24295
24303
24304
24306
24307
24309
24311
24312
24320
24322
24323
24324
24325
24329
24333
24334
24337
24339
24341
24342
24344
24347
24352
24354
24355
24356
24360
24361
24362
24365
24366
24367
24368
24370
24375
24378
24383
24384
24389
24398
24399
24402
24403
24406
24409
24412
24415
24420
24423
24425
24429
24435
24437
24440
24442
24445
24449
24452
24461
24466
24473
24475
24486
24488
24489
24492
24495
24499
24502
24503
24505
24506
24509
24511
24512
24514
24515
24516
24518
24524
24525
24526
24533
24539
24540
24543
24546
24552
24553
24555
24557
24558
24564
24565
24567
24568
24575
24581
24584
24585
24590
24591
24594
24595
24599
24605
24607
24614
24617
24619
24623
24625
24626
24630
24631
24633
24639
24643
24644
24648
24650
24651
24653
24656
24662
24663
24666
24669
24670
24673
24676
24677
24679
24680
24681
24684
24685
24690
24691
24694
24699
24702
24703
24710
24717
24720
24724
24727
24728
24729
24736
24737
24742
24743
24745
24746
24747
24748
24750
24751
24754
24756
24757
24759
24760
24761
24762
24763
24764
24770
24772
24773
24775
24778
24780
24782
24785
24786
24787
24791
24794
24795
24796
24798
24802
24803
24810
24813
24815
24817
24819
24820
24822
24824
24826
24831
24835
24837
24838
24840
24852
24854
24856
24857
24862
24866
24870
24875
24876
24877
24878
24881
24882
24885
24889
24890
24894
24895
24896
24901
24904
24910
24914
24915
24916
24917
24918
24919
24922
24926
24927
24931
24934
24935
24947
24950
24951
24953
24956
24959
24961
24967
24969
24972
24973
24977
24978
24981
24991
24993
24994
24999
25002
25004
25006
25008
25013
25016
25022
25031
25034
25035
25037
11489
25045
25046
25050
25052
25053
25054
25055
25058
25066
25071
25073
25074
25076
25080
25082
25083
25086
25089
25100
25103
25110
25117
25118
25119
25125
25126
25128
25134
25135
25138
25139
25140
25144
25145
25146
25148
25149
25157
25161
25166
25169
25170
25172
25175
25177
25179
25180
25182
25184
25185
25189
25190
25193
25195
25196
25197
25198
25199
25202
25209
25214
25219
25221
25222
25229
25232
25233
25234
25236
25243
25244
25246
25247
25251
25253
25254
25257
25261
25262
25268
25269
25270
25271
25273
25283
25284
25287
25288
25295
25296
25298
25302
25308
25309
25310
25315
25316
25318
25321
25322
25323
25324
25328
25331
25336
25339
25341
25346
25352
25354
25357
25358
25360
25362
25366
25370
25372
25376
25381
25382
25386
25388
25391
25395
25408
25409
25413
25415
25417
25419
25420
25422
25423
25425
25426
25428
25430
25432
25433
25434
25438
25440
25442
25448
25449
25453
25455
25462
25471
25473
25474
25476
25479
25483
25484
25488
25490
25491
25493
25495
25496
25500
25501
25512
25516
25518
25521
25523
25526
25530
25532
25533
25534
25540
25541
25549
25552
25553
25554
25555
25565
25566
25568
25571
25578
25580
25581
25589
25592
25593
25595
25596
25601
25602
25604
25605
25606
25608
25613
25615
25616
25624
25626
25627
25628
25639
25640
25641
25642
25644
25648
25651
25657
25658
25660
25661
25662
25664
25667
25673
25679
25681
25683
25684
25687
25689
25690
25692
25694
25698
25700
25704
25706
25707
25708
25720
25724
25726
25727
25730
25732
25734
25735
25736
25738
25743
25748
25753
25754
25761
25762
25763
25764
25770
25772
25775
25776
25777
25783
25788
25802
25803
25805
25808
25810
25811
25812
25817
25819
25820
25821
25824
25825
25826
25827
25832
25833
25836
25838
25840
25841
25843
25844
25847
25849
25852
25854
25855
25859
25861
25863
25868
25870
25872
25873
25875
25877
25880
25883
25884
25885
25887
25890
25891
25892
25893
25895
25898
25904
25906
25911
25912
25922
25929
25932
25935
25939
25940
25942
25945
25946
25948
25956
25958
25959
25961
25963
25967
25983
25984
25985
25989
25990
25991
25996
25997
26004
26005
26006
26009
26010
26014
26022
26028
26030
26031
26032
26034
26036
26038
26045
26046
26049
26051
26052
26054
26056
26060
26061
26062
26063
26064
26066
26071
26076
26080
26084
26085
26086
26087
26089
26090
26095
26096
26097
26102
26105
26109
26110
26112
26119
26125
26126
26127
26130
26132
26134
26138
26140
26146
26148
26151
26153
26157
26161
26162
26164
26167
26171
26173
26174
26175
26176
26178
26179
26181
26182
26189
26190
26193
26194
26197
26199
26201
26203
26206
26207
26213
26215
26226
26231
26232
26234
26235
26240
26247
26251
26255
26256
26258
26260
26261
26263
26265
26268
26272
26273
26274
26275
26276
26278
26283
26286
26287
26297
26299
26303
26305
26310
26311
26313
26319
26321
26323
26327
26330
26333
26346
26349
26356
26363
26364
26367
26368
26371
26375
26376
26377
26380
26382
26388
26390
26403
26404
26406
26408
26410
26418
26421
26425
26426
26427
26428
26433
26440
26441
26442
26443
26450
26454
26456
26457
26459
26461
26464
26467
26473
26479
26482
26486
26487
26488
5265
26494
26495
26499
26501
26503
26505
26516
26519
26522
26523
26528
26535
26537
26539
26541
26542
26544
26548
26549
26551
26552
26554
26555
26563
26567
26568
26572
26577
26578
26581
26588
26591
26595
26598
26599
26601
26603
26605
26607
26611
26613
26614
26616
26619
26621
26626
26628
26629
26630
26631
26636
26637
26639
26640
26641
26642
26645
26647
26649
26651
26656
26657
26662
26663
26679
26680
26682
26686
26693
26699
26701
26704
26705
26706
26712
26715
26721
26722
26723
26724
26727
26728
26731
26734
26736
26738
26739
26740
26743
26746
26748
26750
26751
26752
26755
26758
26760
26761
26763
26764
26770
26771
26773
26776
26777
26778
26783
26791
26793
26804
26806
26807
26811
26814
26816
26817
26818
26821
26823
26824
26827
26833
26834
26836
26837
26838
26846
26847
26849
26854
26857
26861
26862
26866
26867
26868
26869
26874
26876
26883
26884
26887
26889
26892
26893
26895
26903
26904
26906
26909
26911
26917
26918
26919
26920
26925
26926
26927
26928
26932
26934
26939
26948
26950
26952
26953
26957
26958
26960
26963
26967
26969
26973
26974
26984
26985
26990
26991
26995
26996
26998
26999
27001
27006
27009
27012
27013
27015
27019
27022
27023
27024
27026
27031
27046
27047
27064
27065
27071
27076
27077
27078
27079
27080
27081
27084
27086
27087
27090
27091
27092
27093
27095
40153
27108
27110
27114
27115
27118
27121
27129
27130
27132
27133
27135
27137
27140
27142
27143
27148
27149
27156
27158
27163
27164
27165
27168
27169
27170
27172
27174
27177
27183
27185
27187
27191
27192
27194
27199
27202
27207
27208
27217
27218
27222
27225
27229
27231
27233
27235
27238
27242
27243
27250
27254
27255
27257
27258
27261
27262
27266
27269
27270
27271
27273
27277
27278
27279
27280
27281
27283
27284
27286
27288
27289
27290
27296
27298
27300
27302
27304
27305
27314
27315
27317
27321
27324
27326
27331
27333
27334
27342
27346
27348
27351
27354
27359
27371
27375
27383
27387
27389
27390
27391
27393
27397
27400
27401
27406
27420
27421
27422
27423
27424
27425
27428
27431
27433
27435
27437
27439
27445
27450
27451
27452
27453
27455
27456
27459
27462
27465
27467
27472
27474
27475
27476
27480
27485
27486
27493
27495
27502
27504
27505
27506
27509
38032
27516
27518
27519
27522
27533
27538
27541
27542
27549
27550
27553
27554
27559
27562
27563
27565
27567
27572
27577
27578
27583
27585
27586
27587
27590
27592
27594
27596
27598
27599
27610
27611
27616
27618
27626
27628
27636
27639
27640
27642
27645
27646
27647
27651
27652
27653
27656
27658
27659
27660
27665
27679
27681
27684
27685
27686
27687
27690
27696
27699
27700
27701
27702
27703
27704
27705
27706
27711
27714
27715
27717
27722
27727
27729
27732
27735
27738
27743
27746
27748
27751
27756
27758
27761
27765
27766
27769
27770
27779
27781
27784
27785
27786
27794
27795
27797
27799
27800
27801
27802
27806
27807
38091
27809
27814
27820
27828
27832
27833
27836
27838
27847
27860
27863
27865
27866
27867
27870
27871
27873
27877
27879
27884
27885
27893
27895
27901
27902
27903
27904
27906
27908
27909
27912
27913
27918
27922
27924
27926
27927
27928
27931
27932
27933
27934
27936
27938
27943
5554
27945
27947
27948
27954
27956
27963
27964
27966
27967
27969
27971
27972
27974
27977
27980
27981
27987
27988
27989
27991
27996
28001
28003
28009
28014
28016
28020
28021
28026
28028
28029
28031
28042
28043
28044
28048
28052
28055
28058
28060
28065
28066
28068
28069
28070
28073
28077
28079
28082
28084
28085
28089
28090
28091
28092
28095
28096
28104
28106
28108
28110
28113
28116
28121
28122
28124
28125
28126
28133
28135
28136
28138
28143
28147
28149
28154
28158
28162
28167
28170
28178
28180
28181
28189
28190
28191
28194
28197
28204
28208
28218
28220
28224
28228
28229
28230
28237
28238
28241
28243
28245
28247
28249
28251
28253
28254
28257
28258
28264
28267
28275
28281
28282
28284
28286
28287
28292
28295
28297
28299
28300
28301
28302
28303
28307
28311
28315
28316
28321
28327
28330
28331
28332
28338
28342
28343
28344
28345
28348
28351
28361
28366
28368
28373
28374
28376
28377
28378
28379
28380
28392
28399
28400
28401
28402
28403
28413
28416
28417
28418
28419
28424
28426
28427
28433
28436
28437
28438
28440
28441
28442
28445
28449
28454
28455
28456
28466
28469
28471
28473
28475
28487
28489
28492
28494
28496
28497
28500
28501
28505
28508
28511
28520
28524
28525
28529
28530
28531
28533
28537
28551
28558
28559
28560
28564
28574
28576
28579
28584
28585
28593
28594
28595
28597
28602
28605
28606
28607
28609
28611
28612
28616
28618
28621
28625
28629
28633
28634
28636
28638
28641
28642
28646
28651
28652
28654
28657
28661
28662
28664
28667
28669
28672
28673
28676
28678
28680
28682
28687
28689
28692
5703
28694
28699
28700
28703
28705
28706
28709
28715
28716
28718
28721
28722
28723
28724
28728
28729
28732
28733
28739
28741
28742
28743
28746
28748
28752
28756
28758
28761
28767
28770
28772
28777
28782
28788
28791
28792
28800
28801
28802
28803
28807
28811
28814
28816
28819
28821
28827
28830
28831
28832
28833
28834
28842
28845
28847
28849
28854
28856
28865
28866
28867
28871
28872
28877
28889
28893
28897
28900
28902
28909
28912
28917
28919
28920
28921
28925
28927
28929
28935
28942
28944
28948
28952
28953
28957
28958
28961
28964
28967
28972
28973
28982
28984
28986
28987
28989
28993
28994
28995
28996
28998
29005
29006
29007
29015
29019
29020
29021
29022
29023
29025
29026
29034
29039
29043
29044
29048
29053
29057
29058
29059
29060
29061
29064
29066
29068
29076
29079
29080
29081
29087
29090
29092
29093
29097
29100
29102
29103
29109
29110
29113
29121
29122
29125
29131
29132
29133
29135
29137
29139
29141
29143
29144
29149
29151
29154
29159
29174
29175
29178
29180
29184
29187
29189
29190
29198
29200
29201
29202
29204
29205
29206
29208
29212
29213
29216
29219
29220
29225
29227
29229
29231
29232
29240
29243
29244
29247
29249
29251
29253
29255
29256
29259
29263
29266
29270
29271
29273
29274
29276
29279
29282
29285
29291
29293
29302
29306
29309
29310
29311
29314
29319
29321
29324
29326
29328
29329
29340
29341
29348
29354
29357
29358
29359
29360
29362
29363
29366
29371
29374
29375
29376
29379
29380
29383
29384
29386
29389
29393
29397
29398
29403
29407
29410
29411
29412
29424
29426
29430
29439
29441
29442
29446
29447
29451
29454
29456
29458
29460
29467
29472
29478
29481
29484
29486
29500
29511
29512
29515
29518
29523
29524
29532
29535
29540
29543
29547
29548
29550
29552
29560
29561
29563
29564
29566
29567
29571
29575
29577
29579
29580
29581
29583
29586
29587
29588
29590
29594
29599
29603
29608
29611
29613
29614
29615
29618
29623
29625
29626
29630
29631
29639
29643
29644
29645
29649
29650
29651
29654
29659
29661
29666
29669
29673
29674
29676
29677
29678
29683
29684
29687
29691
29698
29703
29704
29706
29707
29709
29712
29713
38470
29717
29720
29721
29724
29725
29726
29727
29730
29735
29742
29746
29748
29758
29759
29762
29764
29769
29773
29778
29783
29785
29787
29792
29794
29795
29801
29803
29806
29807
29809
29810
29812
29813
29815
29819
29822
29823
29828
29832
29833
29834
29835
29836
29838
29839
29845
29846
29847
29849
29852
29853
29858
29861
29865
29867
29870
29871
29873
29874
29881
29884
29885
29887
29888
29890
29893
29896
29898
29901
29902
29908
29910
29911
29912
29914
29915
29916
29920
29927
29928
29933
29941
29942
29943
29946
29948
29955
29961
29963
29967
29968
29969
29970
29973
29980
29981
29983
29988
29990
29991
29993
29995
29996
29997
29998
30011
30013
30018
30021
30022
30023
30029
30039
30045
30047
30048
30049
30052
30054
30060
30061
30063
30069
30070
30072
30074
30075
30077
30078
30081
30085
30090
30091
30097
30105
30107
30108
30114
30116
30117
30121
30122
30126
30129
30130
30133
30134
30135
30138
30139
30140
30145
30146
30148
30150
30153
30155
30157
30158
30160
30163
30164
30172
30173
30174
30177
30180
30181
30184
30186
30193
30196
30200
30201
30203
30204
30207
30209
30213
30214
30228
30235
30244
30247
30249
30251
30257
30258
30259
30264
30265
30266
30267
30269
30271
30274
30275
30277
30278
30282
30288
30294
30304
30307
30308
30310
30311
30313
30316
30317
30318
30321
30323
30325
30331
30332
30333
30335
30336
30337
30342
30346
30349
30356
30359
30368
30370
30374
30376
30377
30382
30389
30390
30394
30395
30396
30397
30403
30409
30411
30412
30414
30415
30417
30419
30422
30424
30427
30429
30430
30438
30441
30444
30451
30454
30455
30456
30458
30459
30461
30466
30467
30469
30473
30474
30475
30476
30477
30482
30490
30493
30494
30501
30502
30505
30513
30515
30518
30519
30524
30526
30528
30530
30531
30532
30533
30535
30541
30542
30548
30549
30554
30560
30561
30562
30564
30572
30573
30574
30577
30579
30581
30584
30586
30587
30594
30597
30602
30604
30606
30609
30610
30612
30613
30616
30617
30620
30622
30623
30624
30629
30636
30643
30644
30646
30653
30660
30663
30666
30667
30668
30669
30671
30672
30675
30676
30679
30682
30683
30685
30686
30687
30688
30689
30696
30698
30703
30706
30709
30711
30712
30713
30716
30718
30719
30721
30722
30723
30724
30726
30730
30731
30735
30744
30747
30750
30751
30752
30753
30754
30757
30759
30763
30765
30766
30767
30770
30777
30781
30782
30784
30786
30787
30788
30789
30790
30792
30793
30798
30801
30802
30806
30809
30810
30812
30813
30815
30816
30817
30818
30819
30820
30821
30826
30831
30832
30833
30834
30836
30838
30840
30841
30842
30844
30847
30848
30864
30867
30871
30884
30889
30890
30894
30896
30903
30907
30910
30912
30914
30922
30924
30926
30927
30931
30935
30937
30938
30939
30940
30942
30943
30945
30947
30951
30952
30954
30959
30960
30961
30962
30963
30965
30968
30974
30976
30978
30979
30981
30986
30990
30994
31000
31002
31005
31007
31010
31013
31018
31022
31023
31025
31028
31029
31031
31035
31036
31038
31040
31043
31044
31046
31047
31048
31050
31055
31057
31059
31063
31064
31071
31072
31077
31080
31082
31085
31086
31090
31091
31101
31103
31111
31116
31119
31120
31127
31128
31130
31132
31133
31136
31140
31142
31144
31149
31154
31155
31156
31159
31162
31164
31165
31172
31173
31175
31180
31185
31186
31189
31190
31191
31195
31197
31199
31202
31204
31206
31207
31210
31215
31217
31228
31230
31231
31232
31234
31236
31240
31246
31247
31248
31255
31260
31261
31265
31269
31270
31271
31272
31280
31285
31286
31288
31292
31293
31297
31302
31303
31308
31309
31315
31318
31327
31330
31333
31336
31337
31338
31342
31346
31347
31350
31353
31356
31359
31362
31363
31365
12747
31373
31376
31377
31380
31383
31390
31391
31398
31400
31405
31406
31407
31411
31412
31417
31419
31424
31425
31426
31428
31431
31435
31436
31441
31448
31454
31455
31460
31465
31467
31471
31474
31477
31478
31482
31486
31487
31494
31495
31496
31502
31504
31506
31508
31515
31521
31524
31525
31527
31532
31533
31535
31536
31543
31544
31546
31550
31551
31556
31558
31560
31561
31562
31563
31566
31567
31568
31572
31573
31574
31575
31579
31580
31588
31591
31592
31593
31596
31597
31600
31605
31609
31610
31614
31615
31619
31621
31622
31626
31629
31631
31635
31636
31638
31640
31641
31647
31649
31654
31656
31661
31663
31666
31669
31674
31676
31677
31680
31681
31682
31685
31687
31691
31694
31695
31704
31707
31708
31713
31714
31717
31719
31723
31725
31727
31728
31731
31735
31737
31740
31742
31751
31754
31756
31759
31761
31762
31764
31766
31768
31773
31784
31785
31786
31792
31793
31795
31798
31799
31801
31803
31806
31809
31812
31817
31820
31825
31828
31833
31835
31837
31842
31843
31849
31856
31859
31863
31864
31865
31866
31867
31870
31874
31879
31880
31883
31886
31888
31890
31892
31894
31896
31897
31899
31900
31904
31907
31910
31912
31913
31914
31919
31926
31927
31928
31929
31933
31934
31935
31939
31940
31941
31944
31947
31949
31956
31965
31966
31969
31972
31974
31975
31978
31980
31984
31988
31991
31995
31999
32002
32006
32009
32010
32012
32013
32015
32016
32018
32021
32025
32027
32032
32035
32037
32038
32045
32046
32051
32052
32056
32057
32060
32061
32063
32069
32070
32071
32074
32076
32078
32079
32080
32082
32086
32090
32091
32093
32097
32098
32099
32101
32103
32106
32107
32108
32109
32111
32113
32116
32121
32122
32127
32130
32131
32134
32136
32137
32139
32140
32143
32145
32147
32148
32150
32151
32155
32157
32159
32161
32165
32166
32168
32169
32179
32184
32185
32195
32196
32197
32199
32202
32203
32204
32205
32208
32212
32217
32219
32220
32224
32226
32228
32231
32232
32235
32239
32241
32242
32246
32250
32251
32252
32255
32257
32261
32264
32265
32267
32268
32272
32274
32277
32281
32284
32286
32289
32291
32294
32295
32299
32303
32304
32305
32306
32308
32309
32319
32324
32325
32326
32330
32331
32333
32334
32336
32339
32340
32342
32344
32348
32350
32360
32361
32363
32364
32370
32372
32374
32375
32376
32377
32379
32382
32385
32386
32387
32390
32392
32393
32397
32399
32400
32401
32404
32406
32408
32409
32410
32411
32412
32415
32420
32423
32425
32427
32430
32431
32435
32437
32442
32443
32446
32447
32450
32452
32454
32455
32456
32457
32465
32468
32471
32472
32475
32476
32477
32480
32481
32483
32492
32497
32500
32504
32509
32510
32511
32517
32518
32520
32521
32524
32529
32530
32532
32533
32540
32542
32546
32548
32558
32559
32560
32566
32568
32574
32582
32583
32585
32589
32590
32591
32594
32595
32597
32602
32603
32606
32607
32612
32613
32614
32617
32626
32629
32632
32634
32638
32642
32647
32649
32656
32659
32661
32662
32667
32668
32669
32678
32684
32690
32693
32695
32697
32700
32703
32705
32706
32707
32708
32709
32710
32711
32718
32720
32723
32733
32734
32744
32746
32747
32751
32752
32754
32758
32762
