5
32774
49159
16392
49164
16397
13
32783
32782
16402
16404
21
32788
32795
32797
30
16413
32803
49188
49191
40
41
16427
32812
16431
16436
49205
54
56
32825
16441
49212
32829
49218
32835
49223
49224
78
80
32852
85
49238
32858
91
32862
49251
49252
103
49260
32877
16493
108
16496
16497
32884
49271
32888
16510
134
49288
16521
49290
16524
140
32910
16528
32913
49298
16530
49301
32918
32922
32924
160
49316
32934
16555
32941
32943
16559
183
184
32956
189
32959
16578
16580
32968
16597
32981
49366
49371
16603
220
223
32994
227
228
33000
49384
49385
33003
237
33006
49396
33012
49398
16632
49410
259
33033
33035
16652
16662
281
33050
33052
33058
49443
49444
293
49447
298
299
300
33073
305
308
16693
16694
49464
33081
314
33083
16700
16701
318
49470
49472
16704
33090
49474
16706
16703
49480
16714
330
33102
33107
49493
16726
49495
33112
344
346
347
16729
16733
349
351
345
16735
355
49508
16741
16743
360
359
363
33131
16751
16757
33142
33143
16760
16764
33149
33151
49536
49539
49545
33162
49547
33163
16781
49550
16782
49548
16785
33170
397
16789
49558
16791
33176
16796
16797
16807
33193
426
430
49584
49589
439
33209
49594
49600
33216
449
49603
33218
16837
49609
457
16842
470
33241
16860
480
33249
33253
487
33259
33260
493
494
49647
33264
49649
49653
502
49656
49659
507
509
49660
49663
16896
33282
33288
522
16908
33294
49678
16912
16916
534
33305
538
540
33310
33314
49701
550
33318
33319
553
33323
33328
562
16950
568
16953
49725
577
33349
583
16967
16969
16971
595
33363
16983
33371
605
16994
49762
16998
17008
625
33393
49780
17013
17014
17015
49786
49792
642
17027
33412
646
648
649
650
653
17040
33424
49811
17046
33435
49819
17051
49823
17059
33445
17062
680
681
682
17070
49839
49843
692
691
33464
49854
49856
705
17089
49861
49862
709
17096
17093
33484
17106
49876
725
17110
33493
728
49881
49884
733
49890
17123
740
747
17134
751
33520
33521
33525
49914
765
33533
49920
49921
774
49929
33546
17165
783
784
33552
17171
790
17175
33560
796
797
49950
33567
799
800
801
17189
17190
33575
808
33580
17202
33589
33591
33592
17210
33596
830
832
33604
839
841
49996
846
33615
17231
33616
852
33621
854
17242
864
33635
33638
876
33645
882
17268
33658
17278
17279
17289
17290
17293
912
17297
913
17300
918
919
924
930
33700
17319
17320
17321
33708
33709
943
17340
17341
958
956
33737
17355
33741
976
17362
33747
33755
33756
17373
994
995
33765
33766
17385
17387
33773
33777
1013
17404
17405
33792
1031
17415
33801
1036
33806
1040
1041
33810
33818
17436
33820
17438
33828
33829
17446
1064
17449
33834
17448
17451
33837
17461
33856
33857
17488
1108
33879
33882
17504
33890
33891
1122
17520
33906
33907
1140
33913
17534
33919
1152
17538
1154
17541
1157
33925
33932
33934
33938
17555
1178
17563
1180
1181
17564
17567
17568
1188
17573
17574
33965
1202
17588
17589
33977
17595
1213
33984
17603
33988
17604
17606
1234
17620
17621
17623
17624
1242
1243
17628
17631
1248
17635
17638
34023
34024
17641
17644
34033
1268
34037
1274
1280
34050
1285
17678
1307
17700
34088
34090
1322
34092
34094
17710
34098
34102
17721
34109
34112
1351
34121
17740
1359
17751
17757
1374
17762
34147
1380
17765
17769
1385
1387
17776
17780
17781
34167
1400
1402
1403
34174
1408
34180
1418
1420
1421
1423
1424
34198
1435
17819
1438
1440
17826
17832
1449
17834
17837
34221
1457
1459
17844
1460
17850
17853
1470
17855
1473
17860
17861
17865
17867
34254
1487
1489
34259
1495
17880
1500
34268
34276
17894
1513
17898
1517
1524
1525
1527
1528
34297
34299
1536
34308
34314
17931
1551
34327
34328
34330
17952
17958
17959
1576
1580
34356
1591
34360
34363
1596
17980
17988
34373
1610
1613
34384
1625
18014
1631
34411
34412
18029
34414
18032
34420
34421
34432
34438
1673
34444
1687
1688
34458
1691
34465
34466
18083
1701
18086
1703
18088
18089
18090
1705
18092
34476
1710
1713
18100
1719
1722
1724
1725
34495
34499
1735
1741
18129
1747
18141
34529
34531
1766
34535
1768
34537
18153
18161
18163
34550
18170
34562
18178
1798
34568
1800
18189
18190
1816
18204
18206
34593
18211
1830
18216
1834
34607
34611
1847
18234
34618
18241
1857
18245
18247
34632
18249
18256
1884
18269
1885
34658
1891
34661
34663
18287
18288
18291
18294
18298
34689
34694
1928
18318
34703
1935
34702
18324
34711
34714
1950
34719
34722
18341
18344
1976
34744
1978
34747
1980
1981
18366
1979
18368
1985
18370
18373
1990
34758
1993
34761
18380
18382
34771
18387
2006
34776
2010
2017
2025
34795
34796
34797
18416
18420
18422
2044
2048
18432
18436
2053
34822
34824
18441
34827
34828
34829
2062
34835
2071
18458
34846
2081
16696
34852
18469
18470
34854
34857
16698
2095
34865
18482
2100
2103
18489
18496
2115
2116
2117
2120
18506
34891
18507
18510
2127
34899
18525
2143
18528
34911
18530
18529
2149
34923
34924
2155
2163
2165
18556
34941
18565
2182
2181
34959
34960
18578
34965
18581
2202
2205
18590
34975
34978
34986
18607
2226
18612
34998
35001
2235
35007
2240
35011
35015
18637
2254
18639
2262
35031
35040
18657
35042
2275
2277
2279
18663
18665
18670
35055
2292
35061
35071
2305
2308
18694
2311
35082
35083
2316
35084
18709
35094
2326
35098
18716
2339
2343
35111
35121
2354
2356
35127
18743
35129
2373
35147
18764
35149
35150
18765
18768
2384
35152
35155
2386
35163
2398
35168
35171
35172
18788
2409
35188
18807
35193
2425
2427
2430
18815
2432
2433
35209
2442
18827
35216
2451
18840
35228
18845
2461
35231
18847
35235
35237
18854
18863
18868
2494
35263
35268
18885
35269
18894
35279
2514
35282
18902
35307
2540
35309
35310
35314
18931
35315
2549
18937
2554
18944
18945
2565
35337
35338
2572
18960
2577
35349
18966
2583
35352
35355
18972
35356
35362
2595
35365
35369
18987
18988
18991
35378
18995
2610
2615
35397
2633
19019
35403
19022
19024
2641
35409
35414
2647
35417
19036
19043
19044
35427
35438
19063
35448
2680
19071
35456
2692
2693
35464
35467
35470
19089
35477
2711
2722
2723
2724
19107
2726
19112
35500
19117
2741
2744
35515
2751
2755
19139
2763
19157
2775
2782
35551
19169
2788
2789
19176
2796
2800
2808
19193
35586
19206
35591
2824
2826
2830
35598
19216
35603
35604
19223
35608
35611
2843
19229
2846
19236
2865
19252
19253
35639
2873
2874
35643
35644
2881
35658
2893
2902
19288
2907
19294
2911
19295
19300
35686
2924
35694
19318
19320
19329
2948
35718
35719
19334
19335
19340
35730
19347
19356
2977
35753
35754
19374
19375
2992
35761
2993
35772
3010
35782
3015
35788
19420
19429
3049
3050
19436
3054
3059
3060
35836
19453
3069
19455
35838
35844
35846
35847
3080
19465
19468
19473
3091
19480
35873
3105
3107
35879
3113
35882
19499
3118
19506
35894
3128
3131
19515
35901
19519
3137
19522
3141
35919
19544
3162
3165
35936
3172
35940
35944
35945
19565
3183
19569
19571
35958
35960
35963
19580
3201
19586
35972
3209
19599
3221
19606
3222
35994
19611
3232
36003
36005
3237
36007
19624
3242
36013
19632
19633
3254
3255
19641
3259
36028
19646
19647
36034
3286
36054
19672
3287
36061
3299
36068
19685
36070
19683
36072
36075
3309
3312
36085
19702
19708
3325
3327
36095
3333
19719
3335
36103
19720
3351
3354
19740
36126
36131
36132
3365
19750
3367
19753
36137
3369
3373
36141
19760
36152
36159
19775
36161
19782
3401
36169
3403
19789
19793
3411
36180
3415
36186
19804
3421
3420
36190
19809
19810
3426
36193
36202
3435
3436
36207
19827
3443
19831
36218
36220
19839
3456
36225
36228
3462
19847
36234
3467
3468
19852
19859
36244
3475
36246
36249
3482
36254
3489
3493
3496
19881
36266
36268
36272
3505
3507
36278
36279
36282
19901
36287
3519
3530
36298
36300
36301
36299
3536
19925
19926
3543
3545
3548
3549
3565
19950
3569
36339
3572
3580
19964
36351
36353
19973
3592
3594
36363
36365
36367
19985
19988
3609
36378
19998
3616
20003
20005
20010
36398
20016
36401
20024
36409
3641
36410
36412
20029
3647
3649
3651
20037
3656
20043
3662
20046
3669
36437
20053
3674
3679
20069
36453
20070
3692
20077
36473
3705
20090
20092
36480
20097
3713
36486
20107
36493
36494
20112
20114
20121
36518
36521
36525
20144
36530
36534
3767
20152
3771
20168
3789
36557
3790
36566
20182
36573
3807
3814
20200
36587
3820
20205
36591
20208
3826
20210
20212
3828
3833
36605
20222
3842
36613
36615
3848
3849
20234
3852
3853
20237
3856
3861
3865
36633
20252
3869
20254
3874
20259
20263
3884
20269
3888
20273
3891
20277
20278
36662
36669
20294
3911
3910
3916
20310
36694
36696
20316
20317
3934
3938
20328
20330
20331
3948
20333
3947
20338
36723
20342
36726
3966
3968
20355
3971
20360
36744
36749
3981
3982
20372
36757
3992
20377
36761
3994
20383
36772
36775
4010
36778
36780
4012
4017
36786
4025
4026
36795
4033
20418
20431
20434
36821
4054
20440
4056
4058
4062
36831
20448
20455
20458
36843
36848
36849
20468
4086
36857
36858
4094
20479
36866
20484
4101
20488
20492
20493
4110
4109
20495
20501
20503
20506
20514
4132
36903
36907
36912
20533
4151
20535
4160
4161
20546
36929
20547
36937
20553
36938
20556
36944
36945
20562
36949
20568
4185
36955
36958
20574
4193
4194
20582
4201
36969
4204
36974
36982
36994
4228
4229
4230
37001
4234
37003
4237
20622
4239
37011
20638
37025
4258
37032
20651
4268
4267
20654
4273
37043
20661
37046
4283
37052
37055
37059
37060
4295
37070
37077
20695
37079
20700
20710
4326
4329
4330
4334
37102
4342
20737
4354
4356
37125
20740
37128
37135
37140
4372
4375
20759
20761
37146
20763
4379
4386
4388
4392
37166
37167
4400
37176
20793
4410
4411
20796
20801
4418
37187
4424
37194
4428
37202
20819
20826
37217
37218
4452
20842
20845
4463
4464
37233
37239
20857
4475
37247
20871
4501
37269
37271
20896
4512
20897
20902
20907
37291
20911
4535
37305
37311
37319
20940
20941
37325
37331
37332
20953
37337
4572
20965
4583
20990
4608
20997
4618
37386
4626
37395
4630
37399
4646
37415
4651
4654
37423
37424
21040
4663
37433
21053
21054
4675
21060
21059
21061
4679
37456
37459
37462
21079
4696
21084
4702
37470
37475
21092
4709
4707
37477
21102
4727
21113
4729
21115
37501
37513
37517
4751
4753
37523
21140
4758
21146
37531
4767
4769
37546
37553
4786
21169
37562
37566
21190
21191
37581
4813
37585
37586
21204
21205
4825
21222
37610
4844
37612
4849
37631
37635
37642
21259
37644
37645
4878
4881
37654
4887
4895
4900
21285
4902
37672
4918
37687
21306
21313
37698
37700
37702
21319
4934
37708
4940
21338
4954
37725
21359
21362
37747
4980
37746
37750
21366
37752
4985
21370
37758
4991
4993
21379
37769
5003
21393
5010
37779
5016
5017
21402
21401
21406
37793
37796
37798
5033
37804
37808
5041
5043
37813
5046
5045
37817
21435
37825
21444
5064
5065
5069
5076
21463
21465
5084
5085
37856
21474
37863
5097
5101
37870
37869
5107
21493
21494
5111
21496
21500
5119
37887
37890
5129
37900
5132
5135
37906
37912
21530
21532
37923
37924
21540
37941
5177
37947
5181
21569
5185
37955
37956
21574
5193
21578
5201
21587
37976
5208
37982
5215
37985
5218
5226
21612
37999
5233
5243
21630
5248
38018
5255
38032
38038
5271
5272
21658
38043
5278
38048
38049
38051
5287
21676
5292
38061
5296
5302
38070
21689
21691
5314
38087
5319
38091
21709
5329
38099
21725
5342
5341
5345
21730
21735
5351
21739
21740
21742
38127
38129
21747
21748
5367
21753
5370
38138
38144
21763
5386
21772
38159
21776
5392
38164
5398
38167
5400
5406
5407
21796
5413
5414
38182
38185
21801
5419
5421
38190
5424
21810
5429
21814
21818
38202
38215
21832
38222
5456
5458
38233
38235
5469
21858
5477
5478
21863
21869
38253
21876
38262
5500
21884
38270
21888
38274
21892
21893
21895
5515
38285
5517
38288
5521
5522
21909
21910
38298
21915
5530
5535
38311
5544
38318
5552
38322
5555
21940
38326
5560
21945
38330
5565
38342
21959
5575
21961
5578
5580
5581
38350
5583
5584
38352
21965
5592
21976
5594
5598
21990
38376
38380
38382
22000
22001
38388
38389
38392
22011
22013
22014
38399
38398
22018
5636
22025
38410
38417
22034
22035
38420
5651
5657
22041
38428
5670
22055
5675
22060
38447
5680
5684
22069
38456
38462
22080
5698
38467
38470
38471
5705
22090
38477
38479
5712
5715
22107
38495
5728
38499
38513
22138
5760
38529
5766
5770
22161
38546
38547
22164
38555
38562
22179
5799
5800
22189
38574
5809
22195
22205
38589
38591
5821
22210
5828
38597
38598
22215
5831
22218
38606
38613
22232
22240
5856
5859
5864
22250
5871
22256
38645
38649
22265
22266
38652
22268
38654
5886
5888
22273
38656
22278
22279
38664
38665
5899
38668
5902
22288
22289
5906
38677
22295
22299
38686
38691
22308
22307
38692
38705
5942
5947
22332
22338
22339
22347
22355
38741
38745
22363
5980
5979
38751
22368
38753
5990
22374
22376
38765
38769
22392
38781
6014
6019
22404
22405
6026
22412
22416
22418
38804
38805
38810
6044
6047
22436
6053
22440
22445
6071
22463
38849
22476
38861
22481
22492
6109
38878
6113
22498
38887
38889
38893
38895
6129
38906
6142
22528
38913
38917
6151
22535
6154
38924
6158
22543
38932
38935
22551
38938
22557
38942
38943
22562
38948
22565
6185
6186
38958
6190
38960
6192
6193
6195
6199
6214
22598
22601
6217
6223
6224
22610
38997
6230
6240
6242
6244
22632
22633
39019
6252
6253
39021
6256
6259
6262
6265
39036
39037
39038
39040
6279
39049
39052
39055
22674
39059
22676
6294
39066
39070
39071
39072
22700
6317
22701
39089
39090
6325
22715
22716
6334
22721
6338
39105
39108
39109
6343
6345
6347
22732
6349
39121
6354
6353
22737
39126
39127
6368
6373
6376
6377
22763
6383
39152
22769
22771
22772
39159
39160
39161
6398
6399
6402
39175
22798
22800
22801
39185
22803
6422
22816
6433
39205
6448
39220
6462
22847
39235
22855
6471
39241
22860
6481
6483
39252
22870
22873
6490
6493
6496
22885
22886
39271
6506
22896
39282
39285
6518
22903
22910
22913
39297
39301
22917
39304
22930
22931
6547
22934
6557
39329
39332
39346
22964
22966
6594
22982
6598
22997
39384
6617
6619
39390
23009
39395
39397
39398
39399
6635
39404
39411
23029
6645
23039
6656
6655
23042
23048
6666
6668
39436
39439
39445
39448
23074
39463
39464
23086
39470
39472
39473
6706
6707
23092
39471
6710
39480
39482
39486
39488
23108
39492
6726
6728
6729
6730
6731
6733
23117
23119
6736
39504
23120
6738
23118
39506
23130
23133
6751
39519
6757
23147
6765
39538
6773
23157
23159
39545
6781
39550
6782
6784
39553
39557
6791
6794
23179
6798
6804
23189
39574
39579
6815
6817
23202
23203
23207
6826
6829
23217
39604
23221
23224
39609
39614
39616
23239
6856
39624
39625
39623
39628
23245
23249
39634
39640
6872
23261
6878
39651
23268
6884
39666
6907
6909
39679
39682
6916
39686
6918
6921
23306
39691
39695
23311
39696
23314
39697
23318
23323
23324
6940
6941
23335
6952
6962
39730
23348
6965
39734
23353
6976
39747
23367
39759
23377
39762
23378
23382
39767
7000
6999
23389
7006
39777
23394
23396
7013
7014
39783
7019
7022
7025
23410
23415
39799
23418
7038
39813
7047
23440
7059
7063
39834
7068
23455
23457
23463
7079
7091
39861
39863
39865
39866
23483
39875
7108
23493
23492
23494
23496
39880
39881
23500
23501
7121
39891
7127
39895
23515
7132
39903
23520
39904
23524
23525
7144
23539
39923
7156
23542
7159
23541
23545
23548
23552
7169
7171
23557
7173
23561
7178
23566
23569
7185
23574
23578
39969
39971
7211
7213
39983
7220
39989
39996
23614
23616
23618
7234
23620
40006
40007
40010
7243
7247
23635
40022
23641
7267
23653
23654
23656
40041
23658
40042
23660
7280
7283
40055
7293
40064
23682
7303
7305
40073
7312
7313
40086
7319
23707
40091
7327
40097
7332
23719
40104
7345
40113
23732
23733
23734
23744
7365
7370
40144
7378
7380
40151
7384
40152
23770
7385
40154
7387
23772
7396
23788
40178
23797
23801
23802
40189
23806
7428
40201
23828
23830
7447
40216
7452
7454
7462
40232
23849
7466
23853
40239
40242
40246
40247
7480
23866
40251
7485
23875
7491
7493
23881
7503
23891
23892
23893
7509
23895
40281
7513
7517
7520
7530
40298
23916
7534
40303
40304
23918
23922
7538
23924
7540
40308
7545
7548
7549
7553
40327
7562
23947
7565
23950
40334
7566
23954
7573
7581
40350
23971
40359
7597
23985
7606
7609
23998
7616
40389
24006
24005
24020
7648
40417
7654
40424
40426
7661
7662
24052
24056
40442
40444
7676
7678
24062
24064
40449
7683
24069
24071
7688
7689
40458
40460
7700
7706
40476
7708
40478
24096
40485
7719
7720
24104
40487
40489
7726
24112
40498
24115
7742
24128
40516
40518
40524
24140
40528
24145
40533
7769
40539
40542
40543
7781
24167
7784
40557
40558
7795
7797
24183
40568
40570
7803
7808
24193
24195
24201
7817
24204
40591
7824
24210
24214
7839
7842
40615
40616
7853
7857
7859
7861
24249
7867
7868
7873
24258
24261
24263
7887
24271
40660
40662
7895
40666
24283
7898
40675
7921
24306
40700
7937
40710
40713
40715
7955
24339
40725
40727
24344
7963
7964
24354
7972
7974
24361
24362
7979
24367
24375
40759
7991
40765
7998
24383
24384
40772
8010
24398
40786
40791
8025
24409
24412
40796
24423
40807
8041
24440
40826
8060
40828
40830
8069
8081
40852
40855
8091
24475
8092
40868
24486
24489
24492
40882
24499
8116
24502
24503
24505
40894
8139
24526
40913
24533
8151
24539
24540
40923
8155
24546
40932
8166
24552
24553
40936
24555
40940
40941
40937
8177
40945
8181
24565
40952
40955
8189
40958
40960
40964
24585
24590
24594
40980
40986
24605
8224
40997
41000
41012
24633
41020
24639
41025
8260
8261
8262
24650
24651
8272
24656
41043
8276
41045
41044
41046
8280
24666
24670
8287
41056
24676
8293
24679
24680
24681
41071
8304
41073
8310
24702
41092
41098
41099
8333
8336
41107
24724
8340
24727
8344
41113
24729
24736
8353
8356
41126
24742
24743
24745
41130
24750
8370
8371
8372
41143
24762
41146
24764
24775
8400
24787
41175
24791
8410
8411
24794
24795
41182
24796
24803
41188
24810
41195
8431
41199
24817
41211
24831
8455
41223
41229
41231
41233
41236
24854
8471
24857
8475
8478
24866
8484
8486
24870
41257
24876
8500
41272
8511
24895
8513
24904
8526
41296
8530
24914
8532
24916
41302
41303
24919
41307
41309
24927
24931
8558
41327
41328
8567
8569
41345
24961
8580
8585
24969
8588
24981
8601
8602
41395
8638
8640
8641
41410
8644
41414
8649
8651
25035
25037
8656
41425
8660
41429
8662
8663
41431
8671
25055
25058
8676
41454
41456
41457
8694
25080
25082
41472
41475
8720
41490
41492
8730
8734
25118
8736
8737
41508
8740
25128
25134
25135
25138
8755
25140
41523
25144
25148
41533
25149
8767
8768
25157
25161
8780
25166
41551
41550
25175
25177
41562
25179
41564
41565
25182
8799
25184
25189
8806
41577
25193
25195
25198
25199
8816
8815
41588
41589
41594
25214
41599
41600
25219
8836
41603
8845
25229
8847
25234
41620
41621
41623
25243
8863
8866
41636
25254
25257
8881
25268
8888
41657
41664
25284
25287
8907
8908
25295
41680
25296
8912
25302
41690
25315
25316
41706
25322
8942
8947
41729
8963
41733
8967
8969
25354
8971
41740
41741
25357
41743
41737
41745
25362
25366
8985
8994
25381
8998
41769
25388
25391
9011
9014
9019
9021
9023
25408
41798
25415
25417
9035
25420
25423
9039
41808
41814
25430
9048
25432
9052
41821
25438
25442
9059
41826
41829
41831
25448
25449
25453
9077
25462
9078
41845
41849
41850
9080
25473
9089
9093
25484
41871
25488
41875
41883
25501
41886
9120
41892
25512
25516
41902
41910
41912
9144
41914
25532
25533
25534
9158
25549
25554
41940
9176
9181
25568
9188
25581
9199
41970
25589
25593
25595
9212
25605
9222
25606
25608
41993
42001
9241
25626
25627
25628
42014
9249
42019
42020
9253
25642
25657
25658
25660
42044
25662
25664
25667
9289
9293
9294
9296
25683
42068
9300
9299
25692
42079
9312
42081
42082
25700
42087
25704
42089
25706
42091
42095
42096
9333
9334
42104
9337
9340
42108
25726
25727
42110
9345
42116
42117
9350
25735
25736
42120
9357
25748
42135
42138
42144
9378
42146
42148
9380
25763
9383
42152
9385
25770
25775
25776
9393
42163
42168
42170
9404
9408
42177
42180
42181
9416
25805
9421
42192
25810
25812
42196
42198
25817
25820
42204
9439
25824
9440
25826
9444
9448
25832
42217
25836
9453
9455
9456
42231
25849
25852
25854
42239
9472
42240
9476
42245
9481
42252
42253
25870
25868
25873
9489
9491
42258
9493
9492
25885
42276
25898
9518
42287
9519
42288
25906
9523
9521
9525
9529
9531
9538
42306
42309
9545
25932
25935
9551
25940
9558
25942
25946
25956
42341
9576
25961
42344
25963
9583
42358
42361
42362
9597
9598
42370
9603
25989
25990
42375
9612
26005
42393
26010
26009
9635
9639
42409
26030
26034
26036
9653
26045
42433
9667
42438
26056
26061
9678
42447
42448
9681
26066
42450
9682
42456
26076
26080
9697
42466
9699
26087
9704
9707
42480
26097
9712
42484
26102
42488
9724
42501
42503
42504
9737
26127
9744
9750
42519
26134
26146
42531
42532
42533
26151
9767
26153
9770
42537
26157
26161
42547
26167
9788
26173
26174
42559
9793
42566
26193
26194
42580
9815
42584
9817
42589
26213
42601
42604
42608
42615
26232
26235
9856
42625
26240
9861
26247
9865
26255
9873
26258
42645
42646
9881
42651
26268
9892
9896
26283
9903
9909
9914
26299
9916
9917
26305
9929
42703
42705
42706
42710
9944
26333
26349
42736
42740
42741
9976
42744
26364
42748
9985
9986
26375
9992
26377
9995
42764
10003
26390
42776
10009
10008
42779
42778
42786
26406
42801
42803
10035
26421
10039
42811
10052
10054
26440
42825
26442
26443
10060
42827
10068
42838
10079
10081
26467
42853
10085
42856
26473
10093
42862
10097
26482
10101
42877
10112
42881
26499
26503
42891
42892
26516
10135
42909
10150
26539
26544
42929
26551
42935
42937
26555
42940
26568
42953
10190
10192
10193
42965
10200
42969
42973
10206
26591
26598
26599
42986
10220
42991
42995
26616
10233
43001
10235
26619
43005
10239
10243
43012
26629
26630
26631
10250
26636
26637
10258
26642
26645
10265
10266
43038
43040
43042
10275
26662
26663
10279
10286
43055
43056
43057
26680
26682
26686
10304
10310
43085
26701
43091
26715
43099
10336
43105
26723
26724
43110
26734
10350
26736
26738
43123
26739
26740
10359
26748
43135
26752
10374
26760
10377
26764
10382
43154
43155
10393
26778
43162
26777
43166
43167
43172
43173
43177
43187
26804
43189
10422
26807
43192
10426
43195
10428
43198
10432
26817
43204
10439
26823
43213
10449
26833
26834
10454
10461
26846
10463
43237
10474
26861
10480
43248
26866
26867
10484
10486
10487
10488
43259
43260
10495
26883
10499
26884
43269
26887
10501
10507
26892
10518
10521
26906
26909
10527
43302
26919
26918
43311
10543
26927
10554
10565
26950
10567
26960
26967
26969
10587
43355
43364
10597
43366
26984
10601
43374
10609
26999
43385
43388
27015
43400
27024
27026
43416
10651
43420
43422
43424
43425
27046
10666
10678
10679
27064
10692
27077
43463
43464
27081
27084
43468
27087
43475
27091
43476
10711
43480
43479
43490
10723
27108
27110
10732
27121
27142
27143
10764
43535
43540
10775
10776
43545
27170
43556
27172
27174
10790
43564
10798
27185
43569
43571
10803
10804
27191
27192
10811
43583
43586
10819
43589
10822
43590
43594
10832
10833
43602
27217
27222
10841
27231
27235
43620
27250
27257
27262
43647
43653
27271
27273
43659
43660
27277
43661
10892
27278
10897
10900
43668
43669
27288
27289
43675
27296
27302
27305
10924
43692
10925
43697
43698
27314
10932
27317
43702
43703
43709
10942
27334
43718
10954
27342
27348
27351
10968
27359
10976
43744
43743
10979
10981
43754
10989
27375
10993
43768
27390
27391
43776
11016
11017
11022
11026
43796
11030
43800
11034
11035
43806
27422
27425
43812
43813
43814
11051
27435
43822
27439
11056
43829
27445
43831
43832
11062
27450
11066
27452
27453
11069
27455
43840
43841
43842
11077
11078
11079
27462
43851
27467
43856
27475
27485
43875
11108
27493
11109
43880
43884
43885
27504
27505
11121
27506
43890
27509
11123
27518
43920
11156
27541
27542
43929
27549
11166
43936
11168
27554
43942
43945
27565
27567
43955
43956
11189
11188
11193
27578
43966
27583
27585
27586
11211
27596
43979
27599
43990
11223
11225
43999
27616
27618
11236
11240
27626
11243
11245
44014
11248
11252
27640
11259
44028
27645
27647
27652
27656
44040
27660
27679
44067
27684
27690
44084
11317
27701
27703
27704
27705
11322
11326
44095
27715
44100
27717
11337
44106
44107
11339
44113
27732
11351
11353
27738
11356
27743
44128
44129
11366
11371
27756
27761
44147
44149
27765
44154
27770
44159
44161
27779
44166
44168
11405
44175
11409
44178
44179
11415
27800
27802
11420
11422
44191
44196
11431
44201
27820
44207
11439
11445
11447
27833
27836
44226
44229
27847
11464
44237
11471
27863
11483
11487
44256
44257
11489
11493
44263
11497
44268
27885
44277
27893
27895
11513
11514
27901
27902
11519
11521
11524
27908
11526
11535
44304
44307
27924
27926
44311
11543
44310
27931
27934
27938
44328
44329
27948
44334
11572
44342
44345
44346
11580
11583
27967
11591
27977
27980
11596
44368
27987
27988
27991
44382
11617
28001
28003
11621
11622
11623
44392
11625
11628
11629
28014
28020
44407
28026
28029
28031
11650
11657
44426
28044
44430
28055
11671
11675
28060
11679
28069
11690
44461
44463
11697
44466
28089
28090
28091
28092
28095
11712
44485
28104
28106
11722
11724
28113
44504
11738
11739
28124
28126
44510
28133
11752
44523
11756
11758
28143
11760
11766
11768
44544
28162
11783
44555
44557
28178
11799
28189
11807
28194
44580
11813
11818
11820
44590
28218
44608
11845
28229
11848
11852
28238
44624
28241
44627
44633
11868
28253
11873
11882
11887
44670
28287
28286
11904
44676
11909
44677
28297
28299
44684
11917
28303
11920
44687
28307
28311
28315
11933
44705
28327
28332
11969
44740
44743
44746
44747
11982
44751
11989
28374
11991
44760
28377
28378
28380
12007
12013
44782
28401
28402
12019
12020
44794
44795
44796
12027
28424
28426
12045
44816
44820
28440
28441
12056
12058
12059
28442
12060
44833
12070
12073
12074
12079
12080
12081
28466
28469
28471
44856
44857
44860
44867
12100
28487
28489
12106
28492
28497
28501
12118
28505
12129
12130
44900
44903
44904
44906
44907
12140
12141
28525
12149
12156
44925
44926
44933
28551
12167
12173
12182
44953
12186
44954
12188
28584
12201
12202
12205
28594
28595
44980
28597
12215
12219
44988
28605
28606
28607
44995
28611
44999
12233
12235
28621
45006
12244
12246
45018
28634
28636
28638
12262
12265
45038
12271
12270
12273
12274
28662
45046
28664
28672
45057
28673
12294
28680
12297
45066
28682
45072
28689
12317
28705
12325
12327
12328
28718
12336
28721
45106
28723
45110
28728
45113
28732
12352
12355
45124
28742
28746
12371
45140
12374
28770
45156
45157
12390
45163
45165
28782
12398
12399
12409
45180
45182
12420
45192
45194
45197
45203
28819
45205
45204
45207
12442
28833
28834
12449
28845
28849
12469
45238
28856
45246
28867
45251
45256
12496
12501
45269
28889
12507
12508
45285
28902
45294
45296
12533
28917
28919
45306
28925
28929
12549
45319
12551
45321
28935
12557
45328
12569
45338
12570
45339
45347
45351
28967
28972
12593
12597
28984
12600
28993
28994
12611
12612
45380
28998
12615
12620
45389
29006
29005
29015
29021
29022
45408
12640
12641
45412
45414
12647
45417
45420
12653
29039
12663
29048
12668
29053
45439
29060
12677
29066
45453
45454
29076
12696
29080
29081
45469
45470
45471
29087
12705
29092
12710
45479
45478
12716
29103
45489
29113
29121
29125
45511
45513
45516
29133
12750
12751
45519
29132
45525
45529
12764
12770
29154
29159
12776
45545
12780
45550
45553
12786
12790
29175
12792
12796
45564
12798
12802
12808
12809
12811
45579
29198
12815
45583
45587
29205
29208
45594
45599
45602
29219
45606
12839
29229
45615
29231
45616
12851
12858
29244
29249
12869
29255
29259
12877
12883
12886
29271
45663
29285
12903
12906
29293
45689
29306
29309
45695
45698
12931
45705
29321
12939
29326
45711
29329
45715
45721
29340
12961
45730
45731
29348
12966
45737
12974
29359
12981
29366
29375
12992
29376
29379
12996
29383
29384
13001
45770
13004
13009
29397
29398
45783
13013
45789
29412
13030
13040
29424
29426
45810
45814
13057
45831
45832
45835
29454
45838
29456
45843
13077
29467
13085
45854
45857
45858
45859
13093
45863
45875
45878
13110
45881
29500
45885
45886
13120
45893
45898
29515
13132
45903
13136
29523
45909
45910
13147
29532
45915
45918
45916
45921
13153
45924
13158
45927
13166
45934
13169
13173
13174
29561
29567
45956
45963
29579
29581
29580
45967
13200
45969
13202
13203
13206
29594
13214
45983
29603
45991
13223
13228
45997
13230
29615
13229
13236
46005
29626
29630
13246
13248
13251
13252
13254
29645
29649
29650
46035
46034
13286
46056
46062
13298
29687
29691
46075
13311
29703
29704
46088
29706
29707
46094
46095
29712
29713
29717
46103
29721
46107
13350
46120
46123
46124
13360
13375
13376
46145
29764
46157
46159
13392
46162
13394
29783
13402
46179
29803
13420
29807
29809
29812
46200
46201
13434
29819
13436
46205
13437
13439
29823
46206
29828
46213
29836
29838
29839
46225
13461
29846
46231
13465
46235
29865
13483
29871
29874
13491
13492
29884
29885
13506
46275
29890
29893
46276
46277
13513
29902
13519
46289
13524
46293
13527
29915
46303
29920
46312
13546
46315
46321
46325
29942
46329
29946
13561
46333
46335
13574
29961
13579
29963
13586
46357
13592
46360
13594
13595
29980
13600
13602
13603
29988
46372
46370
46376
13609
13615
13624
13627
30013
46399
13639
30023
13643
46412
13652
46424
30045
30048
13666
13668
30054
13671
46441
13673
13674
13676
30061
30063
46448
13683
46453
13685
13686
13689
30075
30077
30081
46466
46468
46469
30090
46475
46478
13711
46479
13713
46481
46483
13719
13731
30117
13738
30122
46509
13742
46510
46512
46514
30135
30138
13754
13756
13759
30145
30148
46539
46541
46544
46560
13794
30180
13802
46571
46577
13816
30200
30201
46584
13822
13823
13824
13830
46600
13835
13836
46604
13840
13842
13846
46615
13848
13857
30244
13862
30251
30258
46653
30269
46655
13898
30282
46669
30288
46675
46677
13912
46682
13914
13920
13922
30310
30311
30313
30316
46706
46708
30325
46710
46712
46716
30333
30332
13948
30337
13955
13956
46725
46727
13960
13970
30370
46766
13999
14001
30389
30395
30409
14029
46797
14033
14034
30417
46805
46807
30430
46819
14054
30444
46836
14069
30456
30458
14079
30469
30473
30475
46864
46868
46869
30493
30494
46881
30502
14120
30505
14125
30513
14132
46902
46907
30531
30532
46919
30535
14153
46923
14156
30541
14161
30548
30549
14166
46935
46940
14174
30560
46945
46947
14180
14185
30572
30577
30579
30584
14209
30594
14216
46991
14227
30612
14231
30617
30620
30624
47009
14241
47018
30636
47022
14254
30643
14259
30646
30653
47042
14275
30660
30667
30669
30672
30675
14294
47063
47062
14297
30686
47074
14309
14312
30696
14313
14315
30703
14320
47093
30709
47095
47098
47099
30716
30718
30719
14335
47104
47106
14343
47111
47131
30750
14366
30752
30753
47134
14369
14373
14378
30763
14379
30765
30766
30767
14383
14382
30770
14389
30777
14394
47170
30787
47172
47173
14405
47176
47182
47184
47190
14423
30806
14425
30812
47196
14432
47201
30817
14434
47202
30818
14435
47203
30819
47209
30833
14450
47222
14455
30840
30838
47230
30847
14463
14469
47248
30867
14486
14487
47258
47259
14494
47268
14502
47271
14504
14503
47274
47295
47296
30912
47298
30914
14532
47301
47297
14536
30922
14539
30924
30926
30927
47316
14554
30943
30945
47329
30951
14568
47337
14574
14575
14577
14578
14588
47362
14595
14601
14605
30994
47379
14612
47386
14619
31005
31010
14627
47396
31022
31023
14640
31025
14650
31038
31040
31043
31046
47437
47438
47439
14669
31057
14675
47444
31059
14678
14691
31077
14698
31086
31091
47479
47492
14727
47500
31116
14734
14739
14745
31130
31132
31136
14755
47524
47525
14758
31144
47534
14774
31159
14775
47544
14778
31164
31165
47555
47556
31173
47560
47565
31185
31186
31189
14811
14812
31199
31202
14820
47589
31207
14825
47594
31215
14837
14841
14842
14843
31228
14845
31231
31232
14850
47620
47621
31240
14859
14861
31248
47632
14866
14875
14883
47659
47662
31280
47672
47674
31293
47678
14911
14909
47682
31302
31308
31309
14927
14929
14930
47698
14931
47699
31318
47705
31333
47719
31337
31338
14955
31342
47730
14964
14965
47739
31356
31359
14975
14987
47756
31373
47759
47763
15008
47781
47783
15017
31405
31407
31411
15032
47812
31428
47814
47816
15050
47819
31435
15053
15059
47832
31454
31455
47840
47841
15076
47847
31465
47850
15084
15085
31482
47868
47870
31487
15102
31486
31496
47882
47885
31502
31506
47894
15129
31515
47903
47906
15139
31524
31525
47909
15147
31532
31533
31551
15171
31556
31558
15175
47943
31562
31563
31566
15185
47954
31572
15189
47957
31575
15192
15195
31580
15202
31592
15211
47980
15216
15217
15218
15219
31609
31610
15225
15228
47998
15233
48002
31619
31621
48005
48016
15252
31636
31638
15255
15259
48030
31649
48033
48036
15269
31654
15273
48045
15279
15282
15285
48053
15286
15292
31681
15297
48066
31685
15303
48074
31691
31695
15312
15318
15320
48088
48090
48089
31707
31713
31717
48102
15336
31725
31727
48119
31735
31737
31742
15360
48131
31756
48141
31759
31766
15383
31768
48151
48156
48157
31773
48160
15396
31785
31786
48170
31795
15412
48181
31798
15416
15417
15425
31812
15429
48199
48200
15432
31820
15443
15445
48217
48218
48220
31842
15463
48233
48239
31859
31863
48247
31865
31870
48259
15492
48264
31883
48270
15503
31888
31894
48279
31899
31900
48285
15519
31904
31907
15542
31927
48314
48320
15554
15557
48327
15561
48330
15564
31949
15574
48346
31965
48354
31974
48360
48361
31978
48362
15598
15603
31991
15610
48378
15612
48381
48391
48392
48404
15640
15650
32035
15653
32038
15658
48427
32056
32060
48444
15678
32063
48448
48452
32074
15702
15703
15706
32090
15711
32097
48482
32099
48484
48489
15722
32109
48499
48501
48505
15739
48510
32127
32137
15754
48523
15755
32140
15753
32139
32145
48531
32151
48535
15769
15772
32159
48549
48550
48553
48571
15804
48572
15808
32195
32196
48583
15817
48587
15822
48594
48599
48608
32224
32228
15846
32231
15858
15860
48632
32250
32251
48638
32265
32268
15886
15888
32274
15890
48659
32277
48658
15895
32281
48666
32284
15902
32289
32291
48677
15910
48681
48683
15919
15920
32304
32306
32309
15929
48699
48702
48708
48709
32324
15944
32333
48722
32340
15960
48730
32348
48733
48737
48739
32360
32363
15981
15987
15989
32374
32377
48765
48782
16015
32399
16017
32404
32409
32410
48796
48799
48800
32420
16037
32423
32425
16043
48814
32430
16049
16057
32442
48830
16066
16067
32454
48842
48846
48849
48850
32465
48852
16087
32472
32471
16091
32477
16097
32483
16105
16111
16113
16116
48885
48884
32504
16131
48904
48906
48907
32524
32529
32532
48922
32540
16157
48926
48924
32548
48939
48944
16177
16178
48951
48952
16185
48957
16190
16196
16199
32585
16207
48976
32594
16225
32614
49001
16236
16239
32626
32629
16245
32632
49017
32634
16249
49020
16255
32642
32647
32649
49044
16277
49048
49053
49054
49056
49067
32684
32693
16311
49079
16314
16318
16319
16321
32705
32707
16324
32709
49099
32720
49104
49105
16337
49117
49118
16351
32751
16369
49137
49139
49138
16374
16375
32762
