16389
32774
5
49159
16392
49164
16397
32783
16402
32788
21
32795
16413
32797
30
32803
49188
49191
41
16427
32812
16431
16436
49205
54
16441
32825
49212
32829
32835
49223
49224
78
80
32852
85
49238
32858
32862
49251
49252
99
103
108
32877
16493
16496
32884
49271
16510
134
49288
16521
140
16524
32910
16528
32913
49298
16530
49301
32918
32922
32924
49316
16555
32941
32943
184
32956
32959
16578
32968
213
32981
16597
49366
16603
223
32994
227
228
49385
33003
237
33006
33012
49396
49398
16632
259
33033
33035
281
33050
33052
33058
49443
49444
293
49447
298
299
300
33073
305
308
16693
16694
16696
33081
16698
33083
16700
314
49470
318
49472
16703
16706
33090
49474
16701
49480
16714
330
33102
33107
49493
49495
344
16729
346
345
347
349
16733
16735
351
33112
355
16743
360
16746
33131
363
16751
16757
33142
33143
16760
16764
33149
33151
49536
49539
49545
33162
49548
16781
49550
16782
397
396
33170
16789
49558
16791
33176
16797
33193
426
430
49584
49589
439
33209
49594
49600
449
33216
49603
16837
457
49609
16842
470
33241
16860
480
33249
33253
487
33260
493
494
33264
49653
49656
507
49660
49659
49663
16896
33282
33288
16908
33294
16912
16916
534
33305
540
33310
33314
49701
33318
33319
553
33323
33328
562
16950
49725
577
583
16967
16969
33351
16971
588
33363
595
16983
605
16994
16998
33393
625
49780
17013
17015
33402
634
49792
17027
33412
646
648
650
653
33424
17040
49811
49812
49819
33435
17051
49823
17059
680
49843
691
49854
49856
705
17089
33473
49861
709
49862
17096
33484
33493
17110
725
728
49881
733
49890
17123
740
747
17134
33520
33525
49914
765
33533
49921
774
49929
33546
17165
783
17170
17171
17175
796
49950
33567
17189
17190
33575
808
33574
33580
17202
33589
33591
33592
17210
49978
33596
830
832
49984
33603
33604
839
841
49996
846
17231
33616
33615
852
33621
854
17242
858
864
33635
33638
33645
882
17268
33658
17278
17279
17289
17290
17293
912
17297
913
17300
918
919
924
930
33700
17319
17320
17321
33708
943
956
17340
958
17355
33741
976
33747
33755
33756
17373
994
995
17385
17387
33777
17404
17405
33792
1031
33801
1036
33806
1041
33810
33820
17436
33829
17446
1064
17448
33834
17451
17449
17461
33856
17488
1104
17493
33879
17499
33888
33890
17520
33906
33907
1140
33913
17534
33919
1152
17538
1154
17541
33934
33938
17555
1174
1178
17563
1181
17568
17573
17574
33965
1202
17588
17589
33977
1213
33984
17603
17604
33988
1234
17620
17624
1242
1243
17628
17627
17631
1248
17635
34023
34024
17641
17644
34033
1268
34037
1274
34050
17678
17700
34088
34090
1322
34092
34094
34098
34102
17721
34109
1351
34121
17740
17751
17757
1374
17762
34147
1380
17765
1383
17769
1385
1387
17776
17780
17781
34167
1400
1403
34174
1408
34180
1418
1419
1420
1421
1423
1425
34198
1435
17819
1438
1440
17826
1449
17834
17837
34221
1457
1459
1460
17850
17853
17855
17860
17865
17867
34254
1489
34259
1495
17880
1500
17885
34276
1513
17898
1517
1525
1527
34297
34299
1536
34308
34314
17931
1551
17937
34327
34330
17958
1576
34356
1591
34360
1596
17980
17988
1613
1625
18014
1631
34411
34412
18029
34414
18032
34420
34432
34438
1673
34441
34444
1687
1688
34458
1691
1695
34465
34466
18083
1703
18088
1705
18090
18089
18092
34476
1710
1713
18100
1719
1722
1724
1725
34495
34501
1735
18129
1747
18141
34529
1761
34531
1766
34535
1768
34537
18153
18161
18163
34550
18170
34562
18178
1798
34568
1800
18189
1816
18204
34593
18211
1830
18216
1834
34607
34611
1847
34618
18234
18241
18245
34632
18249
18256
1884
18269
34655
34658
34661
34663
18287
18288
18291
18293
18294
1912
18298
18304
34694
1928
18318
34703
1935
18324
34711
34714
1950
34719
18341
18344
34744
1976
1978
34747
1979
1980
18368
1985
1990
1993
34761
18380
34771
18387
2006
34776
18393
2010
34795
34796
34797
18416
18420
2044
18432
2048
18436
2053
34822
34823
34826
34828
34829
34835
2071
18458
34846
2081
34852
18469
18470
34854
34857
2103
18489
2108
18496
2115
2116
2117
2120
18506
34891
18507
18510
2127
34899
18525
2143
18528
18529
18530
2149
34923
34924
2155
2163
2165
18556
34941
2181
18565
2182
34958
34960
18578
34965
34966
2202
2205
34975
34978
18607
2226
18613
35001
2235
35006
2240
35011
2247
18637
2254
18639
2262
35031
35040
18657
35042
2275
2279
18665
18670
35055
35068
2305
2308
18694
2311
35082
35083
2316
35084
35091
35094
2326
35098
18716
2339
35111
35121
2356
35127
18743
35129
18765
35149
35150
18768
35152
2386
2384
35163
2398
35171
2409
35188
18807
35193
2430
18815
2432
35209
2442
18827
35216
2452
18840
35228
18845
2461
35231
18847
35235
35237
35250
18868
2494
35263
35268
35269
18894
2514
18902
35307
2540
35314
18931
18937
2554
18944
18945
2565
35338
2572
2577
18966
2583
35352
35355
18972
18976
35362
2595
35365
18987
18988
18991
35378
2610
18995
35397
19019
19022
19024
35409
2641
35414
2647
35417
19043
19044
35427
35438
19063
2680
19071
35456
2692
35467
35470
35477
2711
2722
19107
2724
2723
2726
19109
35500
19117
2741
2744
35515
2751
2755
2763
19157
2775
2782
35551
19169
2788
2789
19176
2796
2800
2808
19193
35586
19206
35591
2824
2826
2830
35598
19216
35604
35608
35611
2843
19229
19236
19252
35639
2873
35644
2881
19272
2893
2902
19294
2911
19295
19300
35686
2924
19318
19329
19334
35719
19335
35718
19340
35730
19356
2977
35753
35754
19374
19375
2992
35761
19378
35772
3010
35782
19420
19429
3049
19436
3054
3059
3069
35838
19455
19453
35844
35846
35847
3080
19468
19480
35873
3105
3107
49464
35879
3113
35882
19499
35894
19515
3131
35901
19519
3137
3141
35919
19544
3165
35936
3172
35944
35945
3183
19569
19571
35958
35963
19580
3201
19586
35971
35972
19589
3209
19599
3221
3222
35994
19611
3232
3237
36005
3242
36013
19632
19633
3254
3255
19641
36028
19646
36033
36034
19662
36054
3286
19672
36061
36068
19685
36070
36072
36075
3309
3312
36085
19702
19708
3325
3327
3333
19719
3335
36103
19720
3351
3354
36131
36132
3365
19750
3367
36137
19753
3369
36141
19763
36152
36159
19775
19782
36169
36173
19793
3411
36180
3415
36186
19804
36193
36202
3435
3436
36207
19831
36218
36220
3456
36225
36228
3462
19847
36234
3467
3468
36244
36246
3482
36254
3489
3493
19881
36266
36268
36272
3505
36278
36282
19901
3519
36287
3530
36299
36300
3536
19925
19926
3543
3545
3548
3549
3565
19950
3569
3572
3580
36353
19973
3592
3594
36365
36367
19985
19988
3609
36378
20003
20010
36398
20016
36401
20024
36409
36410
36412
3647
3649
3651
36437
20053
3669
3674
3679
20069
20070
36453
3692
20077
3705
36473
20092
36480
20097
36486
36493
20112
20114
36518
36521
36525
36530
36534
3767
20152
20153
3771
20168
36557
3789
20182
36566
3807
3814
20200
36587
3820
36591
20208
3826
20210
3828
20212
3833
36605
20222
36613
36615
3849
20234
20237
3861
3865
20252
3869
20254
3874
20259
20263
3884
20269
20272
3888
20273
3891
20277
20278
36662
36669
3911
36694
20310
36696
20317
3934
3938
20328
20330
20331
3948
20333
3947
20338
3955
20342
3966
3968
3971
20355
36744
20360
3981
36749
3982
20372
36757
3992
20377
36761
3994
20383
36772
36775
4010
36780
4012
4025
4026
36795
20418
36821
4054
20440
4058
4062
36831
20448
20455
20458
36843
36848
36849
4086
36858
4094
20479
20484
4109
20493
20495
20501
20503
20506
4132
36903
36907
36912
4151
20535
4160
4161
20546
20547
20553
36937
36938
20556
36944
36945
20562
36949
20574
36958
4193
4194
20582
4201
4204
4205
36974
4206
36982
36994
4229
37001
4234
37003
20622
4239
20638
37025
4258
37032
20651
4268
20654
4273
37043
20661
37046
37048
4283
37052
37055
37056
37059
37060
37070
37077
20695
20700
4326
20710
4329
4330
4334
37102
20737
4354
37125
37128
37135
37140
4372
20759
4375
20763
4379
4386
4388
37166
4400
37176
20793
4410
20796
4418
37187
4424
4428
37202
20819
20826
37217
37218
4452
20845
4463
4464
37233
37239
20857
4475
20871
4501
37271
20896
20897
4512
20902
20906
20907
20911
4535
37305
37311
37319
37331
37332
4568
20953
4572
20990
4608
4618
37394
4630
37399
4646
37415
4651
4654
21040
37424
21045
4663
37433
21053
21054
21059
21060
4675
21074
37459
21079
4696
37470
21089
37475
21092
4709
37477
4707
21102
4727
21113
21115
37513
37517
4753
21140
37531
4767
4769
37546
37553
21169
37562
37566
21191
37581
37586
21204
21205
4825
21222
37610
4844
37612
4849
4855
37642
21259
37644
37645
4878
4881
4895
4900
21285
4902
4918
37687
21306
21313
37698
21315
37700
37702
21319
4934
4940
37708
4954
21338
37725
21359
37746
37747
21362
37750
21370
37758
4991
4993
21379
5003
5010
37779
5016
5017
21402
21401
21406
37793
37798
5033
37804
5041
5045
5046
37813
37817
21435
37825
5064
5065
5069
5072
5076
21463
21465
5084
5085
37856
21474
37863
5097
37869
5101
21493
5110
21496
21500
5119
37890
5129
37900
5132
37906
37912
21530
21532
21536
37923
21540
37924
37941
5177
37947
5181
37955
21574
5193
21578
37976
5208
37982
5215
37985
5226
21612
37999
5233
21630
5248
38018
5255
38032
5266
38038
5271
5272
38043
5278
38048
38049
5287
5292
21676
5302
38070
21689
21691
5314
5319
38087
21709
5327
38099
38103
21725
5345
21730
5351
21735
21739
21740
21742
38127
38129
21747
38131
5367
21753
38138
5370
21763
21772
38159
21776
5392
5398
38167
5406
21796
5413
5414
21801
5421
38190
5424
21810
5429
21814
21818
21821
38215
21832
5458
5469
21858
5477
5478
21863
21869
38253
21876
38262
21884
5500
38270
21888
38274
21892
21893
21895
5517
38288
5521
21909
21910
38298
38300
5535
38311
5544
38318
5552
38322
5555
21940
5560
21945
38330
5565
38342
21959
5578
5580
5581
21965
5583
38352
5584
38350
21976
5594
21990
38376
38380
38382
22000
22001
38388
38389
38392
22011
38398
22018
22025
38410
38417
22034
22035
38420
5657
22041
38428
5670
22055
5675
5680
5684
22069
38456
38462
22080
5698
38467
38471
22090
38477
38479
5715
22107
38495
38499
22138
5760
38529
5766
5770
38546
38547
22164
38562
22179
5800
22189
5809
22195
38589
5821
22205
38593
22210
5828
38597
38598
22215
5831
38599
22218
38606
38613
22232
5856
22240
5859
5864
22250
5871
22256
38645
38649
22265
22266
38652
22268
38654
5886
22273
22278
22279
38664
38665
38668
5902
22288
22289
5906
38677
22295
22299
38686
38691
22307
22308
38692
38705
5942
5947
22338
22339
22347
22355
38745
22363
38751
22368
38753
22376
38769
6014
6019
22404
22405
6026
22412
22416
22418
38804
38805
38810
6044
6047
22436
6053
22440
22445
6071
22476
22481
22492
6109
38878
22498
38887
38893
38895
6129
38898
38906
6142
22528
38917
22535
6151
6154
38924
6158
22543
38935
38938
22555
22557
38942
38943
22562
38948
22565
6186
38958
6192
38960
6193
6195
6199
6214
22598
22601
22610
38997
6230
6240
6242
6244
22632
22633
39019
6252
39021
6253
6256
6262
6265
39038
6279
39049
39052
39055
22674
39059
6294
39066
39070
39071
39072
22700
6317
39089
39090
6325
22715
22716
6334
22721
39109
6343
6345
6347
22732
6349
39121
22737
6353
6354
39126
39127
6373
6376
6377
22763
39152
22769
22771
22772
39159
39161
6398
6399
6402
39175
22798
22800
22801
39185
22803
6422
39191
22816
6433
39205
6447
6448
6462
22847
39235
22855
39241
22860
6483
39252
6490
6496
22886
39271
6506
22896
39282
39285
6518
22903
22910
39297
22913
39301
39304
22930
6547
22931
22934
39329
39346
22964
22966
6594
22982
6598
6608
22997
39384
6617
6619
23009
39395
39397
39398
39399
39411
6645
23029
6656
23042
6666
6668
39436
39439
39445
23074
39464
23086
39471
39472
6706
6707
23092
6710
39480
23100
39486
39488
23108
39492
6726
6728
6730
6731
6733
23117
6736
39504
6738
39506
23130
39519
6751
6757
23147
39538
6773
23159
39545
6781
6782
39550
6784
39553
39557
6791
6792
6794
23179
6804
23189
39579
6815
23202
23207
6826
6829
39604
23221
23224
39616
39623
39624
39625
23245
23249
39634
39640
6878
39651
23268
39652
39666
6907
6909
39679
6916
39686
6918
23311
39696
39695
23318
23323
6940
23324
23335
6952
6962
39734
23353
6976
39747
23367
39759
23377
23378
39762
39767
23389
23394
23396
7013
7014
39783
7019
7022
23410
23415
23418
7038
39813
7047
23440
7059
7063
23455
23457
23463
7079
7091
39860
39861
39863
39866
23483
39875
7108
23492
23494
39880
39881
23496
23500
23501
7121
39891
7127
23515
7132
39903
23520
23524
23525
7144
23534
7151
23539
7156
23541
23542
7159
39923
23545
23548
23552
7169
7171
23557
23561
23566
23567
7185
23569
23574
23578
39971
7213
7220
39989
39996
23614
23616
7234
23618
23620
40006
40010
7243
7247
23635
23641
7267
23653
23654
40042
23658
7280
7283
40055
7293
40064
23682
7303
7305
7312
7313
7319
40091
7327
40097
7332
23719
40104
40113
23732
23739
7365
7370
40144
7380
7384
7385
23770
7387
23772
40154
7396
23788
40178
23801
23802
40189
23806
7428
40201
23828
23830
7447
40216
7452
7454
40232
23849
7466
23853
40239
40246
40247
7480
23866
40251
7485
23875
7491
23881
7503
23891
23892
23893
23895
40281
7513
7520
40298
7530
7534
40303
40304
23922
7540
40308
23924
7545
7548
7549
7562
23947
40334
7566
7573
7581
40350
23971
40359
7597
23985
7606
7609
23998
40389
24006
24020
40415
7648
40417
7654
40426
7661
7662
24052
24056
40442
7676
40444
7678
24064
40449
24069
24071
7689
40458
7700
7706
7708
40476
40478
40485
40487
7719
40489
24104
7720
7726
24115
7742
24128
40516
40518
40524
24140
40528
24145
40533
7769
40539
7781
7784
40557
40558
7795
7797
24183
40568
7803
24193
24201
7817
24204
40591
7824
24207
24214
7839
7842
40616
7857
7859
7861
24249
7867
7868
7873
24258
24261
24263
24270
7887
40660
7895
40666
24283
40675
24306
40700
7937
40710
40713
40715
7955
24339
40725
40727
24344
7959
7963
24354
7972
24361
24362
24367
24375
40759
7991
40765
7998
24383
24384
40769
40772
24398
40791
24409
8025
24412
40796
40807
24440
40826
8060
40828
40830
8069
8081
40852
40855
8091
24475
40868
24489
8106
24492
40882
24499
8116
24503
24505
40894
8139
24526
40913
24533
8151
24539
24540
40923
40932
8166
24552
40937
40936
24553
40940
40941
8177
40945
8181
24565
40955
40958
40960
40964
24585
24590
24594
40980
40986
24605
40997
41000
24633
41020
24639
41025
8260
8261
8262
41035
24651
8272
41044
41045
41046
8280
24666
24670
8287
24676
24679
24680
24681
41071
8304
41073
41076
8310
24702
41092
8333
8336
41107
24724
8340
24727
8344
41113
24729
24736
8353
41126
24743
24742
24745
41130
24750
8371
8372
41143
24762
24764
24775
8400
41175
24794
8410
8411
41182
41188
24810
41195
8431
41199
24817
41211
24831
8455
41223
41231
41233
41236
24854
24857
8475
24866
8484
8486
8500
41272
8511
8513
24904
41296
8530
24914
8532
24916
41302
41303
41307
41309
24927
8544
24931
8558
41328
8567
8569
41345
24961
8580
8585
24969
8588
24981
8601
8602
41395
8638
8640
8641
8644
41414
8649
8651
25037
8656
41425
8660
41429
8663
41431
25055
25058
8676
41454
41456
8694
25080
25082
41475
8720
41490
41492
8730
25118
8734
8736
8737
41508
41509
8740
25128
25134
25135
25138
41523
25140
8755
25144
25148
41533
25149
8767
25157
8780
25175
25179
8799
8806
25193
41577
25195
25199
8816
41588
41589
8824
41594
41600
25229
8845
8847
25234
41620
41621
8863
8866
41635
41636
25254
25257
8881
25268
8888
41664
25284
25287
8907
8908
25295
41680
8912
25296
25302
41690
25315
25316
41705
41706
25322
8942
41729
8963
41733
8967
8969
41737
8971
41740
41741
25354
41743
41745
25366
8985
8994
25381
8998
41769
25388
9011
9019
9023
25408
41798
25415
25417
25420
25423
41808
41814
25430
9048
25432
9052
25438
25442
9059
41829
41831
25453
41838
41845
9078
9077
25462
41849
41850
25473
9089
9093
25484
41869
25488
41875
41883
25501
41886
9120
41892
25512
25516
25518
41902
41912
25533
25534
9158
25549
25554
9176
9181
25568
9188
25578
41970
25589
9212
25605
9222
25606
41993
42001
9241
25626
25627
42014
9249
42019
42020
9253
25642
25657
25660
42044
25664
25667
9289
9293
9296
25683
42068
9299
25692
9312
42081
25700
42087
9320
25704
25706
42091
42095
42096
9333
9334
42104
9337
42108
9340
42110
25727
9345
42117
9350
25736
42120
9357
25748
42135
42138
25754
42144
42146
9378
9380
42148
9383
9385
25770
25775
25776
9408
42180
9416
25805
42192
25810
42198
42204
9439
25824
9440
9448
42219
25836
9453
9455
9456
42231
25849
25852
42239
9472
42240
9476
42245
9480
9481
42252
42253
25870
25873
42258
9492
9493
25885
42276
9518
9519
42287
9521
25906
9523
42288
9531
9538
42306
42309
9545
25932
25935
9551
25940
9558
25946
25956
42341
42344
25961
9576
25963
9583
42358
42361
42362
9597
9598
9603
25989
25990
42375
9612
26005
42393
26010
9635
9639
42409
26036
9653
9657
42433
9667
42438
26056
26061
9681
26066
42450
9682
42456
26076
26080
9697
9699
26087
9704
9707
9712
26097
42484
26102
42488
42503
42504
26127
9744
9750
42519
26146
42533
26151
26153
9770
26157
42546
42547
26167
26173
26174
42559
9793
42566
26193
26194
42580
9815
9817
42589
26213
42601
42604
42608
26232
26235
9856
42625
9861
9865
26255
9873
42645
42646
9881
42651
26268
9892
9896
9903
9909
9914
26299
9916
42703
26319
42705
42710
9944
26333
26349
42736
42741
9976
42748
9986
26377
42764
26390
10008
10009
42778
42779
42776
42786
26406
42801
42803
10035
26421
10039
42811
10052
10054
26440
42825
26442
26443
10060
42827
10065
10068
42838
10071
10079
10081
26467
42853
10085
42856
10093
10097
26482
42877
10112
26499
26503
42891
42892
26516
10135
10150
26544
42929
42935
26551
26555
42940
26568
42953
10190
10192
42965
42969
42973
10206
42978
42984
42986
10220
42991
26616
10233
43001
10235
26619
43005
10243
43012
26630
26631
10250
26637
26642
26645
10265
10266
43035
43038
43042
10275
26662
26663
10279
10286
43055
43057
26680
26682
26686
10304
10310
26701
43085
43091
26715
43099
10336
43105
43110
10350
26736
26739
26748
43135
10374
26764
10381
10382
43154
43155
26777
26778
10393
43162
43167
43172
26804
43189
10422
26807
43192
43195
10428
43198
10432
26817
43204
26823
10439
43213
10449
26834
10454
10461
26846
43237
10474
10480
43248
26866
10484
10486
10487
10488
43259
26883
10499
26884
43269
26887
10507
26892
10518
10521
26906
10527
43302
26919
26918
43311
10543
26927
10554
10565
26950
10570
26967
10587
43364
43366
26984
10601
43374
10609
26999
43385
43388
27015
43400
27024
27026
43416
43420
43422
43424
27046
10666
10679
27064
10692
27077
43463
43464
27084
27087
43475
27091
10711
43480
43490
10723
27108
27110
10732
27121
27129
27142
27143
10764
43535
43540
10775
10776
10778
27170
43556
27172
27174
10790
43564
10798
10803
10804
43571
27192
10811
10814
43583
43586
10819
43589
10822
10832
27217
10833
43602
27222
10841
27235
43620
27242
27257
27262
27271
27273
43659
43660
10892
27277
43661
43668
10900
43669
27288
10905
27289
43675
27296
27302
27305
43692
10924
10925
43697
27314
10932
27317
43702
43703
10942
27334
43718
27342
27348
27351
10968
43743
27359
43744
10979
10981
43754
10989
27375
10993
43768
27390
43776
11016
11017
11022
43800
11034
11035
43806
27422
27424
27425
43812
43813
11051
43822
27439
11056
11058
43829
27445
43831
43832
11066
27450
11069
27453
27455
43840
43841
11077
11078
43851
27467
43855
27475
27485
43875
11108
11109
43884
43885
27504
27505
27506
43890
11123
27509
27518
43920
11156
27542
43929
11166
11168
43942
43945
27565
27567
43956
11189
11188
11193
27578
43966
27583
27585
27586
11211
27596
43979
27599
43990
11225
43999
27616
27618
11239
11240
27626
11243
44014
11252
27640
11259
44028
27645
27647
44040
27656
27660
27681
44067
27684
27690
44084
11317
27701
27703
27704
27705
11322
44095
27715
44100
27717
11337
44107
11339
27732
11351
11353
27738
11356
27743
44128
44129
11366
11371
27756
27761
27770
44154
44159
44161
44166
44168
11405
44175
44178
44179
27800
27802
11420
11422
44191
44196
11431
44201
44207
11445
11447
27833
27836
44226
44229
27847
11464
44237
11471
27863
11483
11487
44256
11489
44257
11490
11493
44263
11497
44268
27893
44277
27901
27902
11519
11521
11524
27908
44304
44307
27924
44310
44311
27928
11545
27931
27934
44328
44329
27948
44334
11572
44342
44345
44346
11580
27967
11591
11596
44368
27987
27988
27991
44382
11617
28003
11621
11623
11628
11629
28014
44402
28020
28026
28031
11650
11651
11657
44426
44430
11671
28055
28058
11675
28060
11679
11690
44461
11697
44466
28084
28089
28090
28091
28092
11712
28104
28106
28113
44504
11738
11739
28124
28126
28133
11752
44523
11758
28143
11768
44544
28162
11783
44555
44557
28178
11799
28184
28189
11807
28194
44580
11818
11820
44590
28218
11845
11848
44624
28241
44627
44633
11868
28253
11873
44647
11882
11887
28286
28287
44674
11909
28297
28299
11917
44687
11920
28303
28315
44705
28327
28332
11969
28355
44743
44746
44747
11982
11989
28374
44760
28377
12001
12013
44782
28401
28402
12019
12020
12027
44798
28418
12036
28424
28426
44816
44820
12056
28440
12058
28441
12060
28442
12059
44833
44834
12070
12073
12074
12079
12080
12081
28466
28469
28471
44856
44857
44867
28489
12106
28492
28497
28501
12118
28505
12129
12130
44900
44903
44907
12140
12141
28525
12149
12156
44925
44926
44933
12167
28551
12182
12186
44954
28584
12201
12205
28595
44980
28597
12215
44988
28605
28606
28607
44995
28611
44999
12233
12235
28621
12244
12246
45018
28636
28638
28642
12262
45038
12271
12270
12274
28662
28672
28676
12294
12297
45066
45072
28689
12317
28705
12325
12327
12328
12336
28721
45106
45110
28728
45113
28732
12355
45124
28742
28746
12371
45140
12374
28770
45156
45157
12390
45163
12398
28782
12399
12409
45180
45182
12420
45192
45194
45197
28819
45203
45205
45207
12442
28830
28834
28845
12469
45238
45246
45251
45256
12496
12501
28889
12507
45294
45296
28917
28925
28929
12549
28935
45321
12557
45328
12569
45338
45339
12570
28964
45351
28972
12593
12597
28984
12600
12609
28993
12611
12612
12620
45389
29006
29015
29021
29022
12640
12641
12642
45408
45412
12647
45420
12653
12663
12668
45439
29060
12677
29066
45453
45454
29076
12696
29080
29081
45469
45470
29087
45471
12705
29092
45478
45479
12710
12716
29103
29113
29121
29125
45516
29132
29133
12751
45519
45529
12764
12770
29154
29159
12776
45545
12780
12786
29175
12792
12796
12798
12802
12808
12809
12811
29198
45583
12815
29205
29208
12825
45594
45599
45602
29219
45606
29229
45615
45616
29231
12851
29244
29249
12869
29255
29259
12883
29271
45663
12903
29293
45689
29306
29309
45695
45698
12931
45705
29326
45711
29329
45715
45721
29340
12961
45737
12974
29359
29366
29375
29376
12992
29379
12996
29383
29384
45770
13004
13009
29397
29398
45789
29412
29426
45810
45814
13057
45831
45832
45835
45838
29454
29456
45843
13077
29467
13085
45854
45858
45859
13093
45863
45875
45878
29500
45886
45887
13120
45893
45898
29515
13132
13136
29523
45910
13147
29532
45916
45918
13153
45921
45924
13158
45927
45934
13169
13173
13174
29561
29567
45956
45963
29581
45967
13200
29583
13203
29594
13214
45983
45991
13223
13228
13229
45997
29615
13230
13236
29626
13248
13251
13252
13254
29645
46034
46035
13272
46056
13298
13299
29687
29691
29703
46088
29704
29706
29707
46094
46095
29717
13350
46120
46123
46124
13360
13375
13376
29764
46159
13392
13394
46162
29783
13402
46171
46179
13420
29807
29809
29812
46200
46201
13434
13436
46205
46206
29823
13439
46213
29836
29838
29839
46225
13461
29846
46231
13465
29865
13483
13491
13492
29885
13506
46275
29890
29893
46276
13513
29902
13519
13524
46293
29915
46303
29920
46312
46315
46321
46325
46329
13561
29946
46333
13565
46335
13574
13586
46357
13592
13594
13595
29980
13602
13603
29988
46372
46371
46376
13609
13615
13624
30013
46399
30023
13639
13643
30029
13646
13652
46424
30045
13666
13668
13671
46441
13674
13676
30061
30063
46448
13683
46453
13685
13686
13689
30077
46466
46468
30090
46479
13711
46481
13717
13719
13731
30117
13738
30122
46509
13742
46510
46512
46514
30135
30138
13754
13756
30148
46539
46541
46544
46560
13794
30180
46571
46573
46577
13816
30201
30200
13822
13823
13824
13830
46600
13835
13836
46604
13840
13842
13846
46615
13848
46617
13857
30244
13862
30251
30258
46655
13898
46669
30288
46675
13912
46682
13920
13922
30310
30311
30313
30316
13936
46706
46708
30325
46710
46712
30332
30333
13948
13955
13956
46725
13960
13970
30370
46766
13999
30389
14007
30395
30409
46797
14029
14033
46805
46807
30430
14050
14054
30444
46836
30458
30469
30473
30475
46864
46869
30493
30494
46881
30502
14120
30505
14125
14132
46902
30531
30532
46919
14153
46923
14161
30548
30549
14166
46940
14174
30560
46945
46947
14180
14185
30594
14216
46991
14227
30612
14231
30617
30620
30624
14241
47009
47018
30636
47022
30643
30646
30653
14275
30660
30669
30672
30675
14294
47062
47063
14297
30685
30686
47074
14309
14312
30696
14315
30703
14320
47092
47093
47098
47099
30716
30718
30719
47104
47106
47111
14343
14354
47131
30750
47134
30752
30753
14366
30763
30766
30767
14382
14389
14394
47170
30787
47172
14405
47173
47182
47184
47190
14425
30812
47196
30815
14432
47201
30818
14435
30819
30817
14434
47209
14450
47222
14455
30840
30838
47228
30847
14469
47248
14487
47258
14494
14502
14503
14504
47274
47295
47296
30912
47298
30914
14532
47301
14536
14539
30924
30926
30927
14553
14554
30943
30945
30951
14568
47337
14574
14575
14577
14578
14588
47362
14595
14601
14605
30994
47379
31005
31010
14627
47396
31022
31023
14640
31025
14650
31038
31040
31043
31046
47437
47438
47439
31059
47444
14678
14691
31077
14698
31082
31086
31091
47479
14721
47492
14734
14739
14745
31130
31132
31136
14755
47524
47525
14758
31144
47534
14774
14775
47544
31159
14778
31164
31165
47555
47556
31173
47560
47565
31185
31186
31189
31202
47589
14825
47594
31215
47604
14837
14841
14843
31228
14845
31231
31232
14850
47620
47621
31240
14859
47627
14861
47632
31248
14866
47637
14875
14883
47659
47662
31280
47672
47674
31293
14909
14911
47678
47682
31302
31308
31309
14929
47698
47699
47710
47719
31338
31342
47730
14964
14965
47739
31359
47756
31373
47759
47763
15008
47783
31405
31411
47812
47814
47816
15050
47819
15059
47832
31454
47841
15076
31465
47850
15084
15085
31482
47868
47870
31487
47872
31496
47885
31502
31506
15129
31515
47906
15139
31524
31525
47909
15147
31532
31533
31551
15171
31558
15175
31562
31563
31566
47957
15189
31575
15192
15195
15202
31588
15206
31591
31592
15211
31600
15217
15218
15219
31609
31610
15225
15228
47998
15233
48002
31619
48005
48016
15252
31638
15259
48033
48036
31654
15273
48045
15279
48053
15285
15286
15292
31681
48066
31685
15303
48074
31691
15312
15318
48088
15320
48090
31717
48102
15336
31725
31727
48119
31735
31737
31742
15360
48131
31756
48141
31759
31768
48156
31773
48157
48160
15396
31785
31786
48170
31795
48181
15416
15417
15425
31812
15429
48200
31820
15443
15445
48217
48218
31835
31842
15463
48239
31859
48247
31870
48259
15492
31883
48270
31894
48279
31899
15519
31904
31907
48304
15542
31927
15546
48320
15554
15557
15561
48330
15564
31949
15574
31965
48354
31974
48361
31978
48362
15598
15603
31991
48378
15610
15612
48392
48404
15640
15650
32035
15653
32038
15658
32056
15678
48452
15694
15702
15703
15706
32090
15711
32097
48482
48484
48489
15722
32109
48501
48505
15739
48510
32127
32137
15754
32139
32140
15755
15753
48523
32145
48530
48531
48535
15769
15772
32159
48550
48571
15804
15808
32195
32196
48583
15817
48587
32208
48594
48599
32224
48608
32228
15846
15858
15860
48632
32250
32251
48638
32265
32268
15886
48658
32274
15890
32277
32281
48666
32284
32289
32291
48677
15910
48681
48683
15919
15920
32304
32306
32309
48697
15929
48699
48708
48709
32331
48722
32340
32348
48737
48739
32360
32363
15981
15987
32374
48782
16015
16017
32409
32410
48796
48799
48800
32420
16037
32423
32425
16043
32430
48814
16049
16057
32442
48830
48833
16066
32454
48842
48846
48849
48850
48852
32471
32472
32477
16097
32483
16105
16111
16113
48884
32504
16131
48904
48906
48907
32524
32529
32532
48922
32540
16157
48926
32548
48939
16177
16178
48951
48952
16185
48957
16190
16199
32585
16225
49001
16236
16239
32629
32632
16249
32634
49020
16255
32642
32647
32649
49044
16277
49048
49053
49056
49067
32684
16311
49079
16314
16318
16319
16321
32707
16324
32709
49099
32719
32720
16337
49104
49105
49118
16351
32751
16369
49138
49139
49137
16374
16375
32762
