28672
40964
5
32774
49159
45066
49164
4109
32783
45072
16402
24594
40980
40986
20506
32795
32797
16413
24605
49188
12325
49191
12328
36907
28721
20533
54
4151
16441
24633
49212
32829
24639
12352
4161
20546
8260
45124
49223
49224
20553
36937
78
80
36945
41044
32852
49238
12374
8280
8276
41045
36949
24670
32862
36958
4193
28770
45156
49252
20582
24679
24680
4201
103
45163
108
41071
8304
36982
16510
45182
24702
41092
12420
16521
45194
37003
16524
8333
20622
32910
16528
32913
49298
41107
28819
45207
24727
41113
24736
8353
28833
4258
49316
37025
41126
28834
37032
16555
20651
4268
20654
4273
8371
8372
20661
45238
4283
24764
45246
37055
45251
37059
24775
32968
45256
37070
8400
16597
12501
32981
20695
28889
24794
20700
223
228
4326
49385
24810
4330
4329
237
45294
8431
45296
33006
49396
33012
28917
41211
24831
20737
4354
49410
33035
41231
41233
20759
4375
281
33050
45339
33052
49443
8486
49447
298
299
33073
305
308
16694
16696
41272
16698
4410
20796
20793
49470
318
16704
8513
16706
37187
12611
4428
45389
33102
37202
20819
33107
49493
49495
344
345
346
41303
16729
349
29022
24927
16735
12641
12640
355
4452
37218
12647
45420
12653
20845
37233
16757
33142
12663
37239
20857
8569
4475
12668
16764
33151
49536
41345
49539
8580
29060
20871
49545
49548
16781
49550
33170
16789
4501
49558
12696
29080
16797
12705
20897
29092
45478
16807
33193
426
12716
29103
49584
41395
439
37305
29113
49594
8640
449
8641
29121
41410
457
45516
12751
37332
41429
8663
33241
45529
16860
480
12770
25058
29154
33253
487
12776
45545
33260
12780
41454
41456
12786
49653
49656
25080
20990
49663
4608
16896
12802
41475
33288
12809
4618
45583
8720
16912
41492
534
37399
45594
8730
540
45599
8736
45602
41508
49701
4646
33319
45606
553
33323
25134
25135
45616
33328
21040
16950
25144
37433
29244
49725
21054
29249
21059
21060
25157
583
16967
16969
37456
33363
595
37459
4696
21084
605
8799
25184
16994
37475
21092
37477
8806
4709
25193
9078
25195
25199
8816
33393
41588
17013
21113
41594
29309
49792
45698
12931
33412
17027
650
37517
29326
8847
653
4753
29329
25234
21140
41620
37531
29340
4769
41636
680
25257
12974
29359
37553
49843
12981
8888
41657
37562
37566
29375
29376
705
17089
29379
25284
41664
49856
25287
29384
49861
45770
8907
17096
37581
21191
41680
21204
33493
29397
17110
25302
733
17123
740
29412
21222
37610
41706
4844
8942
4849
29426
33521
33533
765
49921
41729
41733
774
45831
8969
45835
41740
41741
4878
41743
21259
41745
17171
8985
29467
13085
49950
33567
45858
45859
17189
33575
808
41769
25388
45875
33589
33591
37687
4234
17210
9019
29500
830
45886
832
21313
25408
37698
37702
25415
21319
13132
25420
4940
25423
29523
45910
41814
25430
17242
29532
37725
45918
9052
13153
45924
33638
41831
45927
33645
45934
13169
882
37746
17268
41845
37747
13173
21362
29561
41850
41849
21370
33658
37758
29567
17279
17278
4991
25473
45956
9093
17290
29579
17293
25488
17297
5010
41875
17300
13203
13206
37779
918
13214
21406
45983
37793
41886
45991
17320
45997
41902
29615
5045
5046
37817
21435
956
25533
25534
958
13248
13252
5064
5069
25554
46035
5076
33747
46034
21463
9176
21465
33755
33756
9181
5085
994
21474
37863
17387
37869
5101
33777
41970
13298
25589
29687
21496
9212
5119
33792
37890
1031
29704
33801
29706
46088
5132
37900
33806
46095
29707
37906
33810
21530
25626
33820
25627
42014
37923
21540
42020
33829
37924
1064
17451
13360
25657
25660
5181
25664
21569
33857
33856
13376
21574
9289
21578
9293
46159
13392
17488
13394
46162
42068
25683
33879
37976
5208
13402
37982
5215
9312
42081
36858
46179
25704
5226
25706
42091
42095
42096
5233
29807
1140
9334
46200
9337
42104
46201
42108
9340
42110
29823
5248
1152
1154
17538
29828
17541
1157
33919
9357
33934
29839
38032
33938
17555
29846
5271
5272
1178
38043
17568
9378
42146
42148
17573
17574
9383
9385
25770
13483
5292
25776
1202
17588
13492
5302
21689
33977
21691
1213
29885
33984
17603
17604
46275
29893
5319
25805
13519
46289
13524
17620
17623
1242
1243
25820
42204
29915
9439
25824
1248
5345
17635
5351
46312
17641
34023
25836
21740
21742
46325
42231
13561
1274
38138
46329
5370
46333
42239
21753
42245
21772
42253
17678
25870
38159
21776
13586
9493
46357
38167
13594
13602
21796
17700
21801
13609
34090
34092
13615
5424
9521
9523
13624
17721
9531
34109
46399
34112
9538
17740
38222
25935
9551
13652
9558
46424
25946
17757
5469
21858
13666
25956
42341
5477
1380
42344
25961
13674
9576
17765
30061
21869
5478
25963
13676
17776
21876
17780
13686
46453
1400
42358
34167
1403
5500
21884
9598
9597
30077
42361
42362
21892
21893
42375
21895
30090
1418
46479
46481
13719
42393
1435
13731
9635
9639
5544
1449
42409
17834
13738
46509
13742
38322
1459
46514
9653
21940
5560
38330
30138
13756
5565
17853
17855
9667
38342
21961
5578
17865
5580
46541
5581
38352
26066
42450
17880
26076
26080
9697
9699
21990
9704
9707
46571
22000
22001
46577
38388
38389
1525
1527
13816
22011
9724
13822
13823
1536
42503
46600
22025
38410
13835
13836
17931
46604
1551
26127
38417
13842
22035
22034
9750
34327
13848
5657
22041
36132
13857
13862
26153
9770
30251
5675
38447
5684
22069
1591
1596
26173
26174
22080
9793
5698
17988
42566
38471
22090
38477
1613
26193
26194
46675
42580
9815
13912
46682
22107
42589
1631
13922
38499
26213
30310
30313
30316
42608
46706
46708
30325
46710
34420
46712
26232
26235
34432
9856
42625
13955
13956
46725
5766
46727
13960
1673
38546
38547
1687
34458
42651
26268
34465
30370
18083
38562
9896
5800
18090
18092
22189
1713
1719
1722
26299
30395
5821
9916
38591
1725
26305
22210
38589
5828
22215
46797
38606
42705
1747
38613
42710
46807
9944
22232
26333
34529
5859
1766
34535
5864
34537
22250
26349
46836
34550
9976
38649
18170
38654
5886
22273
9985
34562
34568
26377
30475
38668
18189
5902
46864
22288
5906
26390
10008
22299
30493
38686
42786
38691
18211
30502
1830
18216
14120
26406
34607
34611
42803
26421
1847
34618
42811
22338
30532
18245
10054
26440
42825
34632
26443
10060
42827
14161
10068
30549
42838
46940
18269
38751
38753
26467
46947
34661
14180
34663
10093
18287
10097
26482
18291
42877
10112
26499
34694
14216
1928
6026
22412
22418
14227
38804
26516
18324
30617
38810
34714
6044
30620
1950
6047
6053
22440
47018
14254
47022
26544
30646
6071
34744
1979
34747
30653
18368
42953
18380
30669
10190
22481
18387
34771
34776
22492
10206
47074
14309
38887
14312
42986
14315
34796
38895
18420
47093
10233
47099
2044
30718
38913
18436
38917
14343
47111
18441
10250
38924
34829
34828
6158
38935
10266
18458
38938
38942
30750
47134
30753
30752
10275
34852
2081
18470
38943
26662
26663
6186
22565
30766
10286
38958
6192
6195
6199
26680
14394
26686
10304
18496
47170
2116
14405
6214
47172
22598
2117
34891
18507
47182
18510
47184
22610
43091
34899
38997
47190
43099
26715
18525
2143
14432
18529
30818
30819
14435
6244
30817
43110
47201
22633
34923
34924
6252
39019
26736
6256
14450
2163
26739
2165
43135
11016
14469
6279
39052
10382
39055
47248
43154
30867
18578
43155
39059
34965
47258
39066
2202
39070
43167
39072
34975
34978
39071
43172
14502
47271
47274
22700
22701
18607
2226
39090
26804
10422
43192
35001
43195
2235
22716
6334
43198
30912
26817
47298
47296
14532
47301
39109
6343
10432
6345
35011
6347
22732
6349
43213
18639
39121
10449
39127
30943
30945
18657
2275
35042
6376
6377
18670
14575
10480
14577
22769
22771
22772
14578
10486
39159
10488
43259
2305
14595
2308
26883
18694
10499
26884
10507
2316
35084
26892
22798
22801
22803
18709
10518
10521
26906
35098
22816
31010
39205
26919
10543
6448
31025
35121
43311
39220
35127
39235
26950
31046
39241
22860
35149
18765
47439
39252
14678
26967
6490
10587
35163
6496
14691
35171
43364
39271
26984
2409
6506
10601
22896
10609
31091
47479
26999
35193
43388
22910
2430
39297
39301
27015
43400
14734
6547
43416
14745
43420
2461
35228
35231
18845
14755
35235
35237
47525
14758
10666
39346
14775
27064
47544
31165
6594
35268
27077
31173
22982
47560
43464
35269
43475
31189
43480
6617
6619
23009
27108
47589
39397
31207
14825
2540
10732
39404
27121
39411
18931
6645
14843
31228
14845
31232
18944
23042
47620
47621
27143
31240
2572
39439
43540
39445
18966
10776
35352
35355
35356
14875
18972
27170
23074
35362
35365
27174
10790
39464
35369
18988
39472
35378
10803
10804
2610
43571
47672
10811
43583
39488
43586
35397
10822
31302
6728
6726
6730
6731
31309
6733
19022
23117
35409
27217
6738
10841
23130
35417
27231
39519
43620
6757
47719
31338
35438
39538
14964
6773
19063
23159
39545
27262
39553
39557
27271
6791
27273
35467
43660
31373
27277
47759
43659
43668
35477
43669
2711
10900
27289
23189
43675
15008
23202
2724
27302
19112
43692
6829
19117
27314
43698
39604
23221
2741
43703
2744
27317
23224
35515
2751
39616
47814
27334
10954
31435
2763
27342
23249
15059
27348
47832
6878
35551
43743
19169
47841
10979
2788
23268
19176
47850
43754
2796
10989
15085
2800
10993
39666
43768
19193
31482
6907
6909
27391
39679
39686
35591
19206
6918
2826
31496
2824
11017
11022
2830
19216
31502
35598
39696
31506
15129
31515
35611
23323
6940
27425
15139
43812
31525
43814
43813
6952
23335
31524
31533
43822
27439
11056
11062
43831
35639
2873
11069
27455
6976
2881
31551
43840
15171
39747
23367
31563
43851
27467
39759
23377
23378
27475
15189
47957
2902
15192
39767
2907
19294
2911
23394
43875
19300
7014
7019
43884
23410
15218
27506
23415
31609
31610
15228
27518
31619
19334
35719
19335
43920
48016
35730
11156
27542
31638
19356
11168
48033
2977
43942
48045
27565
15279
27567
35761
7091
43956
48053
11189
15286
39863
11193
15285
39861
15292
48066
39875
31685
15303
11211
23501
7121
41307
15318
7127
48088
11225
43990
48090
7132
43999
27616
39904
23520
23524
19429
48102
7144
11240
15336
3049
19436
44014
3054
3059
7156
23542
7159
48119
27640
23545
11259
23548
15360
7169
35844
23557
7173
35847
23561
27660
31756
31759
23569
7185
23574
48156
31773
35873
39971
15396
3107
44067
3113
31786
19499
48170
7213
27690
7220
11317
48181
27703
15416
39996
19519
44095
15425
27715
31812
27717
15429
40006
15432
3141
44106
7243
23620
44107
27732
27738
27743
35936
3172
23653
15463
35944
40042
3183
7280
19569
7283
48247
44154
27770
19580
7293
31870
40064
35972
44168
7305
3209
31883
11405
48270
19599
44178
3222
48279
27800
7319
27802
15519
31904
40097
13668
3232
7327
23719
11431
27820
36013
44207
19632
40113
19633
15542
3255
27833
19641
27836
36028
7365
15557
27847
44229
15561
48330
7370
44237
11471
7380
15574
36054
7384
7385
31965
11487
44256
3299
7396
11493
36070
36072
48362
36075
31978
3312
40178
15603
27893
36085
13685
19702
23802
19708
3325
40189
3327
11521
7428
11526
19719
3335
40201
23828
44310
44311
7447
3351
3354
17762
7452
19740
27934
32035
36131
3365
32038
3367
44328
36137
15658
19753
23849
36141
40232
40239
27948
11572
40247
7480
36152
32056
44346
44345
15678
36159
23875
7491
36169
7503
44368
19793
23891
23892
23895
27991
40281
15706
44382
15711
7520
32097
48482
36193
28003
11621
48484
15722
3436
11629
28014
40304
40308
7540
19831
7545
48505
36220
48510
32127
3456
36225
36228
3462
32137
36234
3467
15755
3468
32139
40334
7566
44430
48535
11671
3482
15772
36254
3489
40359
21863
3505
36278
7609
36282
28091
28090
3519
15808
11712
36287
32196
44485
24006
48583
28104
15817
28106
36299
36300
24020
19925
43038
44504
3545
11738
3543
32228
7654
11752
44523
7661
7662
28143
11758
15858
15860
24052
48632
32251
7678
19973
24071
32265
40458
36363
32268
40460
15886
44557
36367
48658
32274
7700
32277
19988
3609
7706
48666
7708
28189
36378
32284
3616
11807
32291
20003
40485
15910
44580
7719
40489
11818
24104
11820
20010
44590
15920
32306
24115
32309
36409
24128
3649
3651
40516
40524
40528
24145
48722
44627
28241
36437
40533
20053
7769
40539
11868
7781
20069
7784
32363
3692
20077
40557
15987
7797
24183
28286
36480
20097
11909
28297
24201
28299
36493
48782
40591
11920
20112
20114
16017
44687
24214
48799
36521
32425
16043
36525
32430
16049
36530
36534
16057
24249
32442
7873
24261
48842
36557
48850
48852
28374
20182
44760
32472
32471
24283
40666
32477
3807
16097
40675
3814
20200
16105
3820
36591
20208
16113
28401
12019
12020
32504
3833
40700
7937
40710
48906
28426
32524
20237
40715
7955
32532
40727
24344
3865
7963
32540
16157
20254
48926
3869
24354
7972
32548
20263
3884
24367
20273
16177
3891
16178
28469
20278
16185
44857
44860
36669
7998
24384
44867
40772
20294
3911
28489
12106
28492
24398
28497
12992
36696
24409
16225
12129
3938
12130
40807
20328
49001
20330
44907
12140
20333
12141
3948
32632
24440
32634
8060
44925
3966
44926
16255
20355
3971
44933
12167
28551
36744
3981
8081
36757
16277
3992
49048
12186
44954
49056
36775
12201
4010
49067
24492
32684
36780
40882
24499
8116
44980
24503
16311
24505
16314
4025
28605
16321
20418
16324
32709
44999
12233
49099
12235
24526
32720
16337
20434
49104
49105
8151
45018
4058
24540
24539
49118
28638
20448
8166
20455
24552
12262
20458
40940
12270
32751
8177
40945
49139
28662
16375
4086
38262
40958
20479
