5
6
7
13
18
19
21
30
33
35
40
41
42
43
50
51
54
55
56
63
64
66
75
78
80
85
88
91
92
99
101
103
104
108
114
123
125
129
131
132
134
136
137
140
142
145
157
160
162
163
166
170
173
179
183
184
187
189
194
195
197
198
209
213
215
220
221
223
224
227
228
229
231
232
234
237
241
245
246
247
249
255
259
260
261
263
279
281
282
285
289
293
297
298
299
300
302
305
308
314
315
318
321
324
330
338
342
344
345
346
347
348
349
350
351
355
359
360
363
364
367
370
374
377
389
390
396
397
400
402
403
409
410
411
413
414
417
420
421
425
426
427
430
439
443
449
456
457
462
463
465
470
471
474
475
479
480
485
487
493
494
502
504
505
507
508
509
515
522
527
532
534
535
538
539
540
544
549
550
553
557
559
560
562
565
568
573
577
583
588
595
598
601
602
604
605
608
614
618
625
630
631
633
634
637
638
639
641
642
646
648
649
650
653
655
656
663
664
670
680
681
682
686
687
690
691
692
705
709
713
714
725
728
731
732
733
736
737
740
747
751
757
762
765
767
772
774
775
779
783
784
787
790
794
795
796
797
799
800
801
804
805
808
814
821
823
825
827
830
832
835
839
841
843
846
850
852
854
855
857
858
861
864
868
869
872
874
876
882
887
891
893
894
901
903
907
908
909
912
913
918
919
920
922
924
929
930
931
932
933
935
943
955
956
957
958
961
962
965
975
976
990
992
994
995
996
998
999
1004
1005
1009
1012
1013
1014
1015
1018
1021
1030
1031
1032
1036
1040
1041
1046
1052
1055
1060
1061
1064
1067
1074
1082
1084
1085
1087
1092
1096
1098
1100
1101
1104
1105
1108
1119
1122
1125
1129
1130
1133
1135
1137
1140
1149
1152
1153
1154
1157
1163
1168
1172
1173
1174
1175
1176
1178
1180
1181
1182
1184
1187
1188
1189
1193
1199
1202
1204
1206
1210
1212
1213
1217
1218
1219
1228
1234
1237
1242
1243
1248
1250
1251
1254
1259
1261
1264
1266
1268
1271
1274
1278
1280
1282
1285
1286
1287
1292
1298
1303
1307
1310
1311
1314
1316
1318
1319
1322
1328
1330
1335
1336
1342
1345
1350
1351
1353
1355
1357
1359
1364
1368
1372
1374
1375
1376
1380
1383
1385
1387
1394
1400
1402
1403
1405
1408
1418
1419
1420
1421
1423
1424
1425
1428
1430
1435
1438
1440
1445
1446
1449
1450
1455
1457
1458
1459
1460
1466
1470
1473
1475
1480
1483
1486
1487
1489
1490
1495
1500
1503
1511
1513
1517
1518
1522
1524
1525
1527
1528
1529
1530
1531
1533
1536
1540
1546
1551
1552
1554
1555
1565
1576
1579
1580
1583
1588
1591
1594
1596
1600
1605
1606
1609
1610
1613
1620
1625
1627
1628
1630
1631
1634
1637
1641
1642
1646
1653
1656
1658
1659
1661
1663
1667
1671
1673
1677
1679
1686
1687
1688
1690
1691
1695
1701
1703
1705
1710
1713
1717
1719
1722
1723
1724
1725
1727
1729
1734
1735
1737
1741
1743
1746
1747
1761
1766
1768
1777
1778
1780
1783
1785
1786
1787
1793
1798
1799
1800
1805
1809
1813
1816
1818
1822
1827
1828
1830
1834
1838
1845
1847
1848
1849
1856
1857
1858
1859
1867
1868
1883
1884
1885
1891
1894
1908
1909
1911
1912
1915
1919
1924
1928
1929
1930
1932
1934
1935
1949
1950
1951
1963
1965
1970
1976
1977
1978
1979
1980
1981
1982
1985
1986
1989
1990
1993
1998
2006
2008
2010
2017
2018
2025
2026
2028
2030
2034
2044
2048
2049
2050
2053
2054
2057
2062
2063
2064
2067
2071
2073
2074
2076
2078
2079
2080
2081
2083
2084
2090
2093
2095
2100
2101
2103
2104
2106
2107
2108
2111
2112
2115
2116
2117
2120
2122
2126
2127
2128
2136
2142
2143
2149
2155
2156
2159
2163
2165
2167
2168
2174
2176
2177
2181
2182
2188
2197
2201
2202
2205
2211
2225
2226
2227
2230
2235
2236
2240
2242
2244
2246
2247
2248
2250
2252
2254
2258
2260
2262
2264
2266
2267
2272
2275
2277
2279
2282
2283
2284
2288
2291
2292
2297
2299
2300
2303
2304
2305
2306
2308
2311
2315
2316
2322
2326
2328
2329
2331
2339
2340
2342
2343
2349
2350
2354
2356
2370
2373
2374
2377
2384
2386
2396
2398
2401
2409
2411
2416
2421
2422
2425
2427
2429
2430
2432
2433
2436
2439
2442
2447
2450
2451
2452
2458
2460
2461
2467
2470
2474
2487
2494
2495
2504
2509
2510
2514
2520
2521
2523
2534
2535
2540
2545
2549
2554
2556
2558
2559
2565
2571
2572
2577
2581
2583
2586
2595
2604
2610
2612
2613
2615
2617
2618
2619
2620
2621
2623
2628
2631
2633
2641
2644
2647
2657
2659
2660
2662
2668
2673
2674
2678
2680
2681
2686
2690
2692
2693
2700
2711
2717
2719
2722
2723
2724
2725
2726
2727
2738
2740
2741
2744
2747
2751
2752
2754
2755
2759
2762
2763
2766
2775
2777
2778
2780
2782
2784
2785
2788
2789
2794
2796
2799
2800
2808
2809
2814
2815
2817
2824
2826
2830
2835
2836
2841
2843
2846
2855
2859
2863
2865
2867
2870
2871
2873
2874
2879
2881
2887
2888
2891
2892
2893
2896
2902
2904
2907
2911
2914
2916
2924
2928
2936
2939
2945
2948
2950
2956
2962
2963
2964
2966
2971
2975
2977
2990
2992
2993
2996
2999
3000
3003
3004
3010
3015
3017
3018
3019
3022
3028
3035
3036
3042
3043
3044
3046
3047
3048
3049
3050
3051
3054
3055
3059
3060
3067
3069
3070
3071
3072
3073
3074
3075
3080
3082
3083
3091
3092
3093
3103
3104
3105
3107
3108
3111
3113
3118
3123
3124
3128
3131
3137
3141
3142
3152
3153
3154
3162
3165
3167
3168
3169
3171
3172
3173
3174
3181
3183
3185
3186
3187
3190
3194
3197
3201
3203
3204
3205
3206
3209
3212
3219
3221
3222
3227
3229
3232
3237
3242
3252
3254
3255
3259
3264
3271
3272
3274
3277
3278
3280
3281
3282
3283
3286
3287
3289
3299
3301
3309
3311
3312
3313
3318
3323
3325
3327
3328
3333
3335
3345
3349
3351
3352
3354
3355
3359
3360
3362
3365
3367
3369
3370
3373
3376
3381
3385
3386
3389
3391
3393
3396
3399
3401
3403
3411
3413
3415
3420
3421
3423
3426
3429
3433
3435
3436
3437
3443
3450
3454
3456
3457
3459
3462
3466
3467
3468
3470
3474
3475
3482
3484
3486
3488
3489
3492
3493
3494
3496
3498
3500
3503
3505
3507
3508
3511
3514
3518
3519
3520
3521
3525
3527
3530
3535
3536
3537
3538
3543
3545
3547
3548
3549
3558
3565
3567
3568
3569
3571
3572
3580
3589
3592
3594
3603
3604
3609
3611
3614
3616
3620
3622
3628
3636
3637
3639
3641
3647
3649
3651
3655
3656
3661
3662
3665
3669
3674
3675
3678
3679
3680
3688
3690
3692
3693
3703
3705
3708
3709
3713
3714
3716
3723
3734
3736
3739
3746
3750
3751
3757
3760
3762
3767
3771
3773
3776
3778
3781
3786
3789
3790
3791
3794
3795
3796
3799
3802
3803
3804
3805
3807
3808
3813
3814
3815
3820
3821
3823
3825
3826
3828
3833
3836
3837
3841
3842
3844
3847
3848
3849
3852
3853
3855
3856
3859
3861
3865
3867
3868
3869
3870
3872
3874
3875
3881
3883
3884
3887
3888
3889
3891
3892
3894
3904
3910
3911
3916
3917
3918
3932
3934
3938
3939
3947
3948
3950
3951
3953
3955
3959
3965
3966
3968
3971
3972
3978
3981
3982
3987
3988
3992
3993
3994
4000
4004
4006
4008
4009
4010
4012
4015
4017
4022
4023
4025
4026
4027
4030
4033
4036
4038
4039
4044
4046
4050
4054
4055
4056
4057
4058
4062
4064
4065
4067
4073
4076
4077
4078
4079
4080
4083
4086
4087
4088
4091
4094
4097
4101
4104
4105
4108
4109
4110
4113
4118
4119
4120
4122
4125
4131
4132
4134
4137
4138
4151
4153
4155
4156
4158
4159
4160
4161
4172
4174
4177
4185
4187
4190
4193
4194
4197
4198
4200
4201
4203
4204
4205
4206
4211
4213
4228
4229
4230
4234
4237
4239
4243
4245
4249
4255
4256
4258
4261
4267
4268
4269
4273
4277
4281
4282
4283
4285
4286
4288
4293
4295
4298
4312
4316
4326
4327
4329
4330
4331
4334
4337
4342
4349
4354
4355
4356
4358
4360
4362
4370
4372
4375
4377
4378
4379
4380
4382
4386
4387
4388
4392
4398
4399
4400
4401
4405
4406
4410
4411
4418
4423
4424
4426
4428
4444
4448
4449
4451
4452
4453
4459
4463
4464
4469
4470
4472
4475
4477
4486
4501
4503
4504
4511
4512
4516
4523
4525
4526
4528
4535
4536
4549
4550
4552
4559
4564
4568
4569
4570
4571
4572
4574
4577
4578
4582
4583
4584
4589
4590
4592
4593
4595
4601
4604
4605
4607
4608
4618
4621
4626
4628
4630
4639
4645
4646
4651
4654
4655
4659
4663
4668
4672
4673
4675
4679
4681
4682
4693
4696
4699
4702
4703
4707
4708
4709
4712
4720
4721
4727
4728
4729
4734
4737
4740
4751
4753
4758
4759
4763
4765
4766
4767
4769
4772
4773
4774
4777
4784
4786
4788
4789
4795
4798
4800
4805
4807
4808
4810
4812
4813
4819
4822
4823
4825
4836
4838
4839
4844
4846
4849
4850
4855
4868
4869
4875
4878
4880
4881
4884
4887
4889
4895
4896
4900
4902
4912
4917
4918
4919
4921
4922
4932
4934
4939
4940
4941
4950
4954
4956
4960
4961
4967
4969
4973
4980
4981
4985
4991
4993
4997
5000
5002
5003
5008
5010
5016
5017
5020
5021
5033
5034
5037
5041
5043
5045
5046
5053
5059
5061
5063
5064
5065
5067
5069
5070
5071
5072
5076
5084
5085
5086
5088
5089
5097
5100
5101
5105
5106
5107
5108
5110
5111
5119
5120
5129
5130
5132
5135
5136
5143
5150
5151
5162
5164
5167
5173
5175
5177
5181
5185
5191
5192
5193
5201
5207
5208
5214
5215
5216
5218
5226
5230
5231
5233
5236
5243
5246
5248
5249
5252
5255
5263
5264
5266
5268
5271
5272
5274
5275
5278
5279
5284
5287
5288
5291
5292
5294
5296
5302
5303
5308
5313
5314
5315
5319
5323
5324
5326
5327
5329
5333
5334
5338
5340
5341
5342
5345
5348
5349
5351
5354
5356
5360
5364
5367
5370
5386
5392
5393
5396
5398
5400
5402
5406
5407
5409
5411
5412
5413
5414
5415
5416
5419
5421
5424
5429
5436
5439
5441
5444
5447
5448
5455
5456
5458
5461
5468
5469
5477
5478
5486
5490
5491
5493
5494
5500
5506
5515
5517
5521
5522
5526
5529
5530
5531
5533
5535
5536
5539
5540
5544
5550
5552
5553
5554
5555
5556
5558
5560
5565
5568
5571
5575
5578
5580
5581
5582
5583
5584
5585
5586
5592
5594
5598
5609
5611
5613
5615
5618
5620
5625
5634
5636
5639
5645
5646
5651
5656
5657
5661
5670
5675
5678
5680
5684
5686
5694
5696
5698
5702
5703
5705
5707
5708
5710
5712
5714
5715
5721
5728
5729
5736
5740
5741
5742
5744
5751
5757
5759
5760
5763
5766
5770
5773
5777
5780
5781
5782
5799
5800
5809
5818
5821
5825
5828
5829
5830
5831
5836
5840
5849
5856
5859
5861
5862
5864
5867
5871
5872
5876
5877
5882
5883
5885
5886
5887
5888
5889
5899
5900
5902
5905
5906
5909
5910
5913
5920
5924
5928
5929
5939
5942
5945
5947
5952
5954
5959
5961
5963
5965
5966
5967
5969
5970
5973
5977
5979
5980
5988
5990
5993
5999
6001
6007
6011
6014
6018
6019
6026
6028
6033
6040
6041
6044
6046
6047
6048
6053
6058
6059
6060
6063
6069
6070
6071
6075
6076
6080
6086
6092
6093
6100
6105
6109
6112
6113
6118
6121
6127
6129
6140
6142
6146
6151
6154
6155
6158
6162
6166
6170
6172
6177
6179
6182
6185
6186
6190
6192
6193
6194
6195
6196
6199
6208
6211
6214
6217
6220
6223
6224
6227
6230
6231
6233
6234
6235
6236
6240
6242
6244
6250
6252
6253
6256
6259
6262
6265
6267
6271
6274
6276
6277
6278
6279
6284
6290
6294
6295
6298
6305
6306
6309
6317
6318
6321
6323
6325
6326
6327
6334
6338
6339
6343
6345
6347
6349
6352
6353
6354
6356
6364
6368
6373
6376
6377
6379
6382
6383
6385
6390
6391
6392
6393
6394
6398
6399
6402
6404
6405
6406
6409
6411
6412
6416
6417
6422
6424
6432
6433
6435
6442
6444
6446
6447
6448
6449
6455
6456
6457
6461
6462
6464
6466
6471
6476
6478
6481
6482
6483
6487
6490
6493
6496
6502
6504
6506
6507
6508
6510
6511
6513
6514
6517
6518
6519
6520
6530
6531
6533
6535
6539
6542
6547
6557
6566
6580
6581
6582
6585
6589
6594
6596
6598
6600
6601
6606
6608
6609
6615
6617
6618
6619
6622
6626
6635
6640
6641
6645
6648
6650
6653
6654
6655
6656
6658
6664
6666
6667
6668
6669
6673
6674
6687
6689
6697
6706
6707
6710
6712
6716
6722
6726
6728
6729
6730
6731
6733
6736
6738
6741
6742
6743
6744
6750
6751
6757
6758
6760
6761
6765
6768
6771
6773
6779
6781
6782
6783
6784
6791
6792
6794
6798
6801
6804
6808
6812
6814
6815
6816
6817
6825
6826
6828
6829
6832
6836
6837
6851
6852
6853
6855
6856
6858
6865
6866
6867
6872
6874
6876
6878
6881
6884
6885
6888
6897
6902
6907
6909
6915
6916
6917
6918
6921
6923
6930
6932
6938
6940
6941
6950
6952
6956
6957
6962
6965
6969
6972
6973
6976
6978
6979
6986
6992
6994
6995
6999
7000
7006
7009
7011
7013
7014
7017
7019
7022
7024
7025
7026
7027
7029
7030
7038
7044
7045
7046
7047
7048
7049
7051
7053
7056
7057
7058
7059
7060
7062
7063
7068
7075
7077
7079
7082
7086
7091
7093
7094
7095
7107
7108
7109
7111
7113
7115
7116
7120
7121
7127
7130
7131
7132
7139
7142
7143
7144
7149
7151
7153
7156
7157
7159
7160
7164
7169
7171
7173
7174
7177
7178
7179
7185
7187
7189
7195
7204
7208
7211
7213
7214
7216
7217
7219
7220
7222
7229
7234
7237
7243
7247
7258
7260
7261
7264
7265
7266
7267
7270
7272
7275
7277
7278
7280
7283
7293
7297
7299
7303
7305
7306
7309
7311
7312
7313
7318
7319
7320
7321
7322
7326
7327
7332
7335
7339
7340
7344
7345
7346
7352
7354
7356
7360
7363
7365
7366
7370
7371
7378
7380
7381
7382
7384
7385
7386
7387
7390
7391
7392
7393
7396
7401
7407
7408
7409
7410
7411
7414
7427
7428
7433
7434
7435
7438
7447
7449
7450
7451
7452
7454
7462
7463
7465
7466
7467
7472
7473
7476
7480
7481
7485
7489
7490
7491
7493
7503
7505
7507
7509
7510
7513
7516
7517
7520
7521
7523
7525
7527
7530
7531
7534
7538
7539
7540
7541
7542
7545
7548
7549
7553
7555
7557
7558
7560
7562
7565
7566
7567
7573
7574
7576
7577
7581
7583
7586
7587
7589
7592
7596
7597
7606
7609
7610
7616
7617
7619
7622
7629
7635
7643
7645
7647
7648
7654
7660
7661
7662
7667
7671
7672
7676
7678
7680
7681
7683
7686
7688
7689
7691
7699
7700
7706
7708
7709
7719
7720
7724
7726
7727
7730
7736
7741
7742
7749
7754
7755
7768
7769
7781
7782
7784
7785
7787
7789
7791
7795
7797
7800
7803
7804
7807
7808
7809
7815
7817
7819
7824
7826
7831
7835
7839
7841
7842
7844
7845
7850
7852
7853
7857
7859
7861
7865
7866
7867
7868
7873
7878
7879
7882
7883
7884
7887
7888
7889
7893
7895
7898
7899
7901
7905
7906
7913
7921
7929
7937
7941
7942
7952
7955
7956
7959
7962
7963
7964
7967
7971
7972
7973
7974
7977
7979
7984
7987
7991
7992
7996
7998
8004
8010
8011
8017
8018
8019
8022
8025
8029
8033
8041
8043
8051
8060
8062
8065
8069
8071
8072
8073
8078
8079
8081
8083
8084
8087
8088
8090
8091
8092
8098
8100
8101
8106
8111
8114
8116
8118
8119
8121
8128
8132
8134
8139
8147
8149
8151
8153
8154
8155
8160
8165
8166
8168
8170
8174
8177
8179
8181
8187
8188
8189
8194
8199
8203
8205
8206
8207
8214
8216
8218
8219
8222
8223
8224
8228
8229
8240
8242
8258
8259
8260
8261
8262
8264
8265
8272
8276
8277
8280
8285
8287
8288
8289
8293
8297
8304
8307
8309
8310
8320
8324
8325
8328
8333
8335
8336
8340
8344
8347
8352
8353
8356
8358
8360
8366
8369
8370
8371
8372
8373
8374
8377
8378
8390
8391
8400
8408
8410
8411
8412
8414
8420
8421
8427
8431
8436
8442
8443
8448
8452
8455
8457
8463
8466
8467
8471
8473
8474
8475
8477
8478
8481
8484
8485
8486
8488
8494
8497
8500
8511
8513
8516
8519
8522
8524
8526
8530
8532
8536
8540
8543
8544
8545
8558
8566
8567
8569
8571
8580
8585
8588
8589
8596
8597
8601
8602
8614
8617
8622
8623
8630
8634
8638
8640
8641
8644
8648
8649
8651
8653
8655
8656
8660
8662
8663
8664
8671
8674
8676
8679
8680
8691
8694
8695
8702
8718
8720
8730
8734
8736
8737
8740
8744
8746
8747
8750
8752
8755
8757
8759
8764
8767
8768
8769
8771
8780
8782
8789
8792
8799
8802
8803
8804
8806
8808
8812
8815
8816
8824
8827
8836
8839
8844
8845
8846
8847
8848
8850
8851
8853
8855
8858
8860
8862
8863
8866
8870
8874
8875
8881
8882
8888
8889
8892
8894
8901
8902
8907
8908
8910
8912
8922
8923
8931
8932
8937
8938
8942
8947
8957
8962
8963
8967
8969
8971
8974
8976
8977
8978
8979
8983
8984
8985
8989
8994
8997
8998
9004
9005
9011
9013
9014
9019
9021
9023
9029
9030
9031
9035
9037
9039
9048
9050
9051
9052
9057
9059
9063
9077
9078
9079
9080
9085
9087
9089
9093
9094
9101
9103
9104
9112
9120
9121
9123
9129
9130
9137
9144
9151
9158
9162
9166
9175
9176
9178
9180
9181
9183
9188
9196
9199
9202
9205
9209
9210
9212
9219
9222
9224
9226
9234
9235
9236
9241
9248
9249
9250
9253
9259
9274
9275
9280
9281
9284
9288
9289
9292
9293
9294
9296
9299
9300
9307
9312
9317
9318
9319
9320
9323
9326
9331
9333
9334
9337
9340
9341
9343
9345
9348
9350
9354
9355
9356
9357
9358
9362
9366
9368
9378
9380
9383
9385
9388
9389
9390
9392
9393
9395
9397
9404
9408
9416
9417
9418
9421
9422
9423
9424
9429
9433
9437
9439
9440
9444
9448
9449
9453
9455
9456
9458
9471
9472
9475
9476
9477
9480
9481
9482
9483
9485
9489
9491
9492
9493
9495
9498
9503
9511
9518
9519
9521
9523
9525
9528
9529
9530
9531
9533
9534
9537
9538
9545
9551
9552
9556
9558
9560
9563
9565
9569
9570
9574
9576
9581
9583
9585
9590
9594
9595
9597
9598
9603
9604
9605
9607
9608
9612
9614
9618
9621
9634
9635
9639
9640
9648
9649
9652
9653
9657
9663
9664
9667
9670
9674
9675
9677
9678
9681
9682
9685
9687
9688
9694
9696
9697
9698
9699
9700
9704
9707
9709
9712
9719
9722
9727
9729
9732
9737
9744
9745
9750
9751
9752
9757
9760
9761
9763
9767
9770
9774
9778
9780
9788
9790
9793
9794
9796
9798
9804
9805
9807
9815
9817
9818
9819
9828
9831
9842
9854
9856
9861
9865
9873
9876
9878
9881
9883
9888
9889
9892
9896
9897
9900
9901
9903
9904
9905
9906
9907
9909
9910
9914
9916
9917
9920
9921
9926
9927
9929
9933
9941
9942
9944
9957
9958
9963
9967
9968
9970
9973
9974
9976
9977
9980
9985
9986
9987
9992
9993
9995
9999
10001
10003
10008
10009
10014
10016
10017
10027
10035
10039
10043
10051
10052
10053
10054
10057
10060
10063
10064
10065
10068
10071
10079
10081
10085
10093
10095
10097
10101
10106
10109
10110
10111
10112
10118
10120
10125
10135
10137
10143
10145
10150
10152
10155
10158
10160
10164
10169
10175
10180
10181
10184
10186
10187
10188
10190
10192
10193
10194
10200
10204
10206
10212
10213
10215
10220
10226
10228
10229
10233
10235
10239
10240
10243
10246
10250
10256
10258
10260
10265
10266
10267
10271
10275
10278
10279
10282
10286
10287
10288
10293
10295
10298
10302
10303
10304
10310
10314
10315
10317
10321
10323
10324
10327
10330
10334
10336
10339
10343
10350
10353
10357
10359
10361
10366
10368
10374
10377
10378
10379
10380
10381
10382
10389
10393
10397
10406
10414
10418
10422
10423
10426
10428
10432
10433
10434
10435
10439
10445
10447
10449
10451
10453
10454
10455
10457
10459
10461
10463
10464
10474
10476
10479
10480
10484
10486
10487
10488
10495
10499
10501
10503
10505
10507
10508
10512
10513
10514
10515
10518
10519
10521
10523
10526
10527
10528
10532
10534
10542
10543
10548
10551
10554
10564
10565
10567
10570
10571
10574
10577
10578
10579
10580
10582
10584
10587
10588
10589
10597
10601
10606
10608
10609
10612
10621
10625
10628
10641
10650
10651
10652
10656
10660
10661
10666
10668
10669
10670
10678
10679
10683
10692
10693
10694
10700
10703
10710
10711
10713
10714
10723
10724
10726
10731
10732
10733
10735
10736
10741
10743
10746
10748
10749
10752
10753
10756
10759
10761
10764
10767
10775
10776
10778
10783
10786
10787
10788
10789
10790
10798
10800
10803
10804
10807
10810
10811
10813
10814
10815
10818
10819
10820
10822
10824
10832
10833
10839
10840
10841
10843
10846
10847
10848
10852
10855
10860
10872
10878
10885
10891
10892
10893
10895
10897
10899
10900
10905
10906
10909
10911
10912
10919
10920
10924
10925
10927
10932
10936
10937
10940
10942
10944
10946
10949
10952
10954
10959
10960
10961
10962
10968
10976
10978
10979
10981
10982
10989
10993
11002
11004
11005
11006
11007
11011
11012
11013
11016
11017
11021
11022
11026
11027
11030
11034
11035
11036
11038
11042
11047
11051
11056
11058
11060
11061
11062
11063
11065
11066
11069
11073
11077
11078
11079
11081
11083
11095
11098
11108
11109
11112
11116
11119
11120
11121
11123
11134
11137
11140
11143
11149
11150
11156
11157
11163
11165
11166
11168
11169
11173
11174
11175
11177
11180
11181
11183
11184
11187
11188
11189
11193
11195
11197
11198
11201
11202
11211
11214
11215
11217
11219
11221
11222
11223
11224
11225
11226
11228
11235
11236
11237
11239
11240
11243
11244
11245
11248
11249
11252
11253
11255
11256
11259
11260
11269
11271
11274
11276
11278
11280
11285
11286
11287
11288
11293
11294
11295
11301
11305
11312
11317
11319
11322
11323
11326
11337
11339
11340
11341
11344
11345
11349
11350
11351
11353
11356
11361
11362
11366
11371
11376
11379
11380
11381
11386
11393
11400
11405
11409
11412
11415
11419
11420
11422
11425
11426
11428
11431
11436
11439
11441
11443
11445
11447
11448
11463
11464
11466
11467
11471
11474
11475
11476
11479
11482
11483
11487
11489
11490
11493
11497
11499
11503
11507
11509
11510
11512
11513
11514
11518
11519
11521
11524
11525
11528
11529
11535
11536
11538
11543
11545
11551
11554
11559
11560
11564
11568
11571
11572
11574
11577
11580
11583
11587
11588
11591
11593
11596
11606
11614
11615
11617
11619
11621
11622
11623
11625
11626
11628
11629
11632
11635
11636
11639
11641
11642
11650
11651
11652
11655
11657
11659
11662
11668
11671
11675
11679
11680
11684
11689
11690
11695
11696
11697
11702
11706
11707
11708
11710
11711
11712
11714
11721
11722
11723
11724
11725
11730
11731
11732
11736
11737
11738
11739
11741
11748
11750
11751
11752
11756
11758
11760
11762
11766
11768
11770
11775
11776
11779
11782
11783
11789
11792
11795
11799
11804
11807
11808
11809
11812
11813
11816
11818
11820
11823
11825
11826
11827
11833
11835
11836
11838
11839
11841
11845
11848
11852
11864
11868
11870
11872
11873
11875
11876
11878
11881
11882
11885
11886
11887
11893
11895
11899
11902
11904
11909
11917
11918
11920
11924
11927
11928
11930
11933
11936
11939
11944
11949
11953
11957
11958
11959
11963
11965
11969
11976
11979
11982
11989
11990
11991
11995
11998
11999
12001
12007
12013
12016
12018
12019
12020
12021
12026
12027
12031
12033
12036
12045
12046
12053
12055
12056
12057
12058
12059
12060
12062
12065
12070
12073
12074
12075
12079
12080
12081
12095
12100
12106
12116
12118
12128
12129
12130
12139
12140
12141
12149
12156
12157
12158
12161
12163
12165
12167
12173
12178
12182
12186
12188
12192
12200
12201
12202
12205
12210
12211
12215
12219
12220
12222
12223
12225
12226
12228
12230
12233
12235
12236
12240
12242
12244
12246
12252
12256
12258
12262
12263
12265
12269
12270
12271
12273
12274
12281
12284
12288
12291
12294
12297
12299
12300
12308
12310
12316
12317
12318
12319
12321
12323
12325
12327
12328
12335
12336
12337
12340
12343
12345
12349
12352
12355
12363
12371
12374
12377
12380
12390
12391
12398
12399
12407
12409
12414
12415
12420
12430
12438
12442
12449
12452
12459
12465
12469
12472
12473
12476
12482
12491
12493
12496
12501
12505
12507
12508
12510
12511
12515
12518
12529
12532
12533
12534
12538
12542
12545
12546
12549
12550
12551
12553
12557
12559
12564
12567
12569
12570
12571
12573
12579
12583
12584
12586
12587
12593
12596
12597
12599
12600
12601
12609
12610
12611
12612
12613
12614
12615
12617
12618
12619
12620
12623
12625
12629
12637
12638
12640
12641
12642
12647
12651
12653
12655
12657
12659
12663
12668
12669
12672
12677
12681
12690
12692
12693
12696
12697
12703
12705
12709
12710
12713
12716
12720
12721
12724
12728
12733
12735
12739
12741
12747
12748
12750
12751
12752
12754
12756
12757
12758
12764
12765
12769
12770
12771
12776
12780
12781
12785
12786
12790
12791
12792
12796
12798
12802
12808
12809
12811
12815
12818
12823
12825
12828
12829
12839
12849
12851
12852
12853
12854
12857
12858
12860
12869
12870
12874
12877
12883
12884
12886
12892
12897
12903
12906
12908
12910
12911
12913
12915
12925
12927
12928
12931
12936
12939
12944
12952
12956
12959
12961
12965
12966
12967
12970
12971
12974
12975
12977
12981
12991
12992
12994
12996
12999
13001
13004
13005
13007
13009
13013
13020
13028
13030
13040
13043
13047
13048
13051
13052
13053
13054
13055
13057
13058
13063
13068
13070
13071
13072
13075
13076
13077
13081
13083
13085
13086
13090
13093
13102
13104
13105
13110
13111
13112
13117
13120
13121
13123
13126
13128
13132
13134
13136
13137
13139
13141
13142
13143
13147
13151
13153
13154
13158
13159
13166
13169
13173
13174
13177
13187
13189
13190
13192
13195
13200
13202
13203
13206
13213
13214
13215
13216
13223
13228
13229
13230
13236
13237
13244
13245
13246
13248
13249
13251
13252
13254
13259
13260
13272
13277
13281
13286
13289
13298
13299
13302
13303
13307
13311
13312
13313
13314
13316
13321
13324
13328
13329
13333
13334
13337
13340
13345
13347
13350
13352
13359
13360
13367
13375
13376
13385
13389
13392
13394
13398
13401
13402
13410
13411
13414
13415
13418
13419
13420
13430
13432
13434
13435
13436
13437
13439
13447
13448
13451
13455
13456
13461
13463
13465
13467
13470
13471
13473
13476
13483
13486
13487
13490
13491
13492
13497
13504
13505
13506
13508
13513
13515
13516
13519
13524
13525
13527
13530
13532
13541
13546
13547
13548
13551
13552
13555
13559
13561
13563
13565
13574
13578
13579
13582
13585
13586
13592
13593
13594
13595
13597
13600
13602
13603
13605
13607
13608
13609
13612
13615
13619
13620
13621
13622
13624
13626
13627
13630
13632
13634
13639
13643
13646
13648
13649
13651
13652
13653
13658
13660
13664
13666
13668
13671
13673
13674
13676
13679
13682
13683
13685
13686
13689
13701
13703
13709
13711
13713
13715
13717
13719
13725
13731
13732
13735
13737
13738
13742
13750
13752
13754
13756
13758
13759
13761
13768
13772
13777
13780
13785
13790
13793
13794
13796
13802
13806
13810
13811
13814
13815
13816
13819
13820
13821
13822
13823
13824
13825
13827
13829
13830
13835
13836
13840
13841
13842
13844
13846
13848
13852
13853
13857
13859
13860
13861
13862
13879
13880
13882
13885
13890
13892
13896
13898
13904
13911
13912
13914
13915
13920
13922
13923
13925
13932
13934
13936
13937
13938
13940
13942
13945
13948
13949
13950
13953
13954
13955
13956
13960
13961
13965
13970
13972
13973
13974
13978
13981
13983
13986
13988
13989
13990
13996
13997
13998
13999
14001
14007
14012
14023
14027
14029
14031
14033
14034
14038
14040
14042
14044
14050
14051
14052
14054
14062
14069
14076
14079
14084
14085
14086
14087
14093
14101
14106
14107
14116
14117
14120
14121
14125
14127
14130
14131
14132
14135
14139
14143
14150
14153
14155
14156
14159
14161
14163
14166
14169
14174
14180
14181
14182
14185
14187
14202
14209
14213
14215
14216
14219
14221
14222
14223
14225
14227
14231
14237
14238
14239
14241
14246
14251
14253
14254
14259
14268
14273
14275
14276
14282
14283
14294
14297
14299
14309
14310
14312
14313
14315
14317
14319
14320
14322
14324
14329
14330
14335
14337
14341
14343
14351
14354
14355
14358
14360
14364
14365
14366
14368
14369
14370
14373
14375
14377
14378
14379
14380
14382
14383
14386
14388
14389
14394
14400
14404
14405
14406
14408
14416
14419
14423
14425
14429
14432
14433
14434
14435
14439
14442
14445
14450
14451
14453
14454
14455
14461
14463
14469
14472
14473
14476
14477
14481
14486
14487
14489
14491
14494
14498
14499
14502
14503
14504
14507
14509
14520
14531
14532
14534
14536
14537
14539
14545
14550
14553
14554
14559
14567
14568
14571
14573
14574
14575
14577
14578
14580
14582
14588
14595
14600
14601
14603
14605
14607
14612
14615
14619
14624
14627
14629
14640
14644
14646
14650
14655
14657
14661
14663
14669
14672
14675
14677
14678
14679
14682
14691
14695
14696
14698
14701
14702
14706
14707
14708
14709
14712
14714
14716
14720
14721
14722
14723
14727
14733
14734
14739
14745
14746
14752
14754
14755
14756
14758
14759
14760
14767
14768
14770
14772
14774
14775
14777
14778
14781
14784
14787
14796
14798
14801
14802
14803
14808
14811
14812
14815
14820
14824
14825
14827
14833
14835
14837
14841
14842
14843
14845
14848
14849
14850
14854
14857
14859
14861
14862
14866
14867
14868
14875
14876
14877
14883
14890
14892
14894
14896
14899
14903
14906
14909
14910
14911
14915
14916
14918
14922
14927
14929
14930
14931
14932
14933
14940
14950
14954
14955
14956
14959
14962
14964
14965
14973
14975
14978
14983
14987
14994
15003
15008
15010
15013
15017
15019
15023
15026
15029
15032
15034
15036
15039
15041
15042
15044
15050
15053
15054
15055
15058
15059
15060
15065
15067
15072
15076
15084
15085
15092
15098
15102
15109
15113
15114
15119
15124
15125
15129
15132
15133
15136
15139
15146
15147
15157
15158
15160
15162
15163
15168
15171
15173
15175
15177
15184
15185
15186
15188
15189
15191
15192
15195
15202
15206
15211
15214
15216
15217
15218
15219
15221
15223
15225
15226
15228
15230
15232
15233
15234
15235
15236
15240
15244
15247
15252
15255
15256
15258
15259
15262
15266
15269
15273
15278
15279
15282
15285
15286
15291
15292
15297
15302
15303
15304
15305
15306
15307
15312
15313
15314
15318
15320
15323
15324
15326
15336
15341
15343
15352
15360
15361
15366
15379
15380
15383
15385
15390
15391
15393
15396
15400
15402
15407
15412
15414
15416
15417
15422
15425
15429
15432
15434
15436
15443
15444
15445
15450
15451
15452
15463
15474
15477
15483
15487
15492
15497
15503
15506
15519
15523
15527
15529
15530
15542
15544
15546
15547
15552
15554
15556
15557
15561
15564
15570
15571
15572
15574
15576
15578
15581
15583
15584
15589
15591
15592
15593
15598
15599
15603
15609
15610
15612
15615
15617
15620
15626
15628
15631
15632
15640
15641
15642
15645
15650
15651
15652
15653
15654
15656
15657
15658
15661
15664
15665
15671
15673
15677
15678
15679
15682
15689
15694
15696
15697
15698
15702
15703
15706
15709
15711
15712
15713
15718
15722
15723
15724
15728
15734
15735
15736
15737
15739
15745
15747
15753
15754
15755
15761
15762
15766
15768
15769
15772
15774
15775
15779
15780
15788
15790
15794
15797
15804
15807
15808
15813
15814
15817
15819
15820
15822
15824
15825
15829
15846
15849
15853
15858
15860
15867
15873
15882
15884
15885
15886
15888
15890
15891
15895
15898
15902
15910
15913
15914
15919
15920
15929
15937
15938
15939
15941
15944
15950
15951
15952
15958
15960
15967
15977
15980
15981
15982
15987
15989
15992
15995
16000
16002
16004
16005
16010
16014
16015
16017
16034
16037
16043
16049
16053
16056
16057
16066
16067
16069
16081
16082
16087
16091
16093
16097
16098
16101
16105
16109
16111
16113
16116
16121
16123
16130
16131
16132
16134
16145
16147
16148
16150
16151
16153
16157
16160
16176
16177
16178
16182
16185
16189
16190
16196
16197
16198
16199
16200
16201
16202
16207
16209
16210
16213
16216
16217
16221
16225
16232
16233
16236
16238
16239
16242
16243
16245
16246
16249
16250
16255
16256
16259
16268
16270
16273
16274
16277
16279
16280
16282
16284
16287
16295
16299
16300
16304
16305
16306
16311
16314
16316
16318
16319
16321
16324
16331
16334
16337
16338
16339
16341
16351
16352
16356
16360
16363
16365
16369
16372
16374
16375
16377
16382
16389
16392
16393
16395
16397
16398
16400
16401
16402
16403
16404
16409
16410
16411
16413
16415
16419
16422
16427
16431
16436
16438
16439
16440
16441
16443
16446
16455
16456
16459
16465
16467
16469
16470
16474
16476
16481
16482
16487
16493
16496
16497
16498
16502
16510
16512
16513
16521
16524
16528
16530
16531
16536
16541
16542
16543
16544
16545
16547
16548
16555
16557
16559
16560
16561
16567
16569
16570
16572
16573
16577
16578
16579
16580
16581
16582
16593
16594
16597
16603
16604
16612
16618
16624
16625
16626
16627
16632
16634
16636
16639
16641
16647
16652
16659
16660
16662
16673
16675
16677
16678
16680
16683
16686
16692
16693
16694
16696
16698
16700
16701
16703
16704
16705
16706
16709
16714
16722
16726
16729
16733
16734
16735
16741
16743
16746
16747
16748
16751
16757
16760
16761
16763
16764
16769
16778
16780
16781
16782
16784
16785
16789
16790
16791
16795
16796
16797
16798
16801
16804
16807
16819
16825
16827
16835
16836
16837
16840
16842
16846
16855
16857
16860
16862
16865
16867
16873
16877
16884
16886
16887
16888
16896
16897
16898
16905
16908
16912
16915
16916
16918
16919
16927
16932
16933
16934
16938
16939
16943
16947
16950
16953
16955
16965
16967
16968
16969
16971
16972
16977
16983
16986
16987
16988
16994
16995
16998
17002
17008
17009
17010
17013
17014
17015
17016
17018
17019
17022
17027
17030
17032
17039
17040
17044
17045
17046
17048
17051
17055
17056
17058
17059
17062
17067
17070
17076
17077
17079
17086
17088
17089
17093
17094
17096
17102
17103
17106
17110
17114
17117
17118
17123
17124
17127
17131
17133
17134
17147
17148
17149
17150
17152
17153
17154
17155
17156
17160
17165
17166
17170
17171
17173
17175
17179
17180
17181
17184
17185
17189
17190
17191
17194
17196
17197
17200
17202
17203
17210
17222
17227
17231
17232
17236
17238
17239
17242
17243
17247
17251
17254
17257
17259
17262
17263
17265
17267
17268
17272
17273
17278
17279
17280
17281
17282
17289
17290
17292
17293
17297
17298
17300
17308
17315
17319
17320
17321
17323
17330
17331
17332
17333
17340
17341
17343
17346
17347
17348
17353
17354
17355
17357
17360
17362
17363
17368
17373
17378
17380
17385
17386
17387
17390
17399
17404
17405
17406
17407
17415
17416
17417
17429
17436
17438
17439
17440
17441
17444
17445
17446
17448
17449
17451
17461
17466
17476
17477
17481
17485
17487
17488
17489
17493
17496
17499
17500
17501
17504
17505
17506
17507
17514
17516
17520
17522
17530
17534
17535
17538
17541
17545
17547
17548
17555
17559
17562
17563
17564
17567
17568
17569
17570
17572
17573
17574
17579
17582
17583
17584
17588
17589
17595
17596
17598
17602
17603
17604
17606
17609
17610
17612
17615
17620
17621
17624
17627
17628
17631
17632
17633
17635
17638
17641
17644
17646
17651
17652
17656
17657
17663
17672
17676
17677
17678
17683
17684
17685
17688
17699
17700
17701
17708
17710
17717
17718
17720
17721
17722
17723
17732
17733
17738
17740
17741
17742
17743
17751
17753
17757
17759
17760
17761
17762
17763
17765
17768
17769
17770
17774
17776
17778
17780
17781
17783
17786
17795
17803
17804
17808
17809
17811
17819
17821
17826
17832
17834
17835
17837
17840
17843
17844
17848
17850
17853
17855
17859
17860
17861
17863
17865
17866
17867
17868
17876
17880
17881
17883
17885
17892
17894
17898
17902
17904
17915
17916
17919
17920
17924
17925
17927
17930
17931
17937
17938
17940
17941
17946
17951
17952
17954
17958
17959
17970
17971
17972
17979
17980
17988
17994
17995
17998
18002
18003
18009
18013
18014
18021
18027
18029
18032
18036
18038
18041
18046
18047
18049
18050
18051
18053
18054
18056
18062
18065
18072
18073
18074
18075
18078
18079
18081
18083
18086
18088
18089
18090
18091
18092
18100
18101
18107
18108
18109
18110
18117
18119
18120
18121
18126
18128
18129
18133
18137
18141
18142
18146
18147
18150
18153
18154
18156
18160
18161
18163
18165
18170
18171
18176
18178
18187
18189
18190
18192
18194
18198
18199
18204
18206
18211
18214
18216
18221
18224
18228
18229
18230
18234
18241
18242
18243
18245
18246
18247
18249
18256
18257
18262
18266
18267
18269
18270
18287
18288
18289
18291
18293
18294
18296
18298
18300
18302
18304
18305
18307
18308
18310
18311
18314
18317
18318
18319
18320
18324
18328
18329
18335
18336
18338
18340
18341
18344
18346
18348
18351
18358
18363
18366
18367
18368
18370
18371
18373
18375
18378
18380
18382
18383
18387
18388
18389
18393
18394
18404
18414
18416
18417
18419
18420
18422
18425
18426
18432
18433
18436
18445
18452
18458
18460
18465
18469
18470
18472
18474
18477
18478
18482
18484
18489
18492
18493
18496
18497
18501
18503
18505
18506
18507
18510
18521
18523
18525
18527
18528
18529
18530
18532
18548
18554
18556
18557
18560
18562
18564
18565
18568
18573
18578
18579
18581
18582
18584
18586
18590
18591
18593
18599
18600
18603
18607
18612
18613
18615
18617
18618
18619
18620
18629
18632
18634
18636
18637
18639
18643
18646
18651
18653
18654
18657
18663
18665
18669
18670
18673
18674
18676
18678
18679
18685
18686
18687
18692
18693
18694
18696
18716
18717
18721
18723
18726
18729
18733
18737
18741
18743
18746
18751
18756
18757
18764
18765
18767
18768
18772
18781
18782
18787
18788
18790
18803
18807
18808
18811
18815
18818
18820
18826
18827
18833
18837
18838
18840
18841
18843
18844
18845
18847
18849
18852
18854
18856
18857
18863
18865
18868
18869
18872
18873
18882
18885
18893
18894
18896
18901
18902
18907
18908
18913
18915
18917
18919
18920
18929
18931
18932
18933
18934
18935
18937
18939
18942
18943
18944
18945
18946
18948
18950
18951
18954
18955
18958
18959
18960
18962
18966
18969
18970
18971
18972
18973
18976
18981
18987
18988
18989
18991
18993
18994
18995
18997
18998
18999
19003
19004
19005
19010
19012
19013
19014
19015
19017
19018
19019
19021
19022
19023
19024
19025
19029
19031
19035
19036
19038
19039
19040
19042
19043
19044
19051
19053
19057
19061
19062
19063
19064
19067
19069
19070
19071
19082
19087
19089
19090
19095
19097
19099
19101
19107
19109
19110
19115
19116
19117
19129
19130
19139
19143
19146
19148
19154
19155
19157
19160
19166
19169
19176
19179
19180
19187
19189
19190
19193
19198
19205
19206
19212
19214
19216
19217
19218
19219
19222
19223
19225
19227
19228
19229
19234
19236
19245
19252
19253
19257
19263
19267
19272
19274
19275
19277
19282
19286
19287
19288
19292
19294
19295
19298
19300
19303
19316
19318
19319
19320
19324
19326
19327
19329
19331
19332
19334
19335
19338
19339
19340
19347
19348
19350
19351
19352
19354
19356
19358
19359
19361
19363
19364
19367
19368
19374
19375
19378
19381
19382
19384
19385
19387
19390
19393
19412
19420
19428
19429
19433
19436
19438
19440
19441
19444
19445
19447
19448
19453
19454
19455
19456
19459
19463
19465
19468
19473
19480
19499
19506
19508
19511
19513
19515
19519
19522
19523
19526
19528
19529
19530
19531
19536
19537
19538
19539
19542
19544
19550
19558
19559
19565
19566
19567
19569
19571
19573
19575
19576
19577
19580
19586
19589
19590
19596
19598
19599
19604
19606
19611
19613
19615
19616
19618
19619
19623
19624
19628
19630
19632
19633
19635
19636
19641
19646
19647
19648
19662
19668
19670
19672
19673
19677
19683
19685
19694
19698
19702
19704
19705
19706
19708
19714
19715
19719
19720
19725
19729
19734
19740
19745
19750
19753
19755
19760
19761
19763
19770
19771
19774
19775
19777
19780
19781
19782
19786
19787
19789
19790
19793
19804
19809
19810
19815
19820
19827
19831
19834
19836
19839
19843
19845
19847
19852
19855
19859
19868
19870
19871
19872
19873
19877
19881
19887
19889
19900
19901
19902
19905
19910
19921
19924
19925
19926
19929
19948
19949
19950
19955
19958
19959
19961
19964
19966
19968
19969
19972
19973
19979
19985
19987
19988
19993
19998
20000
20001
20003
20005
20006
20009
20010
20012
20015
20016
20017
20024
20025
20029
20031
20033
20037
20038
20043
20045
20046
20048
20053
20058
20066
20069
20070
20074
20077
20078
20081
20090
20092
20093
20097
20098
20104
20107
20112
20114
20117
20120
20121
20124
20125
20137
20138
20141
20144
20149
20152
20153
20168
20169
20178
20179
20182
20198
20200
20203
20205
20208
20210
20212
20216
20218
20220
20222
20226
20231
20233
20234
20236
20237
20238
20242
20249
20252
20253
20254
20256
20259
20260
20261
20263
20269
20271
20272
20273
20275
20276
20277
20278
20281
20282
20285
20286
20287
20302
20305
20307
20308
20309
20310
20315
20316
20317
20318
20319
20320
20323
20325
20326
20327
20328
20330
20331
20333
20335
20338
20342
20344
20345
20347
20355
20357
20360
20361
20371
20372
20377
20383
20393
20401
20412
20415
20416
20418
20419
20420
20426
20429
20431
20433
20434
20438
20440
20448
20453
20454
20455
20456
20457
20458
20459
20468
20469
20471
20472
20476
20478
20479
20480
20482
20484
20487
20488
20492
20493
20495
20496
20498
20501
20503
20506
20512
20514
20518
20520
20529
20533
20534
20535
20537
20539
20546
20547
20553
20555
20556
20561
20562
20563
20568
20570
20572
20574
20576
20577
20579
20582
20584
20585
20597
20598
20603
20606
20608
20611
20615
20621
20622
20623
20627
20628
20638
20639
20651
20654
20658
20661
20671
20672
20684
20687
20689
20690
20691
20694
20695
20700
20703
20707
20710
20716
20720
20737
20740
20743
20744
20749
20750
20751
20759
20761
20762
20763
20769
20778
20793
20794
20796
20801
20802
20808
20811
20815
20816
20819
20820
20826
20837
20838
20839
20842
20845
20848
20851
20853
20857
20860
20861
20871
20877
20878
20880
20896
20897
20902
20906
20907
20909
20911
20914
20918
20922
20923
20926
20928
20930
20931
20934
20935
20937
20938
20940
20941
20953
20959
20965
20966
20975
20978
20980
20982
20983
20990
20992
20996
20997
21002
21012
21014
21015
21017
21018
21025
21028
21036
21039
21040
21041
21045
21046
21047
21053
21054
21056
21059
21060
21061
21062
21068
21070
21074
21079
21082
21083
21084
21085
21086
21087
21089
21090
21092
21096
21102
21103
21112
21113
21115
21122
21126
21128
21129
21131
21135
21140
21142
21146
21147
21149
21151
21152
21156
21157
21163
21165
21167
21169
21170
21187
21190
21191
21195
21198
21202
21204
21205
21214
21218
21220
21222
21223
21227
21228
21230
21234
21235
21245
21246
21253
21259
21260
21265
21269
21272
21275
21278
21279
21280
21285
21287
21293
21303
21305
21306
21313
21315
21316
21319
21321
21328
21329
21330
21332
21338
21351
21352
21356
21359
21360
21361
21362
21365
21366
21367
21370
21378
21379
21381
21384
21386
21391
21393
21398
21399
21401
21402
21403
21406
21413
21416
21417
21418
21419
21423
21424
21425
21432
21435
21440
21441
21442
21443
21444
21449
21450
21452
21456
21463
21465
21470
21472
21474
21481
21482
21484
21485
21486
21492
21493
21494
21495
21496
21497
21499
21500
21505
21510
21522
21525
21528
21529
21530
21532
21533
21536
21540
21543
21550
21551
21552
21553
21557
21558
21561
21565
21572
21574
21577
21578
21580
21583
21587
21588
21596
21602
21606
21608
21610
21612
21624
21625
21628
21630
21633
21634
21635
21645
21650
21652
21655
21657
21658
21659
21662
21665
21668
21670
21673
21676
21682
21685
21689
21691
21704
21706
21707
21709
21716
21717
21721
21723
21725
21726
21727
21730
21731
21734
21735
21737
21739
21740
21742
21744
21747
21748
21751
21752
21753
21761
21763
21764
21765
21770
21772
21773
21776
21777
21785
21788
21790
21795
21796
21797
21800
21801
21810
21814
21818
21821
21832
21838
21839
21848
21849
21855
21858
21860
21863
21867
21869
21876
21878
21881
21884
21888
21892
21893
21895
21897
21900
21902
21906
21909
21910
21913
21915
21917
21927
21935
21937
21940
21942
21945
21948
21951
21957
21959
21960
21965
21969
21973
21975
21976
21978
21982
21986
21990
21991
21998
22000
22001
22004
22007
22010
22011
22013
22014
22015
22018
22019
22020
22023
22025
22027
22031
22034
22035
22041
22042
22045
22050
22055
22057
22059
22060
22067
22068
22069
22071
22073
22074
22076
22078
22079
22080
22083
22084
22086
22090
22093
22095
22097
22099
22103
22104
22106
22107
22111
22117
22123
22126
22129
22130
22138
22143
22144
22150
22158
22161
22164
22165
22167
22168
22178
22179
22184
22189
22191
22195
22197
22205
22206
22207
22209
22210
22214
22215
22216
22218
22228
22232
22236
22238
22240
22245
22248
22250
22254
22256
22258
22265
22266
22267
22268
22270
22272
22273
22277
22278
22279
22287
22288
22289
22295
22299
22302
22305
22307
22308
22309
22310
22311
22319
22325
22328
22331
22332
22336
22338
22339
22341
22342
22346
22347
22353
22354
22355
22363
22366
22368
22370
22372
22374
22375
22376
22377
22380
22382
22385
22389
22392
22393
22398
22399
22404
22405
22407
22409
22412
22413
22416
22418
22420
22421
22423
22431
22432
22434
22436
22438
22440
22445
22446
22453
22458
22463
22467
22468
22470
22473
22476
22481
22488
22489
22492
22498
22501
22502
22506
22507
22510
22511
22526
22528
22531
22535
22540
22541
22543
22544
22547
22549
22551
22555
22557
22559
22562
22565
22568
22576
22578
22579
22583
22584
22595
22597
22598
22601
22610
22611
22612
22614
22615
22616
22618
22620
22627
22632
22633
22637
22638
22641
22651
22654
22657
22665
22674
22676
22677
22679
22680
22682
22687
22690
22693
22700
22701
22702
22703
22705
22709
22713
22715
22716
22721
22726
22729
22732
22737
22740
22741
22743
22746
22747
22748
22757
22763
22769
22771
22772
22773
22774
22777
22782
22784
22792
22793
22797
22798
22799
22800
22801
22802
22803
22810
22811
22816
22826
22828
22834
22835
22840
22844
22845
22847
22849
22851
22852
22855
22860
22868
22870
22873
22874
22877
22878
22883
22885
22886
22887
22889
22890
22892
22896
22903
22906
22909
22910
22911
22912
22913
22916
22917
22922
22924
22930
22931
22932
22933
22934
22937
22939
22946
22947
22948
22957
22962
22964
22965
22966
22971
22978
22982
22984
22992
22993
22997
22998
23004
23008
23009
23012
23013
23020
23021
23024
23027
23029
23039
23042
23048
23050
23063
23064
23065
23070
23074
23077
23080
23086
23088
23089
23091
23092
23094
23095
23097
23098
23100
23101
23104
23108
23110
23111
23113
23117
23118
23119
23120
23121
23125
23126
23130
23133
23135
23137
23140
23143
23147
23153
23156
23157
23158
23159
23163
23170
23176
23179
23182
23184
23186
23189
23191
23201
23202
23203
23204
23206
23207
23215
23216
23217
23221
23224
23228
23231
23233
23236
23239
23240
23245
23249
23255
23256
23261
23262
23268
23273
23276
23281
23283
23288
23290
23296
23299
23306
23311
23313
23314
23318
23320
23323
23324
23330
23331
23335
23339
23340
23342
23347
23348
23349
23353
23355
23357
23360
23367
23370
23372
23373
23377
23378
23380
23382
23389
23391
23394
23395
23396
23400
23404
23406
23410
23411
23414
23415
23416
23417
23418
23419
23425
23431
23433
23435
23437
23440
23448
23449
23450
23455
23457
23459
23463
23471
23472
23477
23481
23483
23491
23492
23493
23494
23496
23500
23501
23504
23506
23514
23515
23518
23520
23524
23525
23533
23534
23536
23538
23539
23541
23542
23544
23545
23548
23549
23552
23553
23557
23560
23561
23564
23566
23567
23569
23572
23574
23578
23581
23583
23587
23588
23591
23592
23593
23595
23597
23604
23614
23616
23617
23618
23620
23621
23624
23629
23635
23636
23638
23641
23650
23653
23654
23655
23656
23658
23660
23666
23668
23669
23673
23675
23676
23677
23679
23682
23689
23694
23700
23705
23706
23707
23708
23709
23710
23712
23719
23721
23724
23732
23733
23734
23739
23744
23745
23747
23756
23761
23763
23767
23769
23770
23772
23775
23782
23785
23787
23788
23791
23796
23797
23800
23801
23802
23806
23815
23817
23824
23826
23828
23830
23831
23835
23844
23847
23848
23849
23851
23853
23863
23866
23875
23876
23878
23881
23884
23886
23891
23892
23893
23895
23896
23900
23906
23911
23914
23916
23917
23918
23920
23922
23924
23927
23930
23936
23941
23942
23944
23945
23947
23950
23953
23954
23959
23964
23967
23970
23971
23973
23977
23980
23981
23983
23984
23985
23989
23992
23998
24005
24006
24007
24010
24012
24016
24020
24021
24025
24030
24037
24047
24052
24053
24056
24062
24064
24065
24069
24071
24074
24080
24089
24096
24101
24104
24106
24109
24111
24112
24115
24118
24127
24128
24140
24141
24143
24145
24146
24154
24156
24157
24160
24163
24164
24167
24180
24183
24186
24193
24194
24195
24201
24204
24207
24210
24213
24214
24215
24221
24225
24227
24232
24233
24240
24244
24249
24256
24258
24261
24262
24263
24265
24270
24271
24272
24274
24276
24283
24291
24295
24303
24304
24306
24307
24309
24311
24312
24320
24322
24323
24324
24325
24329
24333
24334
24337
24339
24341
24342
24344
24354
24355
24356
24360
24361
24362
24365
24366
24367
24368
24370
24375
24378
24383
24384
24389
24398
24399
24402
24403
24406
24409
24412
24414
24415
24420
24421
24423
24425
24435
24437
24440
24442
24445
24449
24452
24461
24466
24471
24473
24475
24476
24486
24489
24490
24492
24495
24499
24502
24503
24505
24506
24509
24511
24512
24515
24516
24518
24524
24525
24526
24533
24539
24540
24546
24552
24553
24555
24557
24558
24564
24565
24567
24568
24575
24581
24584
24585
24590
24591
24594
24595
24599
24605
24607
24614
24617
24619
24623
24625
24626
24630
24631
24633
24639
24643
24644
24648
24650
24651
24653
24656
24662
24663
24666
24669
24670
24673
24676
24677
24679
24680
24681
24684
24685
24691
24694
24699
24702
24703
24710
24717
24720
24724
24727
24728
24729
24733
24736
24737
24742
24743
24745
24746
24747
24748
24750
24751
24754
24756
24757
24759
24760
24761
24762
24764
24770
24772
24773
24775
24778
24780
24782
24785
24786
24787
24791
24794
24795
24796
24798
24802
24803
24810
24813
24815
24817
24819
24820
24822
24824
24826
24831
24835
24837
24838
24840
24852
24854
24857
24862
24866
24870
24875
24876
24877
24878
24881
24882
24885
24889
24890
24894
24895
24896
24901
24904
24910
24914
24915
24916
24917
24918
24919
24922
24926
24927
24931
24934
24935
24947
24950
24951
24953
24956
24959
24961
24967
24969
24972
24973
24977
24978
24981
24991
24993
24994
24999
25004
25006
25013
25016
25022
25031
25034
25035
25037
25045
25046
25050
25053
25054
25055
25058
25066
25071
25073
25076
25080
25082
25083
25086
25089
25100
25103
25110
25118
25119
25125
25126
25128
25134
25135
25138
25139
25140
25144
25145
25146
25148
25149
25157
25161
25166
25169
25172
25175
25177
25179
25180
25182
25184
25185
25189
25190
25193
25195
25196
25197
25198
25199
25208
25209
25214
25219
25221
25222
25229
25232
25233
25234
25236
25243
25244
25246
25247
25251
25253
25254
25257
25261
25262
25268
25269
25271
25273
25283
25284
25287
25288
25295
25296
25298
25300
25302
25308
25309
25310
25315
25316
25318
25321
25322
25323
25324
25328
25331
25336
25339
25341
25346
25352
25354
25357
25358
25360
25362
25366
25370
25372
25376
25381
25382
25386
25388
25391
25395
25408
25409
25413
25415
25417
25420
25422
25423
25425
25426
25428
25430
25432
25433
25434
25438
25440
25442
25448
25449
25453
25455
25462
25471
25473
25474
25476
25479
25483
25484
25488
25490
25491
25493
25495
25496
25500
25501
25512
25516
25518
25521
25522
25526
25530
25532
25533
25534
25540
25541
25549
25552
25554
25555
25565
25566
25568
25571
25578
25580
25581
25589
25592
25593
25595
25596
25601
25602
25604
25605
25606
25608
25613
25615
25616
25624
25626
25627
25628
25639
25640
25641
25642
25644
25648
25651
25657
25658
25660
25661
25662
25664
25667
25673
25679
25681
25683
25684
25687
25689
25690
25692
25694
25698
25700
25704
25706
25707
25708
25720
25724
25726
25727
25730
25732
25734
25735
25736
25738
25743
25748
25753
25754
25755
25761
25762
25763
25764
25770
25772
25775
25776
25777
25783
25788
25802
25805
25808
25810
25811
25812
25817
25819
25821
25824
25826
25827
25832
25833
25836
25838
25840
25841
25843
25844
25847
25849
25852
25854
25855
25859
25861
25863
25868
25870
25872
25873
25875
25877
25880
25883
25884
25885
25887
25890
25891
25892
25893
25895
25898
25904
25906
25911
25912
25922
25929
25932
25935
25939
25940
25942
25945
25946
25956
25958
25959
25961
25963
25983
25984
25985
25989
25990
25991
25996
25997
26004
26005
26006
26009
26010
26014
26022
26028
26030
26031
26032
26034
26036
26038
26045
26046
26049
26051
26052
26054
26056
26060
26061
26062
26063
26064
26066
26071
26076
26080
26083
26084
26085
26086
26087
26089
26090
26095
26096
26097
26102
26105
26109
26110
26112
26119
26125
26126
26127
26130
26132
26134
26138
26140
26146
26148
26151
26153
26157
26161
26162
26164
26167
26171
26173
26174
26175
26176
26178
26179
26181
26182
26187
26189
26190
26193
26194
26197
26199
26201
26206
26207
26213
26215
26226
26231
26232
26234
26235
26240
26247
26251
26255
26256
26258
26260
26261
26263
26265
26268
26272
26273
26274
26275
26276
26278
26283
26287
26297
26299
26303
26305
26310
26311
26313
26319
26321
26323
26327
26330
26333
26346
26349
26356
26363
26364
26367
26368
26375
26376
26377
26380
26382
26388
26390
26403
26404
26406
26408
26410
26418
26421
26425
26426
26427
26428
26433
26440
26441
26442
26443
26450
26454
26456
26457
26459
26461
26464
26467
26473
26479
26482
26486
26487
26488
26494
26495
26499
26501
26503
26505
26516
26519
26522
26523
26528
26529
26535
26537
26539
26541
26542
26544
26548
26549
26551
26552
26554
26555
26563
26567
26568
26572
26577
26578
26581
26591
26595
26598
26599
26603
26605
26607
26611
26613
26614
26616
26619
26621
26626
26628
26629
26630
26631
26636
26637
26639
26641
26642
26645
26647
26649
26651
26656
26657
26662
26663
26679
26680
26682
26686
26693
26701
26704
26705
26706
26712
26715
26721
26722
26723
26724
26727
26728
26731
26734
26736
26738
26739
26740
26743
26746
26748
26750
26751
26752
26755
26758
26760
26761
26763
26764
26770
26771
26773
26776
26777
26778
26779
26783
26791
26793
26804
26806
26807
26811
26814
26816
26817
26818
26821
26823
26824
26827
26833
26834
26836
26837
26838
26842
26846
26847
26849
26857
26861
26862
26866
26867
26874
26876
26883
26884
26887
26889
26892
26893
26895
26903
26904
26906
26909
26911
26918
26919
26920
26925
26926
26927
26928
26932
26934
26939
26944
26948
26950
26952
26953
26957
26958
26960
26967
26969
26971
26973
26974
26984
26990
26991
26995
26996
26998
26999
27001
27006
27009
27012
27013
27015
27019
27022
27023
27024
27026
27031
27046
27047
27064
27065
27071
27077
27078
27079
27080
27081
27084
27086
27087
27090
27091
27092
27093
27095
27108
27110
27114
27115
27118
27121
27129
27130
27132
27133
27135
27137
27140
27142
27143
27148
27149
27156
27158
27163
27164
27165
27168
27169
27170
27172
27174
27177
27183
27185
27191
27192
27194
27195
27202
27207
27208
27217
27218
27222
27225
27231
27233
27235
27238
27242
27243
27250
27254
27255
27257
27258
27261
27262
27266
27269
27270
27271
27273
27277
27278
27279
27280
27281
27283
27284
27288
27289
27290
27296
27298
27300
27302
27304
27305
27314
27315
27317
27321
27324
27326
27331
27334
27342
27346
27348
27351
27354
27359
27371
27375
27383
27387
27389
27390
27393
27397
27400
27401
27406
27420
27421
27422
27423
27424
27425
27428
27431
27433
27435
27437
27439
27445
27450
27451
27452
27453
27455
27456
27459
27462
27465
27467
27472
27474
27475
27476
27480
27485
27486
27493
27495
27502
27504
27505
27506
27509
27516
27518
27522
27533
27538
27541
27542
27549
27550
27553
27554
27559
27562
27563
27565
27567
27571
27572
27577
27578
27583
27585
27586
27590
27592
27594
27596
27598
27599
27610
27611
27616
27618
27626
27628
27636
27639
27640
27642
27645
27646
27647
27652
27653
27656
27659
27660
27665
27679
27681
27684
27685
27686
27687
27690
27696
27699
27700
27701
27702
27703
27704
27705
27706
27708
27711
27714
27715
27717
27722
27729
27732
27735
27737
27738
27743
27746
27748
27751
27756
27758
27761
27765
27766
27769
27770
27771
27779
27784
27785
27786
27794
27795
27797
27799
27800
27801
27802
27806
27807
27814
27828
27832
27833
27836
27838
27839
27847
27860
27863
27865
27866
27867
27870
27871
27873
27877
27879
27884
27885
27893
27895
27901
27902
27903
27904
27906
27908
27909
27913
27918
27922
27924
27926
27927
27928
27931
27932
27933
27934
27938
27943
27945
27947
27948
27954
27956
27963
27964
27966
27967
27969
27971
27972
27974
27977
27980
27981
27987
27988
27989
27991
27996
28001
28003
28014
28020
28021
28026
28028
28029
28031
28032
28042
28043
28044
28048
28052
28055
28058
28060
28065
28066
28068
28069
28070
28073
28077
28082
28084
28085
28089
28090
28091
28092
28095
28096
28104
28106
28108
28110
28113
28116
28121
28124
28125
28126
28133
28135
28136
28138
28143
28147
28149
28154
28158
28162
28167
28170
28178
28180
28181
28184
28189
28190
28191
28194
28197
28204
28208
28218
28224
28228
28229
28230
28237
28238
28241
28243
28245
28249
28251
28252
28253
28254
28257
28258
28260
28264
28267
28275
28282
28284
28286
28287
28292
28295
28297
28299
28300
28301
28302
28303
28307
28311
28315
28316
28321
28327
28331
28332
28338
28342
28343
28344
28345
28348
28351
28355
28368
28373
28374
28376
28377
28378
28379
28380
28392
28399
28400
28401
28402
28403
28411
28413
28416
28417
28418
28419
28424
28426
28427
28433
28436
28437
28438
28440
28441
28442
28445
28449
28456
28466
28469
28471
28473
28475
28487
28489
28492
28494
28496
28497
28500
28501
28505
28508
28511
28520
28524
28525
28529
28530
28531
28533
28537
28551
28558
28559
28560
28564
28574
28576
28579
28584
28585
28591
28593
28594
28595
28597
28602
28605
28606
28607
28609
28610
28611
28612
28616
28618
28621
28625
28629
28633
28634
28636
28638
28641
28642
28646
28651
28654
28657
28661
28662
28664
28667
28672
28673
28676
28678
28679
28680
28682
28687
28689
28692
28694
28699
28700
28703
28705
28706
28709
28715
28716
28718
28721
28722
28723
28724
28728
28729
28732
28733
28734
28739
28741
28742
28743
28746
28748
28752
28756
28758
28761
28767
28770
28772
28777
28782
28788
28791
28792
28800
28801
28802
28803
28807
28811
28814
28816
28819
28821
28827
28830
28831
28832
28833
28834
28842
28845
28847
28849
28854
28856
28865
28866
28867
28871
28872
28877
28889
28893
28894
28897
28900
28902
28912
28917
28919
28920
28921
28925
28927
28929
28935
28942
28944
28952
28953
28958
28961
28964
28967
28972
28973
28982
28984
28986
28987
28993
28994
28995
28996
28998
29005
29006
29007
29015
29019
29020
29021
29022
29023
29025
29026
29034
29039
29043
29044
29048
29053
29057
29058
29059
29060
29061
29064
29066
29068
29076
29079
29080
29081
29087
29090
29092
29093
29097
29100
29102
29103
29109
29110
29113
29121
29122
29125
29131
29132
29133
29135
29137
29139
29141
29142
29143
29144
29149
29151
29154
29159
29174
29175
29178
29180
29184
29187
29189
29190
29198
29200
29201
29202
29205
29206
29208
29212
29213
29216
29219
29220
29225
29227
29229
29231
29232
29240
29243
29244
29247
29249
29251
29253
29255
29256
29259
29263
29266
29270
29271
29273
29274
29276
29279
29282
29285
29291
29293
29302
29306
29309
29311
29319
29321
29324
29326
29328
29329
29340
29341
29348
29354
29357
29358
29359
29360
29362
29363
29366
29371
29374
29375
29376
29379
29380
29383
29384
29389
29393
29397
29398
29403
29407
29410
29411
29412
29424
29426
29430
29439
29441
29442
29446
29447
29451
29454
29456
29458
29459
29460
29467
29472
29478
29481
29484
29486
29500
29511
29512
29515
29518
29523
29524
29532
29535
29540
29543
29547
29548
29550
29552
29557
29561
29563
29564
29566
29567
29571
29575
29577
29579
29580
29581
29583
29586
29587
29588
29594
29599
29603
29608
29611
29613
29614
29615
29618
29623
29625
29626
29630
29631
29639
29643
29644
29645
29649
29650
29651
29654
29659
29661
29666
29669
29673
29674
29676
29677
29678
29683
29684
29685
29687
29691
29698
29703
29704
29706
29707
29709
29712
29713
29717
29720
29721
29724
29725
29726
29727
29730
29735
29742
29746
29748
29758
29759
29762
29764
29769
29773
29778
29783
29785
29787
29794
29795
29801
29803
29806
29807
29809
29810
29812
29813
29815
29819
29822
29823
29832
29833
29834
29835
29836
29838
29839
29845
29846
29847
29849
29852
29853
29854
29858
29861
29865
29867
29870
29871
29873
29874
29881
29882
29884
29885
29888
29890
29893
29901
29902
29908
29910
29911
29912
29914
29915
29916
29920
29927
29928
29933
29941
29942
29943
29946
29948
29955
29961
29963
29967
29968
29969
29970
29973
29980
29981
29983
29988
29990
29991
29993
29995
29996
29997
29998
30011
30013
30018
30021
30022
30023
30029
30039
30045
30048
30052
30054
30060
30061
30063
30069
30070
30072
30074
30075
30077
30078
30081
30085
30087
30090
30091
30097
30105
30107
30108
30114
30116
30117
30121
30122
30126
30129
30130
30133
30134
30135
30138
30139
30140
30145
30146
30148
30150
30153
30155
30157
30158
30160
30163
30164
30173
30177
30180
30181
30184
30185
30186
30193
30196
30200
30201
30203
30204
30207
30209
30213
30228
30233
30244
30247
30249
30251
30257
30258
30259
30261
30264
30265
30266
30269
30271
30274
30275
30277
30278
30282
30288
30294
30307
30310
30311
30313
30316
30317
30318
30321
30323
30325
30331
30332
30333
30335
30336
30337
30342
30346
30349
30356
30359
30368
30370
30371
30376
30382
30387
30389
30390
30394
30395
30396
30397
30403
30409
30411
30412
30414
30415
30417
30419
30422
30424
30427
30429
30430
30438
30441
30444
30451
30454
30455
30456
30458
30459
30461
30466
30467
30469
30473
30474
30475
30476
30477
30482
30490
30493
30494
30497
30501
30502
30505
30513
30515
30518
30519
30524
30526
30528
30530
30531
30532
30533
30535
30541
30542
30548
30549
30554
30560
30561
30562
30564
30572
30573
30574
30577
30579
30581
30584
30586
30587
30594
30597
30602
30604
30606
30609
30610
30612
30613
30616
30617
30620
30622
30623
30624
30629
30636
30643
30644
30646
30653
30660
30663
30666
30667
30669
30671
30672
30675
30676
30679
30682
30683
30685
30686
30687
30688
30689
30696
30698
30703
30706
30709
30711
30712
30713
30716
30718
30719
30721
30722
30723
30724
30726
30731
30735
30744
30747
30750
30751
30752
30753
30754
30757
30763
30765
30766
30767
30770
30772
30777
30781
30782
30784
30786
30787
30788
30789
30790
30792
30793
30798
30801
30802
30806
30809
30810
30812
30813
30815
30816
30817
30818
30819
30820
30821
30826
30831
30832
30833
30834
30836
30838
30840
30841
30842
30844
30847
30848
30864
30867
30871
30884
30889
30890
30894
30896
30903
30907
30910
30912
30914
30922
30924
30926
30927
30931
30935
30936
30937
30938
30939
30940
30942
30943
30945
30947
30951
30952
30954
30959
30960
30961
30968
30974
30978
30979
30981
30986
30994
31002
31005
31007
31010
31013
31018
31022
31023
31025
31028
31029
31031
31035
31038
31040
31043
31044
31046
31047
31048
31050
31055
31057
31059
31063
31064
31071
31072
31077
31080
31082
31085
31086
31090
31091
31103
31111
31116
31119
31120
31127
31128
31130
31132
31133
31136
31140
31142
31144
31145
31149
31154
31155
31156
31159
31162
31164
31165
31171
31172
31173
31175
31180
31185
31186
31189
31190
31191
31195
31197
31199
31202
31204
31206
31207
31210
31215
31217
31228
31230
31231
31232
31234
31236
31240
31246
31247
31248
31255
31260
31261
31265
31269
31270
31271
31272
31280
31285
31286
31288
31292
31293
31297
31302
31303
31308
31309
31315
31318
31327
31330
31333
31337
31338
31342
31347
31350
31353
31356
31359
31362
31363
31365
31373
31376
31377
31380
31390
31391
31405
31406
31407
31411
31412
31417
31419
31424
31425
31426
31428
31431
31435
31441
31448
31454
31455
31460
31465
31467
31471
31474
31477
31478
31482
31486
31487
31494
31495
31496
31501
31502
31504
31506
31508
31515
31521
31524
31525
31527
31532
31533
31535
31536
31546
31550
31551
31556
31558
31560
31561
31562
31563
31566
31567
31568
31572
31573
31574
31575
31580
31588
31591
31592
31593
31596
31597
31600
31605
31609
31610
31614
31615
31619
31621
31622
31626
31629
31631
31635
31636
31638
31640
31641
31647
31649
31654
31656
31661
31663
31669
31674
31677
31681
31682
31685
31687
31691
31694
31695
31704
31707
31713
31714
31717
31719
31723
31725
31727
31728
31735
31737
31740
31742
31751
31754
31756
31759
31761
31764
31766
31768
31773
31784
31785
31786
31792
31793
31795
31798
31799
31801
31803
31806
31809
31812
31820
31825
31828
31833
31835
31837
31842
31843
31849
31856
31859
31863
31864
31865
31866
31867
31870
31874
31880
31883
31886
31888
31890
31892
31894
31896
31897
31899
31900
31904
31907
31910
31912
31913
31914
31919
31926
31927
31928
31929
31931
31934
31935
31936
31939
31940
31941
31947
31949
31956
31965
31966
31969
31972
31974
31975
31978
31980
31984
31988
31991
31995
32002
32006
32009
32010
32013
32015
32016
32018
32021
32025
32027
32032
32035
32037
32038
32045
32046
32051
32052
32056
32057
32060
32061
32063
32069
32070
32071
32074
32076
32078
32079
32080
32082
32086
32090
32091
32093
32097
32098
32099
32101
32103
32106
32108
32109
32111
32113
32116
32121
32127
32130
32131
32134
32136
32137
32139
32140
32143
32145
32147
32148
32150
32151
32155
32157
32159
32161
32165
32166
32168
32169
32179
32184
32195
32196
32197
32199
32202
32203
32204
32205
32208
32212
32217
32219
32220
32224
32226
32228
32231
32232
32235
32239
32241
32242
32246
32250
32251
32252
32257
32261
32264
32265
32267
32268
32272
32274
32277
32281
32284
32286
32289
32291
32294
32295
32299
32303
32304
32305
32306
32308
32309
32319
32324
32325
32326
32330
32331
32333
32334
32336
32339
32340
32342
32344
32348
32350
32360
32361
32363
32364
32370
32372
32374
32375
32376
32377
32379
32382
32385
32386
32387
32390
32392
32393
32399
32400
32401
32404
32406
32408
32409
32410
32412
32415
32416
32420
32423
32425
32427
32430
32431
32435
32437
32442
32443
32447
32450
32452
32454
32455
32456
32457
32465
32468
32471
32472
32475
32476
32477
32480
32481
32483
32492
32497
32504
32509
32510
32511
32517
32518
32520
32521
32524
32529
32530
32532
32533
32540
32542
32546
32548
32558
32559
32560
32566
32568
32582
32583
32585
32589
32590
32591
32594
32595
32597
32602
32603
32606
32607
32612
32613
32614
32617
32626
32629
32632
32634
32638
32642
32647
32649
32653
32656
32659
32661
32662
32667
32668
32669
32684
32690
32693
32695
32697
32700
32703
32705
32706
32707
32708
32709
32710
32711
32718
32719
32720
32723
32733
32734
32744
32746
32747
32751
32752
32754
32758
32762
32768
32770
32773
32774
32781
32782
32783
32786
32787
32788
32791
32792
32795
32797
32803
32804
32805
32808
32812
32814
32816
32817
32820
32823
32825
32829
32830
32835
32839
32849
32852
32853
32855
32858
32861
32862
32873
32877
32880
32884
32888
32891
32895
32897
32900
32906
32907
32909
32910
32912
32913
32918
32920
32921
32922
32924
32930
32934
32936
32941
32942
32943
32946
32947
32949
32951
32954
32956
32959
32965
32968
32978
32980
32981
32985
32987
32990
32992
32994
33000
33001
33003
33005
33006
33007
33008
33011
33012
33014
33018
33019
33021
33022
33030
33032
33033
33035
33042
33045
33047
33050
33051
33052
33056
33057
33058
33064
33065
33073
33074
33076
33080
33081
33083
33084
33089
33090
33092
33093
33102
33103
33105
33107
33112
33116
33123
33130
33131
33133
33134
33136
33138
33142
33143
33145
33148
33149
33151
33153
33155
33160
33162
33163
33168
33170
33173
33175
33176
33179
33187
33188
33189
33191
33193
33198
33199
33201
33204
33205
33206
33209
33212
33216
33217
33218
33220
33227
33228
33237
33241
33249
33253
33255
33257
33258
33259
33260
33264
33265
33272
33275
33277
33280
33282
33283
33288
33291
33292
33293
33294
33297
33299
33301
33303
33304
33305
33306
33308
33310
33314
33318
33319
33320
33321
33323
33328
33329
33332
33333
33334
33335
33339
33345
33347
33349
33351
33359
33363
33371
33379
33390
33393
33400
33402
33403
33407
33412
33414
33417
33422
33424
33427
33430
33435
33436
33441
33443
33445
33447
33449
33456
33461
33463
33464
33465
33467
33468
33471
33472
33473
33480
33481
33484
33490
33492
33493
33494
33500
33508
33509
33511
33513
33520
33525
33529
33533
33535
33541
33543
33544
33545
33546
33548
33552
33554
33556
33558
33559
33560
33563
33567
33569
33570
33574
33575
33576
33578
33580
33584
33585
33589
33591
33592
33596
33598
33600
33603
33604
33615
33616
33621
33628
33634
33635
33636
33638
33640
33645
33658
33660
33662
33663
33665
33670
33677
33680
33682
33687
33688
33691
33696
33700
33706
33708
33709
33711
33713
33718
33719
33720
33725
33728
33732
33737
33739
33741
33743
33745
33747
33755
33756
33757
33762
33765
33766
33768
33772
33773
33777
33779
33780
33782
33792
33795
33801
33806
33808
33810
33811
33818
33820
33828
33829
33832
33834
33837
33849
33853
33855
33856
33857
33865
33866
33869
33875
33879
33882
33885
33888
33889
33890
33891
33894
33903
33906
33907
33908
33913
33915
33919
33921
33923
33924
33925
33927
33931
33932
33934
33938
33943
33947
33955
33956
33964
33965
33977
33978
33983
33984
33988
33989
33992
33995
33996
34005
34006
34012
34017
34018
34019
34022
34023
34024
34031
34033
34037
34038
34039
34045
34046
34048
34050
34053
34055
34056
34057
34059
34064
34070
34075
34080
34082
34086
34087
34088
34090
34092
34094
34095
34096
34098
34102
34105
34109
34115
34116
34117
34121
34123
34124
34133
34136
34142
34147
34150
34151
34167
34173
34174
34179
34180
34181
34186
34188
34191
34192
34195
34198
34203
34209
34212
34216
34220
34221
34226
34230
34242
34246
34249
34253
34254
34258
34259
34268
34276
34284
34289
34293
34297
34299
34301
34302
34305
34308
34313
34314
34317
34318
34324
34327
34328
34330
34331
34334
34337
34356
34357
34360
34361
34363
34364
34367
34372
34373
34374
34375
34377
34380
34384
34388
34392
34393
34394
34396
34401
34411
34412
34413
34414
34415
34420
34421
34422
34424
34432
34434
34435
34438
34440
34441
34444
34446
34451
34458
34460
34461
34463
34465
34466
34468
34470
34476
34478
34488
34489
34495
34497
34499
34500
34501
34504
34512
34529
34531
34535
34537
34544
34550
34552
34555
34561
34562
34563
34565
34568
34570
34571
34577
34578
34579
34580
34581
34582
34584
34588
34592
34593
34594
34597
34598
34602
34605
34607
34608
34611
34615
34618
34620
34621
34632
34634
34637
34647
34650
34651
34655
34658
34661
34662
34663
34676
34684
34689
34691
34694
34696
34700
34702
34703
34706
34711
34714
34715
34719
34722
34729
34732
34736
34738
34739
34740
34741
34744
34745
34747
34748
34754
34757
34758
34760
34761
34762
34763
34771
34776
34778
34782
34783
34786
34787
34794
34795
34796
34797
34802
34803
34810
34812
34817
34820
34822
34823
34824
34826
34827
34828
34829
34831
34834
34835
34836
34837
34838
34843
34846
34847
34851
34852
34854
34855
34857
34859
34865
34867
34876
34877
34881
34885
34891
34895
34899
34907
34911
34914
34919
34923
34924
34925
34926
34927
34928
34933
34934
34935
34936
34937
34938
34940
34941
34942
34944
34947
34952
34958
34959
34960
34965
34966
34968
34970
34975
34976
34978
34980
34983
34986
34996
34998
34999
35000
35001
35006
35007
35009
35011
35015
35020
35021
35029
35031
35032
35040
35042
35045
35050
35053
35055
35057
35061
35062
35063
35068
35071
35075
35076
35082
35083
35084
35088
35091
35093
35094
35096
35098
35101
35104
35108
35111
35112
35115
35118
35120
35121
35124
35127
35128
35129
35136
35139
35142
35146
35147
35148
35149
35150
35152
35154
35155
35158
35163
35166
35168
35170
35171
35172
35179
35182
35188
35190
35191
35193
35194
35198
35206
35209
35213
35214
35216
35222
35223
35228
35231
35235
35237
35243
35247
35250
35256
35261
35263
35264
35265
35268
35269
35272
35274
35279
35282
35283
35285
35287
35293
35294
35295
35296
35298
35302
35307
35309
35310
35311
35314
35315
35316
35326
35336
35337
35338
35340
35345
35349
35350
35352
35355
35356
35358
35362
35365
35367
35369
35377
35378
35381
35390
35397
35403
35407
35409
35410
35412
35414
35417
35421
35427
35428
35430
35434
35436
35438
35444
35445
35448
35450
35451
35456
35457
35458
35461
35464
35465
35467
35468
35470
35474
35475
35477
35481
35488
35491
35492
35500
35501
35505
35510
35515
35519
35525
35526
35528
35529
35530
35533
35534
35537
35541
35551
35557
35562
35568
35569
35572
35576
35580
35582
35586
35590
35591
35594
35595
35597
35598
35599
35603
35604
35605
35606
35608
35611
35613
35620
35622
35633
35635
35639
35640
35643
35644
35650
35652
35653
35656
35658
35662
35665
35669
35673
35683
35686
35688
35689
35691
35694
35695
35698
35702
35704
35709
35711
35714
35715
35718
35719
35722
35723
35727
35730
35733
35734
35736
35744
35748
35751
35753
35754
35758
35759
35761
35763
35764
35772
35775
35778
35779
35782
35784
35785
35788
35796
35801
35802
35812
35816
35818
35822
35827
35831
35833
35836
35838
35844
35846
35847
35849
35855
35859
35862
35867
35869
35870
35873
35878
35879
35882
35883
35890
35892
35894
35899
35900
35901
35913
35916
35919
35930
35931
35932
35933
35936
35938
35940
35944
35945
35951
35956
35958
35959
35960
35963
35971
35972
35973
35976
35982
35983
35985
35988
35991
35994
36003
36005
36007
36009
36012
36013
36014
36016
36022
36027
36028
36033
36034
36041
36043
36046
36054
36061
36063
36064
36066
36068
36070
36072
36073
36075
36078
36081
36083
36085
36087
36088
36090
36095
36103
36106
36110
36111
36113
36126
36130
36131
36132
36136
36137
36139
36140
36141
36142
36152
36155
36159
36161
36162
36164
36169
36170
36173
36180
36185
36186
36190
36191
36193
36197
36200
36201
36202
36204
36207
36215
36216
36218
36220
36225
36228
36233
36234
36235
36236
36244
36246
36249
36252
36254
36257
36259
36266
36268
36272
36275
36278
36279
36282
36284
36287
36290
36293
36295
36298
36299
36300
36301
36304
36306
36312
36313
36329
36339
36340
36344
36351
36353
36354
36355
36358
36363
36365
36366
36367
36375
36377
36378
36379
36385
36386
36393
36394
36396
36398
36401
36405
36407
36408
36409
36410
36412
36414
36420
36421
36426
36431
36435
36437
36438
36439
36440
36441
36450
36452
36453
36460
36463
36465
36468
36470
36473
36474
36476
36477
36480
36483
36486
36493
36494
36501
36502
36504
36506
36507
36515
36516
36518
36521
36525
36530
36531
36532
36534
36538
36539
36544
36546
36557
36558
36563
36566
36573
36574
36575
36581
36587
36591
36596
36597
36601
36605
36606
36607
36612
36613
36614
36615
36618
36621
36622
36623
36627
36629
36632
36633
36637
36639
36643
36645
36648
36657
36662
36664
36666
36667
36669
36676
36681
36683
36684
36688
36689
36694
36696
36702
36707
36715
36720
36721
36722
36723
36724
36726
36731
36732
36735
36738
36739
36744
36746
36748
36749
36752
36756
36757
36758
36761
36763
36768
36772
36775
36778
36780
36781
36782
36786
36788
36795
36796
36798
36801
36804
36816
36820
36821
36829
36831
36832
36838
36843
36845
36848
36849
36850
36851
36856
36857
36858
36863
36866
36869
36874
36877
36882
36886
36887
36888
36890
36892
36903
36907
36912
36920
36927
36929
36937
36938
36944
36945
36947
36949
36950
36951
36953
36954
36955
36958
36960
36961
36962
36969
36970
36974
36982
36988
36990
36994
36996
36999
37001
37002
37003
37007
37009
37010
37011
37013
37015
37018
37025
37028
37032
37034
37040
37041
37043
37044
37046
37048
37050
37052
37055
37056
37059
37060
37064
37070
37072
37077
37078
37079
37080
37084
37085
37086
37096
37102
37104
37105
37107
37108
37109
37111
37120
37125
37127
37128
37135
37137
37140
37146
37149
37152
37163
37165
37166
37167
37176
37183
37187
37189
37191
37192
37194
37196
37202
37203
37208
37210
37212
37214
37216
37217
37218
37220
37223
37224
37229
37230
37233
37239
37247
37248
37253
37257
37261
37265
37269
37271
37272
37274
37278
37283
37285
37291
37297
37304
37305
37306
37307
37308
37309
37310
37311
37316
37318
37319
37320
37322
37324
37325
37331
37332
37333
37335
37336
37337
37338
37341
37344
37346
37350
37358
37359
37364
37365
37367
37370
37380
37385
37386
37394
37395
37397
37399
37402
37406
37409
37410
37415
37416
37417
37418
37419
37420
37421
37423
37424
37425
37426
37433
37434
37437
37438
37439
37448
37456
37459
37462
37464
37467
37470
37471
37473
37475
37477
37480
37482
37484
37485
37487
37488
37493
37498
37499
37500
37501
37502
37505
37513
37515
37516
37517
37520
37523
37527
37531
37532
37533
37534
37542
37543
37545
37546
37553
37559
37561
37562
37566
37568
37569
37578
37581
37585
37586
37594
37597
37598
37605
37609
37610
37612
37613
37622
37631
37633
37635
37642
37644
37645
37649
37654
37655
37664
37668
37672
37674
37680
37684
37687
37690
37691
37697
37698
37700
37701
37702
37707
37708
37715
37716
37723
37725
37726
37729
37738
37746
37747
37750
37752
37756
37757
37758
37760
37763
37769
37778
37779
37783
37785
37788
37789
37791
37793
37796
37797
37798
37803
37804
37808
37811
37813
37817
37821
37823
37825
37833
37839
37840
37843
37855
37856
37858
37863
37865
37869
37870
37874
37876
37880
37887
37889
37890
37892
37898
37900
37903
37906
37912
37916
37921
37922
37923
37924
37925
37941
37944
37947
37955
37956
37958
37959
37961
37964
37967
37976
37979
37980
37982
37985
37992
37996
37997
37998
37999
38002
38010
38013
38016
38018
38022
38029
38031
38032
38033
38034
38038
38039
38040
38041
38043
38044
38048
38049
38051
38055
38061
38066
38067
38068
38070
38076
38077
38078
38080
38083
38085
38087
38088
38091
38092
38093
38094
38095
38096
38098
38099
38103
38107
38111
38114
38119
38121
38124
38127
38129
38130
38131
38135
38137
38138
38140
38141
38144
38151
38154
38156
38159
38163
38164
38167
38174
38177
38179
38180
38181
38182
38185
38190
38192
38193
38195
38202
38204
38206
38207
38210
38215
38219
38220
38222
38224
38231
38233
38234
38235
38238
38243
38249
38253
38260
38262
38270
38271
38272
38274
38278
38285
38288
38289
38292
38296
38297
38298
38300
38301
38311
38318
38320
38322
38323
38325
38326
38330
38332
38335
38337
38338
38340
38342
38349
38350
38352
38360
38361
38364
38370
38376
38377
38380
38382
38388
38389
38390
38392
38393
38398
38399
38410
38414
38417
38418
38419
38420
38425
38427
38428
38439
38442
38445
38447
38448
38451
38452
38456
38457
38460
38462
38466
38467
38469
38470
38471
38472
38474
38477
38478
38479
38480
38489
38495
38496
38497
38499
38502
38503
38504
38506
38508
38513
38514
38515
38522
38529
38531
38536
38537
38540
38544
38546
38547
38550
38553
38555
38557
38562
38565
38574
38589
38593
38594
38597
38598
38599
38604
38606
38608
38612
38613
38618
38624
38637
38638
38639
38641
38645
38647
38649
38652
38653
38654
38656
38657
38662
38664
38665
38666
38667
38668
38670
38671
38673
38677
38681
38686
38688
38689
38691
38692
38695
38696
38697
38701
38704
38705
38706
38707
38709
38717
38722
38724
38730
38731
38735
38739
38740
38741
38745
38748
38750
38751
38753
38762
38765
38766
38769
38771
38780
38781
38791
38794
38804
38805
38807
38810
38817
38823
38826
38830
38842
38845
38847
38849
38852
38861
38874
38878
38879
38880
38884
38885
38887
38888
38889
38890
38893
38895
38898
38905
38906
38910
38913
38917
38924
38929
38932
38935
38938
38942
38943
38944
38948
38958
38960
38962
38965
38966
38970
38981
38989
38994
38997
39003
39006
39008
39012
39019
39021
39024
39032
39036
39037
39038
39039
39040
39044
39046
39047
39049
39050
39052
39053
39055
39057
39059
39060
39066
39068
39070
39071
39072
39077
39082
39086
39089
39090
39092
39095
39096
39099
39101
39104
39105
39106
39107
39108
39109
39112
39113
39118
39119
39121
39123
39126
39127
39129
39130
39133
39141
39145
39146
39147
39152
39153
39157
39159
39160
39161
39162
39167
39175
39179
39180
39185
39191
39198
39205
39211
39215
39216
39218
39220
39221
39223
39228
39229
39230
39231
39233
39235
39241
39247
39249
39252
39255
39260
39262
39267
39269
39271
39276
39281
39282
39283
39285
39288
39297
39299
39300
39301
39304
39307
39308
39311
39312
39313
39321
39322
39324
39325
39326
39329
39332
39339
39344
39346
39347
39362
39365
39366
39374
39384
39389
39390
39393
39395
39396
39397
39398
39399
39403
39406
39411
39412
39416
39419
39423
39432
39436
39438
39439
39441
39444
39445
39448
39455
39457
39458
39462
39463
39464
39468
39470
39471
39472
39473
39475
39477
39480
39481
39482
39483
39485
39486
39488
39489
39491
39492
39499
39500
39504
39506
39507
39509
39513
39514
39516
39519
39520
39521
39525
39530
39533
39535
39536
39538
39540
39542
39545
39550
39551
39553
39557
39558
39566
39571
39574
39575
39576
39579
39583
39584
39589
39601
39602
39603
39604
39609
39611
39614
39616
39620
39621
39623
39624
39625
39628
39634
39640
39645
39647
39648
39649
39651
39652
39653
39657
39660
39661
39666
39668
39670
39675
39678
39679
39680
39682
39683
39686
39687
39691
39695
39696
39697
39705
39724
39729
39730
39731
39734
39745
39747
39748
39749
39751
39754
39758
39759
39762
39765
39767
39770
39774
39777
39783
39787
39789
39793
39799
39802
39805
39807
39810
39813
39826
39832
39833
39834
39836
39838
39845
39852
39860
39861
39863
39864
39865
39866
39868
39869
39871
39875
39880
39881
39891
39895
39897
39899
39903
39904
39905
39907
39920
39923
39931
39933
39936
39942
39946
39948
39959
39967
39969
39971
39983
39986
39989
39994
39996
39997
39998
40002
40003
40006
40007
40008
40009
40010
40015
40022
40025
40035
40039
40040
40041
40042
40044
40047
40048
40049
40051
40053
40055
40064
40069
40073
40077
40084
40086
40087
40091
40093
40097
40098
40104
40107
40111
40112
40113
40115
40134
40138
40144
40145
40149
40151
40152
40153
40154
40155
40159
40161
40165
40171
40172
40173
40177
40178
40185
40187
40189
40196
40199
40201
40206
40209
40216
40222
40224
40226
40230
40232
40234
40236
40239
40240
40242
40245
40246
40247
40251
40256
40262
40269
40275
40276
40281
40283
40284
40290
40298
40300
40303
40304
40308
40309
40317
40327
40329
40331
40333
40334
40337
40340
40346
40347
40348
40349
40350
40359
40367
40369
40372
40373
40377
40380
40384
40385
40386
40388
40389
40393
40398
40407
40410
40411
40415
40417
40420
40421
40424
40426
40429
40430
40433
40434
40442
40444
40445
40449
40457
40458
40459
40460
40462
40463
40464
40466
40475
40476
40477
40478
40484
40485
40487
40489
40490
40497
40498
40499
40503
40505
40515
40516
40518
40519
40524
40528
40533
40535
40539
40540
40542
40543
40544
40545
40549
40551
40556
40557
40558
40562
40566
40568
40570
40573
40575
40579
40587
40590
40591
40598
40601
40607
40608
40609
40613
40615
40616
40618
40620
40621
40642
40643
40648
40653
40660
40662
40665
40666
40668
40673
40675
40677
40679
40680
40689
40694
40696
40697
40698
40700
40701
40704
40709
40710
40713
40714
40715
40716
40717
40718
40723
40725
40726
40727
40728
40732
40733
40734
40741
40744
40745
40747
40748
40752
40754
40758
40759
40763
40764
40765
40769
40772
40773
40775
40786
40787
40788
40791
40792
40796
40797
40799
40801
40802
40805
40806
40807
40809
40811
40820
40826
40828
40830
40837
40839
40841
40848
40852
40855
40857
40868
40871
40874
40879
40880
40882
40891
40894
40904
40905
40907
40908
40909
40913
40917
40918
40923
40924
40926
40932
40934
40935
40936
40937
40940
40941
40945
40951
40952
40955
40958
40960
40961
40964
40965
40967
40969
40971
40975
40979
40980
40983
40986
40989
40994
40997
40998
41000
41005
41006
41007
41012
41013
41014
41019
41020
41023
41025
41026
41028
41034
41035
41040
41043
41044
41045
41046
41056
41066
41069
41071
41073
41074
41076
41077
41082
41084
41086
41087
41092
41095
41096
41098
41099
41102
41107
41113
41116
41119
41121
41123
41125
41126
41130
41131
41139
41141
41142
41143
41146
41149
41154
41155
41162
41164
41167
41168
41175
41177
41178
41182
41188
41190
41192
41193
41194
41195
41198
41199
41200
41211
41213
41217
41218
41221
41223
41229
41230
41231
41233
41234
41235
41236
41238
41240
41246
41248
41250
41254
41257
41263
41264
41265
41269
41272
41275
41296
41302
41303
41304
41307
41308
41309
41311
41318
41321
41327
41328
41330
41332
41340
41342
41343
41345
41352
41356
41358
41360
41364
41365
41370
41375
41382
41388
41394
41395
41397
41401
41402
41405
41407
41410
41414
41420
41423
41425
41429
41430
41431
41434
41435
41440
41444
41446
41448
41450
41451
41452
41454
41456
41457
41458
41463
41467
41470
41472
41475
41480
41481
41486
41490
41492
41496
41508
41509
41511
41512
41513
41521
41522
41523
41526
41527
41533
41535
41536
41543
41545
41547
41550
41551
41554
41556
41559
41561
41562
41564
41565
41577
41583
41588
41589
41591
41594
41599
41600
41603
41611
41612
41620
41621
41622
41623
41628
41635
41636
41637
41639
41642
41644
41645
41646
41649
41661
41664
41665
41669
41671
41673
41675
41677
41680
41684
41687
41690
41693
41697
41702
41705
41706
41708
41714
41716
41718
41721
41724
41725
41728
41729
41733
41734
41735
41737
41740
41741
41743
41744
41745
41751
41756
41759
41764
41767
41769
41772
41775
41781
41782
41784
41788
41792
41793
41797
41798
41799
41800
41801
41804
41805
41806
41808
41814
41821
41826
41828
41829
41831
41838
41839
41842
41843
41845
41849
41850
41851
41852
41853
41859
41864
41866
41868
41869
41871
41873
41875
41882
41883
41884
41886
41888
41890
41892
41896
41897
41900
41902
41909
41910
41912
41914
41916
41921
41932
41933
41937
41940
41949
41951
41953
41956
41960
41962
41970
41975
41986
41990
41991
41993
41995
41999
42001
42004
42009
42011
42012
42014
42015
42016
42019
42020
42021
42026
42028
42029
42032
42036
42041
42044
42045
42049
42050
42052
42057
42059
42064
42066
42068
42076
42077
42079
42081
42082
42087
42089
42091
42092
42093
42095
42096
42098
42104
42108
42110
42112
42116
42117
42120
42128
42132
42134
42135
42138
42141
42144
42146
42148
42151
42152
42158
42161
42163
42168
42169
42170
42177
42180
42181
42185
42186
42190
42192
42196
42197
42198
42202
42204
42207
42209
42210
42212
42217
42218
42219
42222
42226
42230
42231
42233
42239
42240
42241
42242
42243
42245
42252
42253
42258
42261
42262
42267
42272
42276
42283
42285
42287
42288
42293
42302
42304
42306
42309
42317
42320
42341
42344
42354
42358
42361
42362
42363
42370
42374
42375
42381
42382
42390
42391
42393
42399
42404
42405
42409
42424
42430
42431
42433
42435
42438
42445
42447
42448
42450
42451
42454
42456
42463
42466
42468
42478
42479
42480
42481
42484
42485
42488
42491
42493
42496
42501
42503
42504
42505
42508
42509
42519
42521
42522
42524
42527
42528
42531
42532
42533
42537
42541
42545
42546
42547
42551
42552
42559
42564
42566
42567
42568
42570
42571
42577
42580
42582
42584
42589
42591
42592
42593
42594
42596
42601
42604
42608
42612
42614
42615
42620
42625
42626
42627
42628
42644
42645
42646
42649
42651
42653
42657
42659
42660
42661
42663
42668
42675
42679
42682
42687
42688
42696
42703
42705
42706
42708
42710
42716
42717
42718
42721
42722
42724
42729
42736
42740
42741
42743
42744
42745
42746
42748
42753
42754
42756
42762
42764
42767
42776
42778
42779
42784
42786
42789
42791
42792
42797
42798
42800
42801
42803
42804
42806
42811
42813
42817
42820
42821
42825
42827
42832
42838
42839
42846
42848
42853
42856
42858
42862
42867
42869
42874
42876
42877
42880
42881
42883
42889
42890
42891
42892
42894
42909
42923
42927
42928
42929
42935
42937
42939
42940
42942
42945
42948
42949
42950
42953
42956
42959
42961
42965
42969
42972
42973
42978
42982
42984
42986
42987
42990
42991
42992
42993
42995
42998
42999
43001
43002
43005
43006
43012
43018
43023
43025
43031
43033
43035
43036
43037
43038
43040
43042
43043
43044
43053
43055
43056
43057
43059
43065
43070
43073
43077
43082
43085
43086
43088
43089
43091
43093
43098
43099
43101
43103
43105
43108
43110
43113
43114
43115
43117
43123
43133
43135
43140
43142
43153
43154
43155
43156
43157
43158
43160
43162
43166
43167
43172
43173
43177
43187
43189
43192
43195
43198
43204
43210
43213
43214
43216
43217
43219
43223
43229
43237
43238
43241
43243
43248
43252
43259
43260
43261
43262
43267
43269
43283
43286
43295
43297
43300
43302
43308
43311
43312
43314
43319
43321
43324
43334
43335
43337
43347
43349
43350
43355
43356
43359
43363
43364
43366
43367
43368
43370
43374
43375
43385
43388
43389
43399
43400
43403
43407
43409
43412
43414
43416
43417
43420
43422
43424
43425
43426
43431
43434
43436
43437
43439
43441
43442
43445
43446
43449
43450
43456
43458
43463
43464
43467
43468
43471
43474
43475
43476
43479
43480
43485
43490
43496
43497
43500
43503
43504
43508
43511
43512
43517
43519
43520
43521
43528
43533
43535
43536
43537
43540
43545
43546
43556
43564
43565
43567
43569
43571
43581
43582
43583
43585
43586
43589
43590
43592
43593
43594
43595
43599
43602
43608
43613
43615
43617
43620
43628
43630
43632
43645
43647
43653
43659
43660
43661
43662
43663
43667
43668
43669
43671
43673
43675
43681
43685
43689
43692
43697
43698
43702
43703
43709
43711
43714
43718
43726
43730
43731
43732
43742
43743
43744
43747
43753
43754
43756
43757
43761
43762
43767
43768
43770
43771
43773
43776
43779
43785
43790
43795
43796
43799
43800
43805
43806
43807
43809
43812
43813
43814
43822
43826
43827
43829
43831
43832
43839
43840
43841
43842
43843
43845
43847
43848
43851
43855
43856
43857
43860
43865
43867
43871
43873
43874
43875
43880
43884
43885
43886
43890
43893
43894
43896
43897
43902
43904
43908
43909
43913
43915
43920
43922
43923
43924
43929
43931
43933
43936
43937
43942
43945
43947
43950
43955
43956
43957
43966
43968
43971
43976
43977
43979
43982
43986
43987
43988
43990
43994
43996
43999
44001
44006
44008
44012
44014
44020
44028
44029
44040
44048
44051
44055
44062
44067
44070
44071
44072
44073
44084
44085
44090
44095
44100
44103
44104
44105
44106
44107
44112
44113
44116
44117
44118
44120
44123
44128
44129
44131
44137
44140
44142
44145
44147
44149
44150
44152
44154
44155
44159
44161
44164
44166
44168
44169
44172
44175
44176
44178
44179
44180
44184
44191
44196
44197
44201
44207
44208
44209
44217
44222
44223
44226
44229
44230
44234
44235
44237
44239
44242
44252
44253
44255
44256
44257
44258
44261
44263
44265
44268
44276
44277
44284
44288
44293
44295
44296
44299
44304
44307
44310
44311
44317
44318
44328
44329
44330
44334
44335
44342
44344
44345
44346
44354
44356
44358
44359
44366
44368
44373
44376
44381
44382
44390
44392
44393
44396
44398
44399
44402
44404
44406
44407
44411
44416
44417
44421
44422
44423
44426
44427
44430
44431
44432
44433
44435
44437
44439
44443
44447
44459
44461
44463
44464
44465
44466
44467
44468
44475
44478
44482
44490
44492
44500
44504
44507
44510
44512
44513
44518
44522
44523
44538
44540
44544
44545
44555
44557
44570
44574
44578
44580
44582
44584
44590
44593
44596
44597
44600
44607
44608
44609
44614
44618
44624
44627
44628
44632
44633
44635
44636
44647
44666
44670
44673
44674
44675
44676
44677
44680
44683
44684
44686
44687
44688
44693
44694
44695
44703
44704
44705
44707
44708
44711
44718
44721
44724
44730
44735
44738
44740
44741
44742
44743
44746
44747
44748
44751
44753
44757
44758
44760
44774
44776
44777
44782
44783
44784
44785
44789
44792
44793
44794
44795
44796
44797
44798
44805
44813
44815
44816
44817
44820
44821
44824
44830
44831
44833
44834
44837
44842
44843
44847
44848
44853
44856
44857
44858
44864
44865
44866
44867
44885
44886
44892
44893
44898
44899
44900
44903
44904
44906
44907
44909
44910
44917
44918
44921
44925
44926
44927
44930
44933
44942
44943
44948
44953
44954
44957
44962
44972
44973
44977
44980
44985
44986
44988
44989
44995
44997
44998
44999
45005
45006
45011
45012
45013
45015
45018
45022
45023
45032
45034
45038
45039
45042
45043
45046
45051
45057
45061
45062
45066
45072
45078
45079
45080
45083
45091
45097
45102
45106
45110
45111
45112
45113
45114
45116
45119
45120
45123
45124
45125
45131
45134
45135
45137
45139
45140
45143
45144
45147
45149
45152
45156
45157
45158
45163
45164
45165
45169
45171
45178
45180
45181
45182
45183
45191
45192
45194
45197
45203
45204
45205
45207
45210
45211
45214
45215
45217
45221
45235
45236
45238
45242
45244
45246
45251
45253
45255
45256
45269
45271
45272
45273
45277
45282
45285
45288
45290
45294
45296
45301
45304
45306
45309
45312
45314
45316
45319
45321
45325
45328
45330
45331
45338
45339
45341
45344
45345
45346
45347
45349
45351
45353
45357
45359
45361
45362
45364
45367
45370
45374
45376
45380
45389
45404
45408
45412
45413
45414
45417
45420
45421
45422
45428
45429
45434
45436
45439
45440
45441
45447
45449
45451
45453
45454
45455
45461
45467
45469
45470
45471
45473
45478
45479
45481
45482
45489
45499
45509
45511
45512
45513
45515
45516
45519
45520
45521
45525
45526
45529
45542
45545
45546
45550
45551
45553
45561
45563
45564
45565
45570
45571
45574
45578
45579
45581
45583
45587
45594
45599
45601
45602
45606
45615
45616
45624
45629
45639
45645
45652
45653
45657
45660
45661
45663
45664
45669
45681
45682
45685
45686
45689
45695
45698
45705
45708
45711
45715
45716
45721
45730
45731
45732
45735
45737
45741
45742
45744
45745
45747
45748
45757
45758
45759
45762
45765
45766
45770
45779
45780
45783
45789
45790
45792
45793
45799
45801
45806
45808
45810
45812
45814
45815
45818
45819
45828
45830
45831
45832
45835
45836
45838
45843
45845
45847
45850
45852
45854
45855
45857
45858
45859
45863
45869
45872
45875
45878
45881
45884
45885
45886
45887
45892
45893
45895
45898
45903
45909
45910
45911
45915
45916
45918
45921
45923
45924
45927
45931
45933
45934
45941
45952
45956
45960
45961
45963
45967
45968
45969
45972
45973
45976
45980
45983
45991
45997
45998
46005
46008
46009
46010
46013
46014
46016
46025
46034
46035
46039
46048
46052
46053
46054
46056
46058
46062
46063
46064
46066
46070
46071
46075
46086
46088
46092
46094
46095
46103
46107
46113
46115
46116
46120
46122
46123
46124
46126
46128
46130
46138
46142
46145
46151
46154
46157
46159
46160
46162
46163
46168
46171
46176
46179
46182
46194
46198
46200
46201
46203
46204
46205
46206
46207
46208
46213
46215
46217
46222
46225
46231
46233
46234
46235
46239
46240
46241
46242
46245
46247
46249
46251
46261
46264
46265
46267
46268
46270
46275
46276
46277
46281
46282
46288
46289
46293
46296
46301
46303
46306
46307
46311
46312
46313
46315
46317
46321
46322
46325
46328
46329
46333
46335
46342
46349
46354
46357
46360
46361
46365
46369
46370
46371
46372
46374
46376
46377
46378
46381
46382
46383
46384
46386
46395
46399
46406
46407
46412
46416
46418
46423
46424
46431
46432
46438
46440
46441
46443
46447
46448
46451
46453
46464
46466
46468
46469
46472
46475
46478
46479
46481
46483
46484
46487
46488
46489
46491
46493
46497
46501
46509
46510
46511
46512
46514
46524
46525
46527
46531
46532
46534
46536
46539
46541
46542
46544
46545
46549
46550
46553
46554
46557
46560
46571
46572
46573
46577
46579
46584
46587
46588
46593
46600
46604
46608
46613
46614
46615
46617
46619
46626
46632
46637
46642
46647
46653
46655
46661
46664
46669
46671
46673
46674
46675
46677
46682
46683
46684
46692
46706
46708
46710
46712
46713
46716
46717
46720
46721
46724
46725
46727
46734
46736
46740
46742
46749
46750
46757
46762
46763
46766
46769
46770
46778
46779
46785
46797
46799
46805
46807
46813
46815
46818
46819
46822
46825
46827
46831
46832
46833
46835
46836
46842
46843
46853
46856
46864
46868
46869
46872
46874
46875
46876
46881
46890
46895
46896
46897
46899
46901
46902
46903
46905
46907
46910
46911
46919
46922
46923
46924
46926
46929
46930
46934
46935
46937
46938
46940
46942
46945
46947
46948
46950
46953
46957
46960
46961
46967
46968
46971
46980
46981
46988
46991
46992
46995
46997
47006
47008
47009
47013
47014
47018
47022
47032
47039
47042
47046
47047
47054
47056
47059
47062
47063
47069
47074
47082
47091
47092
47093
47095
47096
47098
47099
47102
47103
47104
47106
47111
47122
47131
47133
47134
47135
47136
47139
47144
47150
47152
47156
47157
47158
47160
47163
47170
47171
47172
47173
47176
47181
47182
47183
47184
47190
47191
47196
47198
47201
47202
47203
47205
47207
47208
47209
47211
47214
47215
47216
47217
47220
47221
47222
47224
47225
47228
47230
47235
47236
47241
47246
47248
47252
47258
47259
47267
47268
47274
47276
47285
47288
47289
47292
47294
47295
47296
47297
47298
47301
47304
47308
47309
47310
47313
47316
47325
47329
47330
47331
47334
47337
47353
47357
47358
47359
47361
47362
47366
47368
47369
47375
47379
47382
47386
47387
47390
47392
47396
47399
47408
47409
47416
47419
47424
47431
47434
47437
47438
47439
47440
47443
47444
47452
47455
47462
47468
47479
47488
47489
47491
47492
47494
47499
47500
47505
47506
47507
47509
47518
47524
47525
47534
47544
47555
47556
47557
47560
47565
47566
47577
47582
47585
47589
47594
47595
47603
47604
47606
47607
47612
47617
47620
47621
47625
47627
47629
47632
47634
47637
47640
47642
47646
47647
47659
47662
47667
47668
47670
47672
47674
47676
47677
47678
47679
47681
47682
47684
47689
47691
47693
47695
47698
47699
47703
47704
47705
47706
47707
47710
47719
47720
47725
47727
47730
47733
47739
47740
47744
47749
47753
47756
47759
47761
47762
47763
47764
47769
47773
47777
47778
47781
47783
47788
47792
47800
47803
47804
47808
47810
47812
47814
47816
47819
47823
47824
47832
47833
47840
47841
47843
47844
47847
47848
47849
47850
47851
47853
47857
47865
47868
47870
47872
47877
47878
47881
47882
47883
47884
47885
47888
47894
47898
47899
47903
47905
47906
47908
47909
47912
47918
47919
47920
47925
47929
47930
47935
47936
47937
47939
47943
47945
47948
47952
47954
47956
47957
47960
47965
47976
47979
47980
47984
47986
47991
47997
47998
48002
48005
48006
48009
48014
48015
48016
48019
48021
48030
48033
48036
48038
48039
48045
48047
48050
48053
48054
48056
48058
48062
48066
48070
48073
48074
48077
48079
48082
48086
48087
48088
48089
48090
48102
48103
48114
48119
48120
48131
48141
48144
48147
48148
48149
48151
48154
48156
48157
48160
48161
48162
48167
48170
48173
48176
48181
48183
48191
48195
48199
48200
48204
48208
48213
48215
48217
48218
48220
48226
48227
48232
48233
48239
48242
48243
48244
48246
48247
48248
48249
48253
48255
48259
48261
48263
48264
48266
48270
48279
48285
48288
48290
48294
48295
48298
48301
48302
48304
48306
48314
48315
48317
48319
48320
48322
48327
48328
48329
48330
48333
48338
48343
48345
48346
48347
48354
48358
48360
48361
48362
48364
48365
48366
48370
48374
48375
48378
48381
48383
48384
48387
48391
48392
48395
48397
48404
48410
48412
48420
48421
48427
48435
48444
48447
48448
48452
48453
48463
48464
48472
48474
48476
48482
48483
48484
48489
48493
48494
48495
48499
48501
48502
48505
48508
48510
48512
48519
48522
48523
48529
48530
48531
48533
48534
48535
48538
48540
48541
48543
48549
48550
48553
48555
48556
48557
48560
48566
48567
48571
48572
48574
48575
48576
48580
48583
48587
48589
48594
48595
48596
48597
48599
48607
48608
48611
48617
48618
48627
48630
48632
48635
48638
48639
48647
48651
48653
48657
48658
48659
48660
48662
48666
48673
48674
48676
48677
48678
48681
48683
48687
48692
48694
48697
48699
48702
48708
48709
48720
48722
48723
48729
48730
48733
48735
48737
48739
48741
48744
48748
48749
48750
48752
48757
48758
48765
48772
48775
48782
48784
48785
48796
48799
48800
48810
48813
48814
48817
48822
48830
48833
48835
48841
48842
48845
48846
48848
48849
48850
48852
48858
48862
48866
48872
48874
48882
48884
48885
48893
48895
48901
48902
48904
48906
48907
48910
48922
48924
48926
48928
48933
48934
48935
48936
48939
48942
48944
48948
48951
48952
48953
48957
48960
48961
48967
48976
48978
48983
48990
48991
48994
49001
49008
49009
49017
49018
49020
49021
49032
49039
49042
49044
49046
49048
49050
49052
49053
49054
49055
49056
49058
49067
49069
49075
49076
49079
49082
49089
49091
49092
49093
49094
49099
49101
49104
49105
49106
49117
49118
49121
49123
49126
49130
49133
49137
49138
49139
49140
49145
49146
49148
49149
49152
49156
49159
49160
49162
49164
49165
49169
49183
49188
49189
49191
49205
49212
49218
49220
49223
49224
49230
49234
49238
49239
49245
49251
49252
49255
49259
49260
49263
49271
49272
49273
49275
49288
49290
49291
49295
49298
49301
49304
49316
49318
49320
49322
49324
49325
49328
49347
49351
49358
49363
49364
49366
49371
49379
49380
49384
49385
49391
49396
49398
49405
49407
49410
49424
49425
49428
49437
49438
49443
49444
49447
49448
49453
49455
49464
49466
49467
49468
49469
49470
49472
49474
49476
49480
49493
49494
49495
49497
49505
49508
49509
49510
49511
49512
49519
49536
49539
49541
49545
49547
49548
49549
49550
49555
49558
49570
49571
49576
49579
49584
49589
49594
49600
49602
49603
49609
49619
49630
49633
49637
49639
49644
49645
49647
49649
49653
49656
49659
49660
49661
49663
49666
49669
49673
49678
49681
49682
49686
49689
49690
49698
49701
49707
49712
49714
49724
49725
49726
49729
49730
49736
49739
49741
49742
49743
49747
49756
49757
49758
49762
49763
49764
49777
49780
49781
49785
49786
49792
49797
49800
49801
49805
49808
49811
49812
49819
49821
49823
49824
49830
49833
49835
49839
49843
49845
49848
49849
49854
49856
49857
49859
49861
49862
49868
49871
49876
49877
49881
49882
49884
49889
49890
49902
49906
49914
49917
49920
49921
49925
49927
49929
49930
49932
49934
49938
49948
49950
49957
49961
49964
49965
49972
49975
49978
49982
49983
49984
49986
49988
49989
49991
49993
49996
