28672
16389
32774
5
45066
49164
32783
45072
24594
40980
40986
32795
16413
32797
49188
12325
49191
36907
28721
4151
24633
16441
32829
24639
4161
20546
8260
45124
49223
49224
20553
36937
78
80
36945
41044
41045
49238
32852
36949
24670
4193
49252
45156
20582
24679
24680
4201
45163
108
4205
8304
16510
41092
16521
45194
37003
140
20622
16528
32913
41107
24727
45207
20638
8353
37025
4258
49316
41126
37032
16555
20654
4273
8372
24764
45246
37055
45251
32968
45256
37070
8400
213
32981
20695
28889
24794
20700
223
228
49385
24810
4329
4330
237
45294
8431
45296
33012
49396
41211
24831
20737
4354
41231
41233
20759
4375
33050
45339
33052
49443
298
299
33073
308
16694
16696
20793
16698
20796
49470
318
8513
16706
12609
37187
12611
4428
33102
37202
20819
49493
49495
344
41303
346
41307
16729
349
345
16735
8544
29022
12640
12641
12642
37218
12647
12653
16757
37239
12663
20857
4475
16764
12668
33151
49539
8580
20871
49545
49548
49550
16782
33170
4501
49558
12696
29080
16797
20897
12705
29092
45478
33193
12716
49584
439
29113
449
29121
45516
12751
41429
8663
33241
45529
16860
480
25058
12770
33253
487
12776
33260
25080
49656
49663
4608
12802
41475
33288
12809
4618
8720
16912
37394
41492
534
37399
45599
8736
41508
4646
33319
553
25134
25135
45616
21040
25144
37433
29244
49725
21054
29249
21059
583
16967
16969
33363
595
37459
4696
8799
21089
16994
37475
4709
8806
37477
25193
25199
33393
41588
8824
41594
33402
634
29309
45698
17027
12931
650
37517
29326
8847
29329
4753
41620
37531
41636
680
25257
12974
29359
37553
49843
37562
37566
29375
41664
705
29376
12992
25284
49861
29379
25287
21191
29384
45770
8907
37581
41680
21204
33493
25302
17110
29397
733
17123
740
29412
21222
41705
4844
8942
4849
29426
4855
765
33533
49921
41729
41733
774
45831
8969
45835
21259
41741
4878
41743
41745
29467
49950
33567
45858
17189
33575
808
25388
45875
33589
33591
37687
17210
9019
830
832
25408
21313
37702
25415
21319
13132
4940
25423
29523
41814
25430
45910
29532
13153
45924
41831
45934
13169
882
37746
17268
41845
37747
41849
41850
33658
29561
21370
17278
17279
37758
4991
29567
17290
25488
41875
17300
13203
918
13214
21406
37793
25518
29615
5041
5045
5046
37817
21435
956
25533
25534
958
13248
13252
5069
25554
33747
46034
46035
5076
21463
13272
21465
33756
9181
994
37863
37869
5101
13298
25589
21496
33792
46088
33801
29704
37900
5132
33806
33810
37906
25626
21530
42014
37923
21540
1064
17451
25657
33856
25664
13376
21574
9289
21578
46159
17488
13392
13394
46162
42068
33879
37976
13402
17499
37982
5215
33888
42081
46179
9320
5226
42095
42096
29807
5233
1140
42104
9337
46200
46201
42108
9340
42110
1152
5248
17538
1154
17541
33934
29839
38032
33938
17555
29846
5271
5272
1178
38043
17568
42146
9378
17573
9383
9385
25770
13483
5292
25776
1202
17588
13492
33977
21691
1213
17603
17604
29893
5319
13519
17620
13524
9439
25824
5345
17635
5351
46312
17641
21740
21742
46325
42231
21753
1274
38138
5370
46329
13561
42239
42245
21772
42253
25870
17678
13586
9493
46357
38167
13602
17700
21796
21801
34090
13609
34092
13615
9523
13624
17721
9531
34109
9538
17740
25935
9551
13652
9558
46424
25946
5469
21858
13666
1380
17765
25956
1383
42344
42341
25961
25963
9576
13668
5477
21863
17776
13674
21869
17780
21876
42358
34167
1400
42361
42362
1403
46453
9597
9598
38262
21884
30077
5500
21892
21893
42375
21895
1418
30090
46479
46481
13717
13719
1435
13731
9639
5544
1449
17834
42409
13738
46509
13742
38322
1459
46514
9653
5560
9657
38330
13756
5565
17855
9667
38342
26056
17865
5578
5580
46541
5581
38352
26066
42450
17880
26076
26080
9697
9699
30180
21990
9704
9707
46571
22000
22001
46577
38388
1525
38389
1527
13816
22011
13822
13823
42503
46600
22025
38410
17931
13835
13836
26127
1551
17937
38417
22035
9750
5657
22041
13862
26153
5675
30251
22069
1591
26173
26174
22080
5698
17988
42566
38471
22090
38477
26193
26194
46675
42580
9815
13912
22107
38499
26213
30310
30316
42608
46708
30325
46710
26232
26235
9856
46725
5766
13960
38546
34458
42651
34465
30370
18083
9896
18090
18092
22189
1719
14007
1722
26299
9916
1725
30395
38589
5821
22210
5828
22215
46797
38606
42705
1747
42710
26333
34529
5859
1766
5864
34537
22250
46836
34550
9976
18170
38654
5886
22273
34568
30475
38668
18189
5902
22288
5906
26390
10008
22299
38686
42786
38691
26406
18216
14120
34611
1847
34618
42811
22338
30532
26440
42825
34632
26443
10060
10065
14161
30549
46940
18269
34655
38753
46947
14180
10097
26482
18291
6026
22412
22418
14227
26516
38804
30617
34714
38810
6044
6053
22440
47018
47022
26544
30646
6071
34744
34747
18380
30669
10190
34771
18387
34776
18393
30685
42978
38887
14312
42986
34796
38895
38898
18420
10233
47099
2044
30718
18436
47111
14343
10250
34828
34829
6158
38935
18458
38938
30750
38943
47134
2081
30753
10275
34852
30752
26662
18470
6186
10286
38958
30766
6195
26680
14394
26686
10304
47170
2116
2117
14405
6214
34891
18510
47184
22610
34899
43091
38997
47190
26715
18525
2143
18529
30818
14435
30819
43110
22633
34923
34924
39019
6252
26736
14450
2163
2165
14469
6279
39052
10381
10382
47248
43154
43155
39059
34966
2202
47258
39066
39070
34975
43172
47274
2226
26804
10422
43192
2235
43195
10432
26817
47296
35011
30912
47298
14532
2247
47301
6343
6345
6347
6349
18639
39127
14553
30943
30945
2275
6376
18670
14575
10480
22769
14577
22771
22772
10486
43259
35068
2305
26883
10499
14595
18694
10507
26892
2316
35084
35091
22803
10518
10521
26906
35098
22816
31010
39205
43311
10543
35121
6447
6448
31025
35127
39235
26950
31046
39241
22860
18765
35149
39252
14678
26967
6490
10587
35163
6496
35171
43364
14691
39271
2409
10601
6506
43374
22896
10609
31091
26999
47479
43388
2430
22910
39297
14721
39301
43400
14734
6547
43416
14745
43420
35228
18845
35231
35235
14758
10666
39346
14775
27064
47544
31165
6594
35268
35269
27077
31173
43464
47560
43475
43480
6617
6619
23009
27108
47589
14825
10732
2540
27121
18931
39411
6645
27129
14843
31228
31232
23042
47620
27143
31240
2572
39439
43540
39445
18966
10776
35355
27170
23074
35365
27174
18988
39472
35378
2610
10804
47672
10811
43583
39488
43586
35397
10822
31302
6726
6728
6730
31309
19022
6733
23117
27217
35409
35417
10841
23130
39519
43620
6757
35438
39538
14964
6773
23159
39545
39553
39557
27271
6791
35467
43660
47759
43668
10900
35477
43669
2711
23189
15008
2724
27302
43692
19117
6829
27314
23221
43703
2744
23224
35515
2751
39616
27334
47814
27342
47832
6878
35551
43743
19169
47841
10979
2788
19176
43754
47850
2796
10989
2800
10993
19193
31482
6907
6909
19206
35591
2824
39686
6918
31496
2830
35598
11022
19216
39696
15129
35611
31515
6940
27425
15139
43812
43813
31524
31525
23335
6952
31533
43822
27439
11056
43831
35639
2873
11069
27455
43840
2881
31551
6976
23367
43851
31563
43855
39759
23377
23378
47957
2902
15189
39767
19294
2911
23394
7014
31591
7019
43884
23410
23415
31610
15228
27518
31619
19334
35719
43920
27542
31638
19356
2977
48033
43942
27565
48045
27567
15279
7091
43956
11189
48053
39863
11193
15292
48066
39875
31685
15303
11211
15318
7127
48088
11225
48090
7132
43999
27616
23524
19429
48102
11240
7144
19436
3054
7151
3059
7156
23542
7159
23545
23548
7169
35844
23557
35847
23561
31756
23567
7185
23569
48156
27681
35873
44067
39971
15396
3113
31786
19499
7213
48181
35894
27703
15416
39996
19519
44095
27715
27717
3141
15429
40006
27732
27738
31835
35936
3172
23653
15463
35944
3183
7280
19569
48247
27770
44154
7293
31870
40064
35971
35972
44168
7305
31883
11405
19599
44178
3222
48279
27800
27802
15519
3232
7327
40097
31904
23719
36013
19632
48304
15542
3255
19641
27833
15546
27836
44229
7365
27847
15557
15561
48330
11471
7384
7385
31965
11487
44256
7396
11493
36072
31978
36075
40178
36085
19702
13685
23802
19708
40189
11521
19719
3335
40201
44304
23828
44310
7447
27928
11545
3354
15640
7452
27934
36131
36132
3365
32038
36137
19753
15658
36141
40239
19763
36152
44345
44346
32056
7480
40251
36159
23875
7491
36169
15694
7503
19793
23891
23892
27991
38942
23895
40281
44382
15711
7520
32097
48482
15722
11629
7540
40308
19831
7545
36220
48510
36228
32137
36234
3467
3468
32139
15755
40334
7566
48535
28058
40350
3489
40359
36278
7609
36282
28091
28090
3519
11712
32196
24006
48583
28104
15817
28106
36299
36300
19925
44504
3545
32228
44523
11758
7662
15858
15860
24052
7678
19973
24071
40458
32268
48658
32274
19988
7700
32277
28184
3609
36378
7706
48666
28189
7708
11807
32284
20003
32291
40485
15910
40489
20010
11820
15920
24115
32309
36409
3649
3651
40516
32331
40524
40528
24145
48722
36437
40533
7769
40539
11868
20069
7781
44647
7784
32363
7797
28286
36480
11909
28297
24201
48782
44687
11920
16017
20114
36521
16043
32430
16049
24249
32442
16057
7873
28355
24261
48842
36557
48850
48852
20182
32471
44760
32472
24283
32477
3807
12001
16097
3814
20200
16105
3820
36591
20208
16113
12019
12020
40700
7937
40710
28426
40715
20237
7955
32532
40727
24344
3865
7963
16157
20254
48926
24354
7972
20263
24367
20273
16178
20278
44857
16185
24384
44867
40772
3911
28489
12106
28497
36696
24409
16225
3938
40807
49001
44907
3948
12141
12140
20333
32632
24440
32634
44925
3966
44926
16255
3971
20355
44933
12167
36744
3981
8081
36757
16277
3992
49048
12186
44954
36775
49067
36780
32684
24492
8116
16311
24503
4025
24505
16314
28605
16321
20418
16324
44999
12233
12235
49099
24526
32719
32720
16337
8151
4058
45018
24539
28638
49118
8166
20455
24552
40937
32751
8177
49139
28662
36858
40958
