5
32774
32773
16389
49159
16392
16395
49164
13
32782
32783
16397
16400
49169
32787
32788
21
16402
16404
32795
32797
30
16413
49183
32803
49188
32805
49189
49191
40
41
16427
32812
16431
50
16436
49205
54
56
32825
16441
49212
32829
16446
64
66
32835
49218
49223
49224
16456
78
80
16465
32852
85
32853
49238
16470
32858
91
16476
32862
16482
99
49251
49252
103
49259
108
32877
49260
16493
32880
16496
16497
16498
32884
49271
32888
123
16510
16512
134
49288
16521
49290
140
16524
32910
32912
32913
16528
49298
16530
16531
32918
49301
49304
16536
32922
32924
16542
160
16545
49316
32934
49320
16555
32941
32943
16559
183
184
32956
189
32959
16578
16579
16580
197
32965
49351
32968
32980
213
32981
16597
49366
16603
220
49371
223
32994
227
228
49380
33000
49384
234
33003
49385
237
33006
33007
16626
33012
245
246
49396
49398
16632
33018
16636
49405
33022
16641
49410
259
260
33030
263
16647
33033
33035
16652
33045
16662
279
281
33050
33052
33056
33058
49443
49444
293
16678
49447
16680
298
299
300
33073
305
33074
308
16693
16694
16696
33081
314
33083
49464
16698
318
49467
16700
321
33090
16701
49470
16703
49472
16704
16706
49474
330
16709
49480
16714
33102
33103
33105
33107
49493
16726
49495
344
345
346
347
33112
349
16729
351
49497
16733
16735
355
33123
49508
16741
359
360
49509
33130
33131
363
16743
49512
16746
16751
33138
16757
33142
33143
374
16760
16761
16764
33149
33151
49536
33153
49539
33160
49545
33162
33163
396
397
49547
49548
400
16781
33170
403
49550
16782
16785
16789
33176
409
49558
411
16791
16796
16797
33187
420
49571
16807
49576
33193
426
49579
430
49584
33201
49589
439
33209
16825
49594
33216
449
33218
49600
49603
16837
457
49609
16842
16846
470
471
33241
16860
16862
480
33249
33253
485
487
49637
33257
33259
33260
493
494
49647
33264
49649
16884
49653
502
49656
507
33275
509
49659
49660
49661
49663
33282
515
16896
16897
49666
33288
16905
522
33291
16908
33294
49678
16912
33297
49681
49682
16916
534
33305
538
49689
540
49690
33310
33314
49701
33318
33319
550
553
16933
33323
557
16943
33328
562
16947
33332
33333
565
16950
568
16953
49724
49725
577
33349
583
33351
16967
16969
16971
588
16972
33363
595
16983
602
33371
16986
605
16994
49762
16995
49764
16998
17008
33393
625
49777
49780
17013
17014
17015
633
33402
634
49786
639
49792
642
17027
33412
646
648
649
650
33417
653
33422
33424
17040
33427
49811
49812
17045
663
17046
17044
33435
49819
17051
49823
17055
33443
17059
33445
17062
680
681
682
49835
17070
49839
691
692
49843
17077
33464
49854
49856
705
33473
17089
709
49861
49862
17093
17096
714
17094
33484
17102
49871
17106
49876
33493
725
49877
728
17110
49881
49884
733
17117
49890
17123
740
33508
17127
33513
747
17131
17133
17134
751
33520
33525
49914
765
33533
17149
49920
49921
17154
772
17156
774
49929
33546
49930
17165
783
33552
784
17170
17171
790
17175
33560
33563
796
797
17181
33567
799
801
800
33570
49950
805
33574
33575
808
17189
33578
17190
33580
49957
49964
17197
17202
33589
33591
33592
825
823
17210
33596
49978
830
49983
832
49984
49986
33603
33604
835
49988
839
49989
841
49991
49996
846
33615
33616
17231
852
33621
854
17236
17238
857
858
17242
861
864
33634
33635
33638
874
876
33645
882
17268
33658
893
33662
33663
17278
33665
17279
17282
17289
17290
907
17292
17293
912
913
17297
17300
918
919
924
930
33700
935
17319
17320
33706
17321
33708
33709
943
17332
17333
33719
956
17340
958
17341
33737
17353
33739
17354
33741
17355
976
17362
33747
17368
33755
33756
33757
17373
994
995
33765
33766
999
33768
17385
17387
33772
33773
1005
33777
1009
1013
1014
33782
1018
17404
17405
17407
33792
1030
1031
17415
33801
1036
33806
1040
1041
33810
33811
33808
33818
33820
1052
17436
17438
17440
33828
33829
1060
17445
1064
17446
33834
17448
17449
33837
17451
17461
1082
1087
33856
1092
1096
17481
33866
17485
1104
17488
1108
17493
33879
33882
17499
17500
17501
33888
17504
33890
33891
1122
17506
17516
33903
17520
33906
33907
1140
33913
1149
17534
33919
1152
33921
1154
17538
33924
33925
1157
33927
17541
33931
33932
33934
33938
17555
1172
1174
1175
17559
1178
17563
1180
1181
17564
17567
17568
33955
1188
17573
17574
1193
33965
1199
1202
17588
17589
33977
17595
1213
17598
33984
17603
33988
33989
17604
17606
33995
33996
1234
17620
17621
17624
1242
1243
17627
17628
17631
1248
1250
17635
1254
34023
34024
17638
17641
17644
17646
34033
1268
34037
34038
1274
34046
1280
34050
1282
1285
34056
17677
17678
1307
1314
17699
1316
17700
1318
34088
34090
1322
34092
34094
34095
34096
17710
34098
17717
34102
17718
17721
17723
34109
1342
34116
1351
34121
1353
34124
17740
1359
17751
1368
17757
1374
17762
34147
1380
17765
1383
17768
1385
17769
1387
17776
1394
17780
17781
34167
1400
1402
1403
34174
1408
34180
1418
1419
1420
1421
17804
1423
1424
1425
34191
17811
34198
1435
17819
1438
1440
17826
17832
1449
17834
34221
17837
17840
1457
1459
1460
17844
17848
17850
17853
1470
17855
1473
17859
17860
17861
17865
17867
34254
1487
1489
34259
1495
17880
1500
34268
17885
1503
34276
17894
1513
17898
34284
1517
17904
1524
1525
1527
1528
34297
34299
1531
17915
17916
1536
34305
34308
34314
1546
17931
34317
1551
17937
17941
34327
34328
34330
17952
17954
17958
17959
1576
1579
17971
34356
1591
34360
34361
34363
1596
17980
17988
34373
34377
1610
1613
34384
18003
1625
34394
18013
18014
1631
1634
34411
34412
18027
34414
1646
18029
18032
34420
34421
34432
1667
18051
34438
18054
1673
34441
34444
34451
1687
1688
34458
1691
1695
34465
34466
18081
18083
1701
34470
1703
18086
1705
18088
18089
34476
18090
1710
18092
1713
18100
1717
18101
1719
1722
1724
1725
34495
34497
34499
34501
1735
1741
18129
1746
1747
18133
18141
34529
1761
34531
1766
34535
1768
34537
18150
18153
1777
18161
18163
34550
34552
18170
34562
18178
34565
1798
34568
1800
34570
1805
18189
18190
18192
1809
34579
1816
1818
18204
18206
34593
34594
18211
34597
1830
18216
1834
34607
34608
34611
1847
1849
34618
18234
1857
18241
18242
18243
18245
18246
18247
34632
18249
34637
18256
1884
1885
18269
34655
34658
1891
34661
1894
34663
18287
18288
18291
34676
18293
18294
1912
18298
34684
18304
34689
34694
18310
1928
18317
34702
34703
1935
18318
18324
34711
34714
1950
34719
18335
34722
18338
18340
18341
18344
18351
34738
34740
34744
1976
1978
34747
1979
1980
1981
1982
1977
1985
18366
18368
18370
34757
1990
34758
18373
1993
34761
34763
18380
18382
34771
18387
18389
2006
34776
18393
2010
18394
2017
2018
2025
34795
34796
34797
2028
18416
34802
2034
18419
18420
18422
2044
2048
18432
18436
2053
34822
34823
34824
34826
34827
34828
34829
2062
34834
34835
34838
2071
18458
2076
34846
2079
2078
2081
34852
18469
34854
18470
18472
34857
18474
2095
34865
18482
34867
2100
2103
18489
2108
18493
18496
2115
2116
2117
18501
2120
18506
34891
18507
18510
2127
34899
18525
2143
34911
18528
18529
18530
2149
34923
34924
2155
34926
2159
2163
2165
34934
18556
34941
2181
2182
18565
18568
34958
34959
34960
18578
34965
34966
18581
2202
18586
2205
18590
34975
34978
34986
18603
18607
2225
2226
18612
18613
34998
18615
35001
2235
35006
35007
2240
35011
2247
35015
18632
18637
2254
18639
18643
2260
2262
35031
18646
2266
35040
18657
35042
2275
2277
2279
18663
18665
18670
35055
35057
2291
2292
35061
18676
35063
18678
35068
18686
35071
18687
2305
2308
18693
18694
2311
35082
35083
2316
35084
35091
35094
2326
2329
35098
2331
18716
35104
2339
35111
2343
35118
35121
2354
2356
35127
18743
35129
18746
18756
2373
2377
35147
18764
35149
35150
18765
35152
2384
2386
35155
18767
18768
35163
2398
35168
35171
35172
18788
2409
2411
2416
35188
18807
35193
2425
2427
2430
18815
2432
2433
35209
2442
18827
2447
35216
2451
2452
18840
35228
2461
18845
35231
18847
35235
35237
18854
18856
35247
18863
35250
18868
18873
2494
35263
35268
35269
18885
2504
16780
18894
35279
18896
2514
35282
18901
18902
2521
2523
18913
18917
2535
18919
35307
2540
35309
35310
35314
35315
18931
2549
18937
2554
18939
18944
18945
2565
35337
35338
2572
18958
18960
2577
35349
18966
2583
35352
35355
18972
35358
18976
35362
2595
35365
18987
18988
18991
18993
35378
2610
18995
2613
35381
2615
2618
2619
19004
2621
19010
35397
19014
19015
2633
35403
19019
19021
19022
19024
35409
2641
19025
2644
35414
2647
19031
35417
19036
19040
35427
35428
19043
19044
35436
35438
2674
2678
19063
2680
35448
19064
19067
2686
19070
35456
19071
2692
35461
2693
35464
35465
35467
35470
19089
35477
2711
2722
2723
2724
2725
2726
19107
19109
19110
35500
19117
2741
2744
35515
2751
2755
19139
35526
2759
2762
2763
35530
19155
19157
2775
19160
2777
2782
35551
19169
2788
2789
19176
2796
2800
2808
19193
35586
19206
35591
2824
2826
19212
2830
35598
19216
35603
35604
19222
19223
35608
35611
2843
19227
2846
19229
19236
19245
2865
35633
19252
19253
2870
35639
2873
2874
35643
35644
2881
35653
19272
35658
2891
19275
2893
2902
19286
19288
35673
19294
2911
19295
19300
35686
35691
2924
35694
19316
19318
19320
19324
19329
19331
2948
35718
35719
19334
19335
19340
35730
2963
2964
19347
19350
19356
19358
2977
35753
35754
2990
19374
2992
35761
2993
35763
2996
35764
19375
19378
19384
19385
35772
3010
35779
35782
3015
3019
35788
3022
35801
19420
19429
3048
3049
3050
19436
3054
3055
19440
3059
3060
19445
35836
3069
35838
19453
19454
19455
3074
19459
35844
35846
35847
3080
19465
3082
19468
19473
3091
35859
3093
19480
35873
3105
3107
35878
35879
3113
35882
19499
3118
35890
19506
3124
35894
3128
3131
19515
35901
19519
3137
19522
19523
3141
35919
19544
3162
3165
35936
3168
3172
35940
3173
35944
35945
19565
19566
3183
3185
19569
19571
35956
35958
19575
35960
19577
35963
19580
3201
19586
35971
35972
19589
3206
3209
3212
35982
19599
3219
19604
3221
3222
19606
35994
3227
19611
3232
36003
3237
36005
36007
19624
3242
36013
19630
19632
19633
19635
3254
3255
19641
3259
36028
19646
19647
19648
36033
36034
3274
36043
36046
19662
3280
3282
36054
3286
3287
19672
19673
36061
3299
36068
19683
36070
19685
36072
36075
3309
19694
3312
3313
36085
19702
19708
3325
3327
36095
3328
3333
3335
36103
19719
19720
3351
3354
3355
36126
36131
36132
3365
19750
3367
36137
3369
36139
36140
36141
3373
19753
19760
19763
36152
19770
36159
19775
36161
36162
19781
19782
36169
3401
3403
36170
36173
19787
19789
19793
3411
36180
3415
36185
36186
3420
3421
36190
3423
19804
36193
3426
19809
19810
36200
36202
3435
3436
36207
3443
19827
19831
36218
19834
36220
19839
3456
36225
36228
19845
3462
19847
36233
36234
3467
3468
19852
3470
3475
36244
19859
36246
36249
3482
3484
36254
3488
3489
3493
19877
3496
19881
36266
20234
36268
3500
36272
3505
3507
36275
36278
36279
36282
19901
3519
36287
19910
3527
3530
36299
36300
36301
36298
3535
3536
19925
19926
3543
3545
3547
3548
3549
36329
3565
19950
3569
36339
3572
3571
36340
19955
19958
3580
19964
19966
36351
36353
19973
3592
3594
36365
36367
19985
19988
3609
36378
19993
3614
19998
36385
20003
20005
36393
20010
3628
36396
36398
20016
36401
20017
3636
36408
36409
36410
3641
36412
20024
20029
3647
20031
3649
3651
36420
36421
20037
3656
20043
3662
20046
20048
36437
3669
36439
20053
3674
3678
3679
36453
20069
20070
3692
20077
36465
3705
36473
20090
20092
36480
3713
20097
3716
36486
20107
36493
36494
20112
20114
20120
20121
36506
20124
20125
3746
36516
36518
3751
36521
36525
20144
36530
36534
3767
20152
20153
3771
3773
3776
20168
36557
3789
3791
3790
20178
36563
36566
20182
3802
36573
36574
3807
36575
3814
3815
20198
20200
36587
3820
3821
20205
36591
20208
3826
20210
3828
20212
3833
3836
36605
20222
3841
3842
36613
36615
3848
3849
36618
20231
3852
3853
36621
3855
3856
36623
20233
36627
20237
3861
36629
20242
36632
3865
36633
20252
3869
20254
3874
20259
20260
36645
20263
3884
20269
3888
20272
20273
3891
20277
36662
20278
36664
36669
20287
3910
3911
36681
3916
20307
36694
20310
36696
20316
20317
3934
20319
3938
20325
20328
20330
3947
3948
36715
3950
3951
20331
36721
20333
3955
36723
20338
36726
3959
20342
20344
36731
3965
3966
36735
3968
3971
20355
20357
36744
20360
20361
36748
3981
36749
3982
3987
20371
36757
20372
3992
36761
3994
20377
20383
36772
4004
36775
4008
4010
36778
36780
4012
36782
4017
36786
4025
4026
36795
36798
20416
4033
20418
36804
4038
4044
20431
36816
36821
4054
4055
4056
20440
4058
4062
36831
20448
20453
20454
20455
4073
20457
36843
20458
4078
36848
36849
36850
4083
20468
20469
4086
20471
36856
36857
36858
4094
20479
36866
20482
20484
4101
20488
4108
4109
4110
20492
20493
20495
20496
20498
20501
36886
4119
4120
20503
4122
20506
36892
20514
4132
36903
36907
36912
4151
20535
20539
4158
36927
4160
4161
36929
4159
20546
20547
36937
36938
20553
20556
36944
36945
20562
36949
20568
4185
36954
36955
36958
20574
4193
4194
36962
4197
20582
4200
4201
36969
4203
4204
4205
36974
4206
36982
36988
20608
36994
4228
4229
4230
37001
4234
37003
4237
20622
4239
20623
37011
20628
20638
37025
4258
37032
4267
4268
20651
20654
4273
37043
4277
37046
20661
37048
4282
4283
37052
37055
37056
37059
37060
4295
37064
37070
20687
37072
20690
37077
20694
37079
20695
4316
20700
4326
20710
4329
4330
4334
37102
37105
37107
4342
20737
4354
4356
37125
20740
37127
37128
4360
37135
37137
37140
4372
4375
20759
4377
37146
4379
20761
20763
4382
4386
4388
4392
37163
37166
37167
4400
4398
4405
37176
20793
4410
4411
20796
20801
4418
37187
4424
37192
37194
4428
20815
37202
20819
20820
20826
4444
37217
37218
4452
4453
20842
20845
4463
4464
37233
4470
37239
20857
4475
37247
20871
37257
20880
4501
37269
37271
37274
4512
20896
20897
4516
20902
20906
37291
20907
4526
20911
4528
4535
37305
20922
37307
20926
37311
37319
20937
20940
37325
20941
37331
37332
4568
37337
20953
4572
4578
20965
4583
20978
37365
37367
20983
37370
4605
20990
4608
20992
20997
4618
37386
37394
37395
4626
4630
37399
37406
21028
4646
37415
37417
4651
4654
37423
37424
21040
21041
4659
21045
4663
21047
37433
4668
21053
21054
37439
4675
21059
21060
21061
4679
21074
37459
37462
21079
4696
4699
37470
4702
37471
4703
21086
37475
4707
4709
37477
4708
37480
4712
21089
21090
21092
21096
21102
37488
4727
4729
37498
21113
21115
37501
21126
37513
37517
4751
4753
37523
21140
4758
37527
21146
37531
37532
4763
4766
4767
21147
4769
21152
37542
4777
37546
21163
37553
4786
21169
37562
37566
21190
21191
4810
37581
4813
37585
37586
4819
21204
21205
4822
4825
21218
21222
37610
4844
37612
21228
4849
21235
4855
21246
37631
37633
37635
4869
37642
21259
37644
37645
4878
21260
4881
21269
37654
4887
4889
21278
4895
4900
21285
4902
21287
37672
4918
37687
4919
4922
37690
21306
21313
37698
21315
37700
37702
4934
21319
4940
37708
21329
4954
21338
37725
21359
37746
37747
4980
21362
37750
21366
37752
4985
21370
37758
4991
4993
21379
21381
37769
21386
5003
21393
5010
37779
5016
5017
21401
21402
37789
21406
37793
37796
37797
37798
5033
21417
37804
37808
5041
5043
5045
5046
37813
37817
21435
21440
37825
5059
21444
5061
5064
5065
37833
5069
5070
37839
5072
5076
21463
21465
5084
5085
37856
21474
37863
5097
21481
37869
5101
37870
21485
5107
5108
21493
5110
5111
21494
21496
21500
5119
37887
37890
21510
5129
5130
37900
5132
5135
37906
37912
21529
21530
21532
21533
21536
37922
37923
37924
21540
21553
37941
37944
5177
37947
5181
5185
37955
37956
21572
21574
5191
5193
37961
21578
5201
21587
37976
5208
37979
37980
37982
5215
5214
37985
5218
21606
5226
21612
37999
5233
5243
38013
5246
21630
5248
38018
5255
38031
38032
38033
5266
38034
21652
38038
5271
5272
38041
21658
38043
5278
38048
38049
38051
21670
5287
5292
38061
21676
5296
38066
38068
5302
38070
21689
21691
38076
38078
5314
38083
5319
38087
21704
38091
38093
5326
5327
21709
5329
38099
5333
38103
38107
21723
5341
5342
21725
5345
21730
5348
5351
21735
21739
5356
21740
21742
38127
38129
38131
21747
21748
5367
21753
38138
5370
38141
38144
21763
5386
21772
38159
5392
21776
38164
5398
38167
5400
5406
5407
21790
5409
5412
5413
5414
38182
38181
38185
21796
5419
21800
5421
38190
21801
5424
38193
21810
5429
21814
38202
21818
5436
21821
38215
21832
5455
5456
38224
5458
38233
38235
5469
38238
21858
21860
5477
5478
21863
21867
38253
21869
5491
21876
38262
5494
5500
21884
38270
21888
38274
5506
21892
21893
21895
5515
5517
38285
38288
5521
5522
21906
38292
21909
5526
21910
38298
5530
38300
38301
21915
5535
5540
38311
5544
38318
21935
5552
38322
5555
21940
38326
5560
21945
38330
5565
38337
38342
5575
21959
21960
5578
5580
5581
38350
5583
38352
5584
21965
5592
21976
5594
5598
21990
38376
5611
38380
38382
22000
22001
38388
38389
38392
22011
22013
38398
38399
22014
22018
5636
22020
5639
22025
38410
22031
38417
22034
38419
38420
5651
22035
5657
22041
38427
38428
22050
5670
22055
22057
5675
22060
5680
5684
38452
22069
38456
22074
22076
38462
22080
5698
38467
38470
38471
5703
5705
22090
38477
38479
5712
5715
22104
38489
22106
22107
38495
5728
5729
38499
22117
38513
38514
38515
22138
5760
38529
5763
5766
5770
22161
38546
38547
22164
5781
5782
38555
38562
22179
5799
5800
22189
38574
5809
22195
38589
5821
22205
22207
38593
22210
5828
38597
38598
5831
38599
5830
22214
22215
22218
38606
5840
38613
22232
5856
22240
5859
5864
22250
5871
22256
38645
5877
38649
22265
22266
38652
22268
38654
5886
5888
38656
22270
22272
22273
22278
22279
38664
38665
5899
38668
5900
5902
22288
22289
5906
38677
22295
22299
38686
22305
38691
38692
22307
22308
38695
22310
38701
38705
5939
5942
5945
5947
22332
5954
22338
22339
5961
22347
5966
22353
22355
38741
38745
5979
5980
22363
38751
22368
38753
5990
22374
22376
22377
38762
38765
38766
38769
22392
38781
6014
6019
22404
22405
22409
6026
22412
22416
22418
38804
38805
38807
38810
6044
6047
38817
22436
6053
22438
22440
6059
6060
22445
38830
22446
6069
6071
22458
22463
38849
22470
6092
38861
22476
22481
6105
22492
6109
38878
6112
6113
22498
38884
38885
22501
38887
38888
38889
38890
6121
38893
38895
6129
38898
38906
6142
22528
38913
38917
6151
22535
6154
6155
38924
22541
6158
22543
38929
38932
38935
22551
38938
22555
6172
22557
38942
38943
22562
6179
38948
22565
22568
6185
6186
38958
6190
6192
38960
6193
6195
38962
6196
22578
6199
22583
6211
22597
6214
22598
6217
22601
6223
6224
38994
22610
22611
38997
6230
6231
39003
6240
6242
6244
22632
22633
39019
6252
39021
6253
22637
6256
22638
6259
6262
39032
6265
22651
39036
39037
39038
39040
39044
6279
39049
39052
39053
39055
22674
39059
22676
22677
6294
6295
39066
39070
39071
39072
6305
22700
6317
39086
22701
39089
39090
39092
6325
39095
39099
22715
22716
6334
39105
6338
22721
39108
39109
6343
39112
6345
6347
22732
6349
39121
6353
6354
22737
39126
39127
22746
6368
6373
6376
6377
22763
6382
6383
39152
22769
22771
22772
39159
39160
39161
6392
6398
6399
6402
39175
6409
22798
6416
39185
22800
22801
22803
6422
39191
22816
6433
6435
39205
39211
6446
6447
6448
6449
22834
39220
6456
6462
22847
39235
22852
6471
22855
39241
22860
6481
6482
6483
39252
22868
22870
22873
6490
6493
22877
6496
22885
6502
39271
22886
22889
6506
22896
39282
39283
39285
6518
6517
22903
22910
39297
22913
39301
22917
39304
22930
6547
22931
22932
22934
6557
39329
39332
22948
39344
39346
39347
6580
22962
22964
22966
6589
6594
22978
6598
22982
6606
6608
22993
22997
39384
6617
6619
39389
39390
6622
23009
39395
39397
39398
39399
6635
39411
6645
23029
6648
6650
6654
6655
6656
23039
23042
23048
6666
23050
6668
39436
39438
39439
39441
39445
23063
39448
39455
23074
39463
39464
6697
39470
39471
39472
39473
6706
6707
23086
23088
6710
23092
39480
6712
39482
39483
23095
23098
39486
23100
39488
23101
39492
23108
6726
6728
6729
6730
6731
23113
6733
23117
23118
6736
39504
6738
39506
23119
23120
6743
23130
39516
23133
39519
6751
39521
39520
23140
6757
23147
39533
6765
39538
6773
23157
23159
39545
6781
6782
39550
6784
39553
39557
6791
6792
23176
6794
23179
6798
39566
23184
6801
6804
23189
39574
39579
6815
39584
6817
23201
23202
23203
23206
23207
6826
6828
6829
23217
39604
6836
23221
23224
39609
39614
39616
39623
39624
39625
6856
23239
39628
23245
23249
39634
39640
6872
6874
39645
6878
39647
39648
23261
39651
39652
39653
6884
23268
39657
39666
39668
6907
39675
6909
39679
39682
23299
6916
39686
6918
6921
23306
39691
39695
39696
39697
23311
23314
23318
23320
39705
23323
6940
6941
23324
23331
23335
6952
6956
6962
39730
39731
6965
39734
23348
23353
6976
39745
6978
39747
23367
39759
23377
39762
6995
23378
23382
39767
7000
6999
23389
7006
39777
23394
23396
7013
7014
39783
7019
7022
7025
7026
23410
7029
7030
39799
23415
23418
7038
23425
39813
7047
7048
23440
39826
7059
7060
7063
39834
7068
23455
23457
7075
39845
7079
23463
7086
7091
39860
39861
23477
39863
39865
39866
23483
39871
39875
7108
23491
23492
23493
39880
39881
23494
23496
23500
23501
7121
39891
7127
39895
39897
23515
7132
39903
23520
23524
23525
7142
7143
7144
7149
23534
7151
39923
7156
23539
23541
7159
23542
23545
23548
23552
7169
23553
7171
23557
39942
7174
23561
7178
7179
23566
23567
7185
23569
7187
23574
39959
23578
39969
39971
23591
23593
7211
23595
7213
39983
7220
39989
39994
39996
7229
23614
23616
7234
40002
23618
7237
40006
40007
23620
40009
40010
7243
7247
23635
40022
23641
7258
7264
7267
23653
7270
23654
7272
40041
40042
23655
23656
23658
7278
23660
7280
7283
40051
40055
7293
23677
40064
23682
7303
7305
40073
7309
7312
7313
40086
7319
40091
23707
23709
7327
40097
40098
7332
23719
40104
40113
7345
23732
23733
23734
7352
23739
7356
23744
7365
7370
40138
23756
40144
40145
7378
23761
7380
7381
7382
40151
7384
7385
40154
7387
40152
7386
7390
23770
23772
23775
7396
40165
40171
23788
7408
40178
23797
23800
23801
23802
40189
23806
7427
7428
40201
40206
23828
23830
7447
40216
23831
7452
7454
7462
40230
40232
23849
7466
23853
40239
40240
7473
40242
7476
40246
40247
7480
7481
23866
40251
7485
40256
7491
23875
7493
23881
7503
23891
23892
7509
23893
23895
23896
40281
7513
7516
7517
23900
7520
40298
7530
23916
7534
40303
40304
23918
7538
23922
7540
40308
40309
23924
7545
7548
7549
7553
40327
7562
23947
7565
40334
7566
23950
23954
7573
7581
40350
7586
23970
23971
40359
23980
7597
40367
23984
23985
7606
7609
23998
7616
40389
24005
24006
7635
24020
40410
7643
40411
40415
7648
40417
7647
24037
7654
40424
40426
7661
7662
40429
7667
24052
24053
24056
40442
7676
40444
7678
24062
24064
40449
7681
7683
24069
24071
7688
7689
40458
40460
24080
7700
7706
7708
40476
40478
24096
40485
40487
7719
40489
7720
24104
24106
7726
24111
24112
40498
24115
40503
7741
7742
24128
40516
40518
40524
24140
24143
40528
24145
40533
7768
7769
24154
40539
40542
40543
24163
24164
7781
40551
7784
24167
40557
40558
7795
7797
24183
40568
40570
7803
24186
40573
40575
7808
24193
24195
7817
24201
40587
24204
40591
7824
24207
7826
24210
40598
24214
7839
7842
40613
40615
40616
7853
7857
7859
7861
7865
24249
7867
7868
24256
7873
24258
24261
24263
7882
7883
24270
7887
24271
40660
7893
40662
7895
40666
7898
24283
7901
7905
40675
40679
40680
7921
24306
40700
7937
24325
40710
40713
24329
40715
40718
7952
7955
7956
40725
24339
40727
7959
24342
24344
7963
7964
40733
40732
24354
7972
7974
24361
24362
7979
40748
40747
24367
40752
40754
40758
40759
7991
24375
40765
7998
24383
24384
40769
40772
8004
24389
40775
8010
8011
24398
24399
40786
40787
40791
8025
24409
40796
8029
24412
40799
40807
24423
8041
24425
24435
24437
24440
40826
24442
8060
40828
40830
8069
8071
8073
24461
8078
8081
24466
40852
40855
8090
8091
8092
24475
40868
8100
24486
24489
8106
24492
24495
40880
40882
8114
8116
24499
24502
24503
8121
24505
40891
24509
40894
24511
24518
40905
8139
24526
40913
24533
40918
8151
8154
40923
8155
24539
24540
24546
40932
8166
40935
40936
40937
24552
24553
40940
40941
24555
24557
8177
40945
8181
24565
40951
40952
40955
8189
40958
40960
40964
24585
24590
40975
24591
24594
40980
40986
40989
24605
8224
40997
41000
24623
24625
41012
24633
41020
41023
24639
41025
8259
8260
8261
8262
24648
24650
41035
24651
8272
41040
24656
41043
41044
41045
41046
8277
8280
24666
24669
24670
8287
41056
24676
8293
24677
24679
24680
24681
41066
41069
41071
8304
41073
41076
8310
24694
41084
24702
41092
8324
41098
41099
8333
8336
41107
8340
24724
24727
8344
41113
24729
41116
24736
8353
41121
41123
8356
41126
8358
24742
24743
41130
24745
24750
8370
8371
8372
24757
41142
41143
8374
24759
41146
24762
24764
41149
24770
8390
24775
41162
41164
8400
24785
24786
24787
41175
24791
8410
8411
24794
24795
41182
24796
24803
41188
24810
41195
24813
41198
8431
41199
41200
24815
24817
24819
24826
41211
24831
8455
41223
24840
41229
41231
41233
41236
24852
24854
8471
24857
8475
8478
24862
41250
24866
8484
8485
8486
24870
8488
41257
24876
24877
24878
41264
8497
24881
8500
41269
41272
24890
8511
24895
8513
8519
24904
8522
8524
8526
41296
8530
24914
8532
24915
41302
41303
24916
24919
24922
41307
41308
41309
41311
8544
24927
24931
41318
8558
41327
41328
8567
24951
8569
8571
41342
24959
41345
24961
8580
8585
24969
8588
41356
24972
24978
8597
24981
8601
8602
25004
25006
41395
41401
8638
8640
8641
8644
41414
8649
8651
25035
8653
25037
8655
8656
41425
8660
41429
8662
8663
41431
25050
8671
41440
25055
8674
25058
8676
41448
41454
41456
41457
8694
25080
25082
41472
41475
41480
8720
41490
41492
8730
8734
25118
8736
8737
41508
41509
8740
41511
25128
25134
25135
8752
41522
41523
8755
25138
25140
25144
25148
41533
25149
8767
8768
25157
41543
25161
8780
41550
41551
25166
25169
25172
25175
8792
41561
41562
25177
41564
41565
25179
8799
25182
25184
8803
25189
8806
41577
25193
25195
25198
8815
8816
25199
41588
41589
8824
41594
25214
41599
41600
41603
8836
25219
8845
8846
8847
25229
25234
41620
41621
25236
41623
25243
8863
8866
41635
41636
41637
25254
25257
41644
8881
25268
8888
8889
41661
41664
25284
25287
8907
8908
41677
25295
41680
8912
25296
25302
41690
8922
25310
8931
8932
25315
25316
25318
41705
41706
25322
25323
25324
8942
8947
41729
25346
8963
41733
8967
41735
8969
41737
8971
41740
41741
25354
41743
25357
41745
8978
8979
25358
25362
25366
8985
8989
8994
8997
8998
41767
25381
41769
25382
25388
25391
9011
41782
9014
9019
9021
9023
25408
25409
41798
25415
25417
9035
41804
25420
41806
9039
41808
25423
41814
25430
9048
25432
25433
9052
41821
25438
41826
9059
25442
41829
41831
25448
25449
25453
41838
41839
41843
41845
9078
9077
9080
41849
41850
25462
9085
9089
25473
41859
25476
9093
9094
41864
41868
41869
25484
41871
25488
41875
25491
41883
25501
41886
9120
41888
9121
41892
25512
9130
25516
41902
25518
41910
41912
9144
41914
25532
25533
25534
41921
25540
25541
9158
25549
41937
25554
41940
9175
9176
9178
9181
9183
25568
9188
41956
25578
25581
9199
41970
25589
41975
25593
9210
25595
9212
9219
25604
25605
9222
41991
25606
41993
25608
41995
25616
42001
42004
25624
9241
25626
25627
25628
42014
9248
9249
42019
42020
9253
25640
42026
9259
25642
42032
25648
25657
25658
42044
25660
25662
25664
9281
42050
25667
9289
9293
9294
9296
42064
25681
9299
42068
9300
25683
25687
25690
25692
42079
9312
42081
42082
25700
42087
9320
42089
25704
42091
42092
25706
42095
42096
42098
9333
9334
42104
9337
42108
9340
42110
9341
25726
9345
25727
42116
42117
9350
25734
42120
25735
25736
9357
9358
25743
42128
25748
42135
42138
25754
42144
25761
42146
9378
9380
42148
25763
9383
42152
9385
25770
9388
25772
25775
25776
9393
42163
42168
42169
42170
9404
9408
42177
42180
42181
9416
9421
25805
42192
25810
42196
25812
42198
25817
42202
42204
9439
9440
25824
25826
42212
9444
9448
42217
9449
42219
25832
9453
25836
9455
9456
25844
42231
25847
25849
25852
25854
42239
9472
42240
42242
9476
42245
9480
9481
42252
42253
25868
25870
25872
9489
42258
9491
9492
9493
25873
25875
42267
25885
9503
25891
42276
25893
9511
25898
9518
9519
42287
9521
42288
9523
25906
9525
42293
25911
9529
9531
42302
9538
42306
42309
9545
25932
9551
25935
25939
9556
25940
9558
25942
25945
25946
9563
9565
9570
25956
42341
9574
42344
9576
25961
25963
9581
9583
9585
42354
42358
42361
42362
9594
9597
9598
42370
9603
25989
25990
42375
9612
42382
26004
26005
42393
26009
26010
9634
9635
42405
9639
42409
26030
9648
9649
26034
26036
9653
42424
9657
26045
42433
9667
42438
9670
26056
9675
9677
9678
42447
42448
9681
42450
9682
26061
26063
26064
26066
42456
26071
26076
26080
9697
42466
9699
26087
9704
26089
9707
9712
42480
26096
26097
42484
26102
42488
42491
9727
9729
42501
42503
42504
9737
26127
9744
26132
9750
42519
26134
26140
9757
26146
42531
42532
42533
9767
26151
42537
9770
26153
26157
26161
42546
42547
9780
26167
9788
26173
9790
42559
26174
9793
26175
42566
42571
9805
42577
26193
26194
42580
9815
42584
9817
42589
42593
9828
26213
9831
42601
42604
42608
42615
26232
26235
9856
42625
26240
42627
9861
26247
9865
26255
9873
26258
9876
42645
42646
9881
42651
26268
42653
26273
42659
9892
9896
26283
9903
9905
42675
9907
9909
9914
26299
9916
9917
9929
26313
42703
26319
42705
42706
26323
42710
9942
9944
26330
26333
42724
9958
42729
26346
26349
9967
42736
42740
42741
9974
9976
42744
26363
42748
26364
9985
9986
26375
9992
9993
42762
9995
42764
26376
26377
26382
10003
26390
10008
10009
42778
42779
42776
10014
42786
26406
26410
42801
42803
10035
26421
10039
42811
26428
42817
10052
10053
10054
26440
42825
10057
42827
10060
26442
26443
10065
10068
42838
10071
26454
26456
10079
10081
26467
42853
10085
42856
26473
10093
42862
10097
26482
10101
26488
42877
26495
10112
42881
26499
26503
26505
42891
42892
10125
26516
10135
42909
26528
10145
10150
42923
26539
26541
26544
42929
42935
26551
42937
26555
42940
10175
26568
42953
10188
26572
10190
10192
10193
42961
42965
10200
42969
42972
42973
10206
26591
42978
26598
26599
42984
42986
26603
10220
42990
42991
42995
26611
10229
26614
26616
10233
43001
10235
43002
43005
26619
10239
10240
26626
10243
43012
26629
26630
26631
10250
26636
26637
43023
43025
10258
26642
26645
10265
10266
43035
43036
43033
43038
10271
43040
10267
43042
10275
26662
10279
26663
10286
43055
43056
43057
26680
26682
26686
10304
10310
10314
10315
43082
43085
26701
43091
43099
26715
10336
43105
26723
26724
43110
43114
10350
26734
26736
26738
43123
26739
26740
10359
10361
26748
43135
10368
26752
26755
10374
26760
10377
10378
10380
10381
10382
26764
43154
43155
26770
43157
10393
43162
26777
26778
10397
43166
43167
43172
43173
43177
10414
43187
26804
43189
10422
10423
43192
26807
10426
43195
10428
26811
43198
10432
26816
10434
26817
43204
10439
26823
26824
43213
10445
10449
43217
26833
26834
26836
10454
10461
26846
10463
10464
26849
43237
43238
26857
10474
26861
10480
43248
26866
26867
10484
10486
10487
10488
43259
43260
43262
10495
10499
26883
43269
10501
26884
26887
10507
26892
10512
10513
10514
10518
26904
10521
26906
10523
26909
10527
43300
43302
26918
26919
26926
43311
10543
26927
26934
10554
43324
10565
26950
10567
43337
10570
10574
26960
10577
10582
26967
26969
10587
43355
10589
43364
10597
43366
26984
10601
43370
43374
43375
10609
26995
26996
26999
43385
43388
27009
27013
27015
43400
43407
27023
43409
27024
27026
43414
27031
43416
10651
43420
43422
43424
43425
10656
10660
27046
10666
43434
10668
43437
43439
43441
43445
10678
10679
27064
27065
10683
10692
27077
27078
43463
43464
27081
43468
27084
27086
43471
27087
43475
43476
27091
10711
43480
43479
43485
43490
10723
27108
10726
27110
43496
43497
10732
27118
27121
10741
43511
27129
27130
10748
27142
10759
43528
27143
10764
43535
43540
10775
10776
43545
10778
43546
27170
43556
10789
10790
27172
27174
43564
10798
43569
27185
10803
10804
43571
27191
27192
10811
10814
43583
43586
10819
10820
43589
10822
43590
43592
43593
43594
27208
10832
10833
43602
27217
27222
10841
43615
27231
27235
43620
10852
10855
27242
10860
43632
27250
10872
27257
27262
43647
43653
27271
27273
43659
43660
10892
43661
10891
27277
10897
27278
10899
43668
10900
43669
43671
27288
10905
43673
43675
27289
10909
10911
27296
27300
27302
10919
27305
43692
10924
10925
43697
27314
10932
27317
43702
43703
10937
43709
10942
10946
43718
27334
10952
43726
27342
10960
27348
27351
10968
43742
43743
43744
10976
27359
10979
43747
10981
43754
27371
43756
10989
43757
27375
10993
43761
43768
11006
27390
43776
11012
11016
11017
11022
11026
43796
11030
43800
11034
11035
11036
43805
43806
43807
27422
27423
27424
27425
43812
43813
11051
27435
43822
27439
11056
11058
43829
27445
43831
43832
11063
11066
27450
27451
11069
27452
27453
43840
43841
43842
27455
27459
11077
11078
11079
43848
27462
27465
43851
27467
43855
43856
27475
27476
43865
11098
43867
27485
43875
11108
11109
27493
43880
43884
43885
43886
27504
11121
43890
11123
27505
27506
27509
27518
11140
11149
43920
43922
43923
11156
27541
27542
43929
43931
43933
11166
27549
11168
43936
11169
27550
27553
11173
43942
11175
27554
43945
27563
11180
27565
27567
43955
43956
11189
11188
43957
11193
27577
11195
27578
43966
11198
43968
11201
11202
27583
27585
27586
11211
43979
27596
43982
27599
43990
11223
11225
27610
43999
27616
27618
11235
11236
11237
11239
11240
27626
11243
11245
44014
11248
11249
11252
44020
27640
11259
44028
27645
27646
27647
27652
11271
44040
27656
27660
27665
27679
27681
44067
27684
44071
44072
27690
44084
11317
27701
11319
27703
27704
11322
27705
27706
11326
44095
27711
27714
27715
44100
27717
11337
44107
11339
44113
27732
11349
11351
44120
11353
27738
11356
27743
44128
44129
11366
44137
11371
27756
27758
27761
44147
44149
27765
44154
27770
44159
44161
27779
44166
44168
11400
11405
44175
44176
11409
44178
44179
11415
27799
27800
27802
11420
11422
44191
27806
11426
44196
11431
44201
44207
11439
11445
11447
44217
27833
27836
44226
44229
11463
11464
27847
11466
44235
44237
11471
11475
11476
27863
11483
11487
44256
11489
44257
11490
27873
11493
44263
11497
44268
27885
44277
27893
27895
11513
11514
27901
27902
11519
11521
11524
27908
44296
11529
11535
44304
44307
27924
44310
44311
11543
11545
27926
27928
27931
44318
27934
27938
11559
44328
44329
27948
44334
11572
44342
11574
44344
44345
44346
11580
11583
27967
27969
27971
27974
11591
27977
11596
27980
44368
27987
27988
27989
11606
27991
44382
11617
28001
28003
11621
11622
11623
44392
11625
11628
11629
28014
11632
44402
44404
28020
28021
44407
11639
11642
28026
28028
28029
28031
11650
11651
11652
44421
11657
44426
28042
28044
44430
11662
44431
11671
28055
28058
11675
28060
11679
11680
28069
11690
44461
44463
11697
44466
44465
28084
28089
28090
44475
28091
28092
11711
11712
28095
28104
11722
11723
11724
28106
28113
11731
11732
44504
11737
11738
11739
28124
44510
28126
44512
28133
44518
11752
44523
11756
11758
28143
11760
11766
11768
44538
44540
11775
44544
28162
11783
44555
44557
28178
11799
28184
28189
11807
44578
28194
44580
11813
11812
11818
11820
28204
44590
11823
11826
44596
44600
28218
11835
11836
44608
28228
11845
28229
11848
11852
28237
28238
44624
28241
44627
44633
44635
11868
28253
11872
11873
11876
44647
11882
11885
11886
11887
28275
28284
44670
28286
11904
28287
44674
44676
11909
44677
28295
28297
28299
44684
11917
28300
44687
11920
28303
28307
44695
28311
28315
28316
11933
44705
28321
11939
28327
28332
11953
28338
11958
28342
28344
44730
11963
11965
11969
28355
44740
44743
44746
44747
44748
11982
44751
28368
44753
11989
28374
11991
44760
28376
28377
28378
28380
12001
12007
44776
28392
12013
44782
28399
44784
12016
28401
12019
12020
28402
44793
44794
12027
44795
44796
44798
28418
12036
44805
28424
28426
12045
44813
44815
44816
44820
12056
28440
12058
12059
12060
28441
28442
44833
44834
12070
12073
12074
44842
12079
12080
12081
28466
28469
28471
44856
44857
28475
44864
44866
44867
12100
28487
28489
12106
28492
28494
28497
28501
12118
28505
44892
12128
12129
12130
44900
44903
44904
28520
44906
44907
12140
12141
12139
44910
28525
28531
12149
44921
28537
12156
44925
44926
12157
44933
12167
28551
12173
28559
28564
12182
44953
12186
44954
12188
44957
28584
12201
12202
44972
12205
44977
12210
28593
44980
28594
28595
12215
28597
12219
44988
28605
28606
28607
28609
44995
28611
44997
44999
12233
12235
28621
45006
12244
45013
12246
28629
45018
28634
28636
45022
28638
12258
28642
12262
12265
12269
45038
12271
12270
12273
12274
45043
45046
28662
28664
12281
28667
28672
45057
28673
28676
12294
28680
12297
45066
28682
45072
28689
12308
45083
12317
12319
28705
45091
12325
12327
12328
28718
12336
28721
45106
28723
45110
12343
28728
45113
28732
28733
45120
12355
45124
45123
28742
28746
45135
28752
12371
45140
12374
45143
45144
28767
28770
45156
45157
12390
45158
12391
28777
45163
45165
12398
12399
28782
12407
12409
45180
45181
45182
12414
12420
45192
45194
45197
28816
45203
45204
45205
28819
45207
28821
12442
28830
45217
12449
28834
45221
28845
12465
28849
12469
45238
28854
28856
12473
45246
12482
45251
28867
45253
45256
12493
12496
12501
45269
45272
28889
12507
12508
45285
28902
45294
45296
12529
28912
12532
12533
28917
28919
45304
28921
45306
28925
45312
28929
12546
12549
12550
12551
45319
45321
28935
12557
45328
28952
12569
45338
45339
12570
12579
45347
45349
28964
45351
12584
28967
28972
12593
45364
12597
45367
12600
12601
28984
45374
12609
28993
12611
12612
45380
28994
12615
28998
12620
45389
29005
29006
29015
29019
12637
12638
29021
12640
12641
12642
45408
45412
29022
45414
12647
29025
45417
45420
12653
29039
12659
12663
29048
12668
45436
29053
45439
45440
45441
29060
12677
29064
45449
29066
45453
45454
29076
12696
29080
29081
45469
45470
45471
29087
12705
29092
45478
45479
12710
12716
29102
29103
12720
45489
12724
29113
45499
12735
29121
12741
29125
45511
45513
45515
45516
29132
12750
12751
45519
12752
12754
29133
45525
45529
12764
12770
29154
45542
29159
12776
45545
12780
45550
45551
45553
12786
12790
29175
12792
29178
12796
45564
12798
29180
12802
45571
29187
12808
12809
12811
45579
29198
45583
12815
29202
45587
29205
29208
12825
45594
29212
45599
45601
45602
29219
45606
12839
29225
29227
29229
45615
45616
12849
29231
12851
12852
45624
12858
12860
29244
29249
12869
29253
29255
29259
12877
29263
12883
45652
12886
29271
45663
29279
29282
29285
12903
12906
29293
12915
45689
29306
12925
29309
45695
12928
29311
45698
12931
12936
45705
29321
12939
29326
45711
29329
45715
45721
29340
12961
45730
45731
29348
12965
12966
45737
12970
12971
29354
12974
29359
29360
29362
29363
29366
45759
12992
12991
45762
29375
12996
29376
29379
12999
29383
13001
45770
29384
13004
13005
29389
13009
13013
29397
45783
29398
45789
45792
29412
13030
45799
45806
13040
29424
45810
29426
45812
45814
45815
13054
13055
13057
13058
45830
45831
45832
13063
45835
13068
29451
45838
13071
13072
29454
29456
45843
13077
45850
29467
13085
45854
13086
45857
45858
45859
13093
29478
45863
29481
29484
45875
45878
13111
13110
45881
13112
29500
45885
45886
45887
13120
13123
45892
45893
29511
29512
45898
29515
13132
45903
13136
29523
45909
45910
13142
13141
45911
13147
45916
45915
45918
29532
13153
45921
45924
13158
45927
29547
45934
13166
29550
13169
29552
13173
13174
29561
29566
29567
13187
45956
13189
29571
13192
45963
29580
29581
45967
13200
45969
13202
13203
29583
29594
45980
13213
13214
45983
29603
45991
13223
13228
13229
45997
13230
29614
29615
13236
46005
29623
29625
29626
46013
13246
29630
13248
13251
13252
13254
29645
29649
46034
46035
29650
46039
13272
46052
29669
13286
46056
13289
29676
46062
46064
13298
13299
29684
13302
29687
46075
29691
13311
13313
29703
46088
29704
29706
29707
46092
29709
46094
46095
13328
29712
29713
29717
46103
13337
29721
46107
13340
29725
13347
13350
46120
46123
46124
13359
13360
46128
13375
13376
46145
29764
29769
46157
13389
46159
13392
29773
13394
46162
29778
29783
13401
13402
46171
46179
29795
29803
13420
29807
29809
29812
13430
46200
46201
13434
29819
13436
46205
46206
13439
13437
29823
46213
29833
29836
29838
29839
46225
13461
29846
46231
29847
13465
46235
13470
13471
29858
29865
13483
46251
13486
13487
29871
29874
13491
13492
46264
13497
46265
46267
29884
29885
46270
13504
13506
46275
46276
46277
29890
29893
13513
29902
13519
46289
13524
46293
29908
13527
46296
29910
13530
29915
46301
46303
29920
46307
46312
13546
46315
13547
46321
13555
46325
29942
46329
13561
29946
29948
46333
13565
46335
29955
13574
29961
13579
29963
29967
29969
13586
46354
46357
13592
46360
13594
13595
46361
13593
29980
13600
13602
13603
46372
46371
46370
29988
46376
13609
29990
29993
29997
13615
13624
13626
13627
30013
46399
30022
13639
46407
30023
13643
46412
30029
13646
13648
13649
13652
46424
30045
30048
13666
13668
30054
13671
46440
46441
13674
13673
13676
46443
30061
46447
46448
30063
13682
13683
46453
13685
13686
30069
13689
30070
30075
30077
30081
46466
46468
46469
30085
30090
46475
46478
46479
13711
46481
13713
46483
13717
13719
13731
30117
13738
30122
46509
13742
46510
46512
46511
46514
30126
30129
30135
13754
30138
13756
13759
30145
46531
46532
30148
30153
46539
13772
46541
46544
30160
46557
46560
13794
30180
13802
46571
46573
13806
46577
13811
13814
13816
46584
30200
30201
13822
13823
13824
13825
13827
13830
46600
13835
13836
46604
13840
13842
13844
46613
13846
46615
13848
46617
46614
13852
13857
13860
30244
13862
30247
30251
30258
13879
30264
30266
46653
30269
46655
30277
13898
30282
46669
13904
30288
46675
46677
13912
46682
46683
13914
13920
13922
30310
30311
30313
30316
13936
46706
46708
30325
46710
13942
46712
46713
13948
13949
13950
46717
46716
30332
30333
13955
13956
46725
30335
46727
13960
30337
30349
13970
13983
30368
30370
46757
46766
13999
14001
46770
30389
14007
30395
14023
30409
46797
14029
14031
14033
14034
30417
46805
30422
46807
30430
14050
46819
14054
46827
30444
46835
46836
14069
30456
30458
14076
30461
14079
30467
14084
30469
14087
46856
30473
30474
30475
46864
46868
46869
14106
30493
30494
46881
14117
30501
30502
14120
30505
46890
14125
46895
30513
14131
14132
46902
30519
46905
46907
46910
30531
30532
46919
30535
14153
46923
14156
30541
46926
14161
46929
30548
30549
14166
46935
46940
14174
30560
46945
30561
46947
14180
14185
14187
30572
46961
30577
30579
46967
30584
14209
30594
46980
14216
14219
46988
30606
46991
46992
14223
14227
46995
46997
30612
14231
30617
30620
47006
30624
14241
47009
14246
47014
47018
30636
47022
14254
14259
30643
30646
30653
47042
14275
30660
30667
30669
30671
30672
30675
14294
47062
47063
14297
30685
30686
47074
14309
14310
14312
14313
30696
14315
30703
14320
14322
47091
47092
47093
30709
47095
47096
14329
47098
47099
30716
30718
14335
47104
14337
47106
30719
30723
30726
47111
14343
14351
30735
14354
30744
47131
30747
47134
14366
30750
14369
30752
30753
30754
14373
14378
14379
30763
30765
14382
14383
30766
30767
30770
14388
14389
30777
14394
30784
47170
30787
47172
14405
47173
14406
47176
30789
30792
47182
47184
30801
30802
47190
14423
30806
14425
47196
30812
30815
14432
47201
14434
14435
47202
47203
47205
30817
30818
47209
14442
30819
30833
14450
47222
14455
30838
30840
47228
47230
14463
30847
14469
47248
30864
30867
14486
14487
30871
47258
47259
14494
47267
47268
14502
14503
14504
47274
14507
47276
14520
47292
30910
47295
47296
47297
47298
30912
14532
47301
30914
14536
30922
14539
30924
47310
30926
30927
47316
30935
14553
14554
30938
30943
47329
30945
30951
14568
47337
14573
14574
14575
30960
14577
14578
14588
47357
47362
14595
30978
47366
14600
14601
14605
30994
47379
14612
47386
47387
14619
31005
31010
14627
47396
31022
31023
14640
47409
31025
14650
31038
31040
31043
31044
31046
31048
47437
47438
47439
14669
31057
14675
47444
31059
14678
14691
31077
14698
31082
31085
14702
31086
31091
14708
47479
14716
47488
14721
14722
47492
14727
47500
31116
14734
14739
47507
47509
14745
31130
31132
31136
14755
47524
47525
14758
31144
47534
14767
14774
14775
47544
31159
14778
31164
31165
47555
47556
47557
31173
47560
31180
47565
31185
31186
31189
14811
14812
31199
31202
14820
47589
31204
14825
47594
14827
47595
31210
31215
14833
14835
47604
14837
47606
14841
14842
14843
31228
14845
31231
31232
14850
47620
47621
14854
31240
14859
47627
14861
47629
31246
47632
31248
14866
14868
47637
14875
14876
31261
14883
47659
47662
31280
47667
47672
47674
14909
47678
14911
47679
31293
47682
14915
14916
14918
31302
31308
31309
14927
14929
47698
47699
14930
14931
14933
31318
47705
47710
31333
47719
31337
31338
14955
47725
31342
47730
14962
14964
14965
47733
47739
47740
31356
14975
31359
14987
47756
31373
47759
31376
47763
47764
15003
15008
47781
47783
15017
31405
31407
47792
31411
31412
15032
31419
47804
15039
47812
15044
47814
31428
47816
15050
47819
31435
15053
15054
47823
15059
47832
31454
31455
47840
47841
47843
15076
47847
31465
47850
15084
15085
31474
15092
31482
47868
47870
15102
47872
31486
31487
31496
47882
15114
47885
31502
31506
15124
15125
47894
15129
31515
47903
31521
47906
15139
31524
47909
31525
15147
31532
31533
47919
31536
31546
31551
47936
15171
31556
31558
15175
47943
31560
31562
31563
31566
31568
15185
47954
47956
47957
15189
15188
15192
31572
31574
15195
31575
31580
15202
31588
15206
31591
47976
31592
15211
47980
15216
15217
15218
15219
31600
15223
15225
31609
31610
15228
47998
31615
15233
48002
15235
31619
48005
48006
31621
31626
48016
15252
31636
31638
15255
31640
31641
15259
48030
31647
48033
31649
48036
15269
31654
15273
48045
31661
15279
31663
15282
48053
15285
15286
31669
48058
15292
15297
48066
31681
31685
15303
48074
31691
31695
15312
15313
15318
48086
48088
15320
48090
48089
15324
48087
31707
31713
31714
31717
48102
31719
15336
31725
15343
31727
31728
48119
31735
31737
31742
15360
48131
31756
48141
31759
48149
31766
48151
15383
31768
48154
48156
48157
31773
48160
15396
15400
31785
48170
31786
15407
31795
15412
48181
31798
31799
15416
15417
15422
15425
31812
15429
48199
48200
15432
31820
48208
15443
31828
15445
48213
48217
48218
31835
48220
31837
31842
15463
48233
48239
31859
48244
15477
48246
48247
48248
48249
31863
31865
31870
31874
48259
15492
48264
31880
48266
31883
48270
15503
31886
31888
31892
31894
48279
31899
31900
48285
15519
31904
31907
48304
15542
31927
15546
48315
15547
48314
31934
48320
15554
31940
15557
48327
15561
48330
31947
15564
31949
15574
48346
31965
15583
15584
31969
48354
31974
48360
48361
48362
15593
31978
48365
15598
31984
15603
31988
31991
48378
15610
15612
48381
48391
48392
32010
48395
32015
48404
15640
48410
15650
32035
15653
32038
15656
15658
48427
32045
32052
32056
32057
48444
32060
15678
15679
48448
32063
48452
48453
32071
32074
15694
15702
15703
15706
48474
32090
15711
15713
48482
32097
48484
32099
48489
15722
15723
32108
32109
48495
15728
32111
48499
48501
15734
15735
48505
15739
48508
48510
32127
15745
32136
15753
15754
15755
48523
32137
32139
32140
32145
48530
48531
32147
48533
48534
48535
32148
15769
32151
15772
15775
32159
48549
48550
48553
15788
48571
15804
48572
15807
15808
32195
48580
32196
48583
15817
32202
48587
15820
32203
15822
32208
48594
48595
32212
48599
48608
32224
48611
32228
15846
32231
48617
32241
15858
32242
15860
48632
32250
32251
48638
32261
32265
32268
15886
15888
48658
15890
15891
48660
48659
15895
32274
32277
48666
32281
32284
15902
32289
32291
48676
48677
15910
48681
15913
48683
15919
15920
32304
32306
32309
48697
15929
48699
48702
15937
48708
48709
32324
15944
32331
32333
15950
48720
32336
48722
48723
32340
15960
48730
32348
48733
48737
48739
32360
15977
32361
32363
48748
15981
48752
15987
15989
48758
48757
32374
32377
48765
16002
16004
48782
16015
32399
16017
32400
32404
32409
32410
48796
48799
48800
16034
32420
16037
32423
32425
16043
48814
32430
16049
16053
16057
32442
48830
48833
16066
16067
32454
48842
48846
48849
48850
32465
48852
16087
32471
32472
16091
32475
32477
48862
32480
16097
32483
16101
16105
16111
16113
48884
48885
16116
32504
48895
16131
48902
48904
48906
48907
32524
16145
32529
32530
32532
48922
48924
16157
48926
32540
32542
32546
32548
48939
32559
48944
16177
16178
32560
16182
48951
48952
16185
48953
48957
16190
16196
16197
16199
16201
16202
32585
16207
48976
32594
48990
32606
32607
16225
32614
49001
16236
16238
16239
49009
32626
16245
16246
32629
32632
16249
49017
32634
49020
16255
32642
32647
32649
16273
49042
49044
16277
49046
32662
49048
16282
49053
49054
49056
49067
32684
49069
16304
32693
16311
49079
16314
16316
16318
16319
16321
32705
32707
16324
49093
32709
49099
32719
49104
16337
49105
16339
32720
49117
49118
16351
16352
32734
49130
49133
32751
16369
49138
49139
49137
16372
16374
16375
16377
32762
