5
6
7
12
13
15
17
18
19
20
21
23
24
25
26
29
30
33
34
35
36
38
40
41
42
43
45
47
49
50
51
52
53
54
55
56
58
63
64
66
68
69
70
72
73
74
75
77
81
82
85
88
90
91
92
93
95
98
99
101
102
103
104
105
106
107
108
114
116
117
120
121
123
124
125
129
130
131
132
133
134
135
136
137
138
139
140
141
142
145
148
151
153
157
159
160
161
162
163
166
167
170
171
172
173
174
177
179
183
184
186
187
189
194
195
196
197
198
200
203
204
206
209
210
215
218
220
221
224
226
227
228
229
231
232
233
234
235
237
239
241
243
245
246
247
249
253
255
256
257
258
259
260
261
262
263
267
271
272
276
277
278
279
280
281
282
283
285
286
287
288
289
292
293
297
300
302
303
304
305
307
308
309
312
313
314
315
317
318
321
324
326
327
328
329
330
331
332
333
334
335
336
337
338
341
342
345
347
348
349
350
351
355
356
357
359
360
361
363
364
366
367
370
371
373
374
377
380
382
384
386
389
390
395
396
397
399
400
401
402
403
406
407
409
410
411
413
414
416
417
420
421
422
423
425
426
427
428
429
430
431
432
433
436
438
439
440
442
443
445
446
448
450
451
452
453
455
456
457
458
459
460
461
462
463
464
465
467
468
469
470
471
473
474
475
479
481
483
484
485
491
493
494
496
497
501
502
503
504
505
507
508
509
510
513
515
518
519
521
522
523
525
527
531
532
534
535
537
538
539
540
542
543
544
548
549
550
552
555
556
557
558
559
560
561
562
565
566
567
568
569
571
573
575
577
582
584
585
587
588
591
595
596
597
598
601
602
604
605
607
608
610
614
615
616
618
619
620
621
622
623
624
625
626
629
630
631
633
634
635
636
637
638
639
641
642
646
648
649
651
653
654
655
656
657
658
660
661
662
663
664
665
666
669
670
671
672
675
677
678
680
681
682
686
687
689
690
691
692
694
695
696
697
698
699
701
703
709
710
711
712
713
714
716
717
720
722
723
725
726
728
731
732
733
734
735
736
737
738
739
740
746
747
748
749
750
751
755
757
760
762
765
766
767
768
772
774
775
779
781
782
783
784
785
787
790
791
792
793
794
795
796
797
798
799
800
801
803
804
805
806
807
808
809
811
812
813
814
815
817
820
821
822
823
825
827
828
830
831
833
835
836
838
839
841
843
845
846
847
848
850
851
852
854
855
857
858
859
860
861
864
865
868
869
870
872
874
875
876
880
881
885
887
891
893
894
895
897
898
899
901
902
903
907
908
909
912
913
918
919
920
922
923
924
925
927
928
929
930
931
932
933
935
938
939
942
943
945
946
947
948
949
950
951
952
953
955
957
958
959
960
961
962
963
965
969
972
975
976
977
981
982
983
984
985
988
990
992
993
995
996
997
998
999
1002
1004
1005
1009
1011
1012
1013
1014
1015
1017
1018
1019
1021
1022
1023
1024
1027
1029
1030
1031
1032
1036
1037
1039
1040
1041
1042
1045
1046
1047
1052
1053
1054
1055
1060
1061
1062
1064
1065
1067
1068
1069
1071
1072
1074
1076
1077
1079
1080
1081
1082
1084
1085
1086
1087
1091
1092
1093
1094
1096
1098
1100
1101
1102
1104
1105
1107
1108
1109
1110
1111
1113
1119
1120
1122
1123
1125
1126
1127
1128
1129
1130
1132
1133
1134
1135
1136
1137
1141
1142
1145
1146
1147
1149
1150
1152
1153
1154
1156
1157
1159
1160
1161
1162
1163
1165
1166
1167
1168
1172
1173
1174
1175
1176
1178
1180
1181
1182
1184
1185
1186
1187
1188
1189
1192
1193
1196
1198
1199
1201
1203
1204
1205
1206
1208
1209
1210
1211
1212
1215
1217
1218
1219
1220
1222
1224
1228
1232
1234
1237
1239
1240
1242
1243
1244
1246
1248
1249
1250
1251
1254
1258
1259
1261
1264
1266
1267
1268
1270
1271
1272
1274
1277
1278
1280
1281
1282
1283
1284
1285
1286
1287
1291
1292
1293
1295
1296
1298
1299
1303
1307
1310
1311
1313
1314
1316
1318
1319
1320
1322
1323
1325
1327
1328
1330
1332
1333
1335
1336
1340
1341
1342
1344
1345
1350
1351
1352
1353
1354
1355
1357
1358
1359
1362
1364
1366
1368
1369
1372
1373
1374
1375
1376
1385
1387
1391
1393
1394
1395
1396
1397
1400
1401
1402
1404
1405
1406
1408
1409
1411
1412
1417
1419
1420
1421
1422
1423
1424
1425
1427
1428
1429
1430
1431
1436
1438
1440
1441
1443
1444
1445
1446
1450
1451
1453
1454
1455
1456
1457
1458
1459
1460
1461
1466
1468
1469
1470
1472
1473
1474
1475
1480
1482
1483
1484
1485
1486
1487
1488
1489
1490
1491
1492
1493
1494
1495
1499
1500
1501
1503
1506
1509
1511
1513
1514
1516
1517
1518
1519
1522
1524
1525
1526
1527
1528
1529
1530
1531
1532
1533
1535
1536
1537
1540
1542
1546
1548
1549
1550
1551
1552
1553
1554
1555
1556
1559
1563
1565
1566
1567
1568
1569
1571
1576
1579
1580
1581
1583
1584
1585
1586
1588
1592
1593
1594
1595
1596
1600
1601
1605
1606
1607
1609
1610
1611
1613
1614
1615
1616
1620
1621
1622
1624
1625
1627
1628
1630
1631
1634
1636
1637
1641
1642
1646
1647
1648
1649
1650
1651
1653
1654
1655
1656
1658
1659
1661
1662
1663
1664
1667
1669
1671
1673
1675
1676
1677
1678
1679
1682
1683
1684
1685
1686
1687
1688
1689
1690
1691
1694
1695
1697
1698
1701
1703
1704
1705
1706
1707
1709
1710
1711
1713
1715
1716
1717
1719
1722
1723
1724
1726
1727
1728
1729
1730
1732
1734
1735
1737
1738
1740
1741
1743
1746
1750
1752
1757
1761
1764
1766
1768
1772
1773
1775
1776
1777
1778
1779
1780
1783
1785
1786
1787
1790
1792
1793
1795
1797
1798
1799
1800
1801
1802
1803
1805
1808
1809
1811
1812
1813
1814
1816
1818
1822
1824
1827
1828
1830
1831
1833
1834
1835
1838
1841
1843
1844
1845
1846
1847
1848
1849
1850
1852
1854
1856
1857
1858
1859
1862
1863
1865
1867
1868
1869
1870
1872
1875
1877
1879
1882
1883
1884
1885
1887
1888
1890
1891
1892
1894
1897
1898
1899
1900
1902
1905
1908
1909
1911
1912
1914
1915
1918
1919
1921
1924
1925
1927
1928
1929
1930
1931
1932
1934
1935
1936
1938
1941
1944
1946
1948
1949
1950
1951
1955
1956
1959
1961
1962
1963
1965
1966
1967
1968
1970
1971
1972
1973
1976
1977
1978
1979
1980
1981
1982
1983
1985
1986
1987
1988
1989
1990
1993
1995
1998
1999
2003
2004
2005
2006
2007
2008
2010
2011
2014
2015
2017
2018
2019
2022
2025
2026
2027
2028
2029
2030
2034
2037
2041
2042
2043
2044
2045
2047
2048
2049
2050
2053
2054
2056
2057
2059
2060
2061
2062
2063
2064
2066
2067
2070
2071
2073
2074
2075
2076
2078
2079
2080
2081
2082
2083
2084
2085
2086
2087
2089
2090
2091
2092
2093
2094
2095
2100
2101
2103
2104
2105
2106
2107
2108
2111
2112
2114
2115
2117
2119
2120
2121
2122
2125
2126
2127
2128
2130
2133
2135
2136
2139
2142
2143
2144
2145
2148
2149
2150
2155
2156
2159
2163
2164
2167
2168
2173
2174
2176
2177
2179
2180
2181
2182
2188
2189
2193
2194
2195
2197
2198
2200
2201
2202
2205
2207
2211
2212
2213
2215
2216
2218
2221
2222
2223
2225
2226
2227
2230
2233
2236
2238
2240
2241
2242
2244
2246
2247
2248
2250
2251
2252
2254
2255
2256
2258
2259
2260
2261
2262
2263
2264
2265
2266
2267
2268
2269
2272
2274
2277
2278
2279
2282
2283
2284
2285
2288
2290
2291
2292
2293
2297
2299
2300
2301
2303
2304
2305
2306
2307
2308
2311
2312
2314
2315
2316
2317
2318
2319
2320
2321
2322
2326
2327
2328
2329
2331
2333
2334
2337
2339
2340
2341
2342
2343
2344
2345
2346
2347
2349
2350
2354
2356
2358
2360
2366
2367
2370
2372
2373
2374
2376
2377
2379
2383
2384
2386
2388
2395
2396
2398
2400
2401
2404
2407
2411
2412
2414
2416
2417
2420
2421
2422
2424
2425
2427
2428
2429
2430
2432
2433
2435
2436
2439
2440
2442
2443
2446
2447
2450
2451
2452
2453
2455
2456
2457
2458
2460
2461
2462
2465
2467
2470
2472
2474
2475
2476
2478
2487
2491
2492
2493
2494
2495
2498
2500
2504
2505
2507
2509
2510
2514
2515
2516
2517
2519
2520
2521
2522
2523
2525
2528
2530
2532
2534
2535
2536
2540
2541
2542
2543
2544
2545
2546
2548
2549
2550
2552
2553
2554
2555
2556
2558
2559
2560
2561
2564
2565
2570
2571
2572
2577
2578
2581
2583
2586
2589
2590
2592
2595
2596
2599
2602
2604
2605
2610
2611
2612
2613
2615
2617
2618
2619
2620
2621
2622
2623
2626
2627
2628
2629
2631
2633
2634
2638
2639
2641
2644
2646
2647
2649
2650
2651
2657
2659
2660
2662
2665
2668
2669
2673
2674
2678
2679
2680
2681
2682
2684
2686
2690
2691
2692
2693
2694
2698
2700
2702
2703
2704
2711
2712
2714
2717
2719
2720
2722
2723
2725
2726
2727
2729
2730
2732
2736
2737
2738
2740
2741
2744
2745
2746
2747
2748
2749
2751
2752
2753
2754
2755
2756
2759
2760
2762
2763
2766
2772
2773
2774
2775
2776
2777
2778
2780
2782
2784
2785
2789
2791
2792
2794
2796
2799
2800
2801
2806
2807
2808
2809
2814
2815
2817
2818
2821
2822
2824
2826
2827
2834
2835
2836
2837
2839
2841
2842
2843
2844
2846
2850
2852
2855
2857
2859
2860
2862
2863
2865
2866
2867
2868
2869
2870
2871
2872
2874
2877
2879
2882
2884
2887
2888
2889
2891
2892
2893
2894
2895
2896
2898
2900
2902
2904
2905
2906
2907
2912
2913
2914
2915
2916
2917
2924
2925
2926
2928
2930
2932
2936
2938
2939
2941
2944
2945
2946
2948
2949
2950
2951
2956
2957
2958
2959
2962
2963
2964
2966
2967
2968
2971
2975
2976
2977
2979
2983
2984
2985
2990
2992
2993
2995
2996
2998
2999
3000
3001
3002
3003
3004
3005
3009
3010
3012
3015
3017
3018
3019
3020
3022
3026
3028
3031
3033
3035
3036
3037
3039
3042
3043
3044
3046
3047
3048
3049
3050
3051
3054
3055
3060
3066
3067
3069
3070
3071
3072
3073
3074
3075
3077
3079
3080
3082
3083
3084
3085
3086
3089
3091
3092
3093
3094
3095
3098
3102
3103
3104
3105
3107
3108
3110
3111
3113
3117
3118
3119
3121
3122
3123
3124
3128
3131
3132
3133
3136
3137
3139
3142
3144
3146
3147
3148
3150
3152
3153
3154
3155
3157
3158
3162
3163
3164
3165
3166
3167
3168
3169
3170
3171
3172
3173
3174
3181
3183
3184
3185
3186
3187
3190
3191
3194
3195
3197
3198
3199
3200
3201
3203
3204
3205
3206
3208
3209
3210
3212
3219
3220
3221
3222
3224
3225
3227
3229
3231
3233
3237
3239
3240
3241
3242
3245
3248
3249
3252
3254
3255
3259
3261
3264
3267
3271
3272
3273
3274
3276
3277
3278
3280
3281
3282
3283
3285
3286
3287
3289
3290
3291
3293
3299
3301
3302
3305
3306
3308
3309
3311
3312
3313
3314
3316
3317
3318
3319
3323
3325
3326
3327
3328
3331
3333
3335
3336
3338
3339
3341
3345
3346
3347
3348
3349
3351
3352
3355
3356
3358
3359
3360
3362
3365
3367
3369
3370
3371
3372
3373
3375
3376
3381
3385
3386
3387
3388
3389
3390
3391
3393
3396
3399
3400
3401
3402
3403
3404
3409
3411
3413
3415
3417
3418
3420
3421
3422
3423
3426
3429
3433
3434
3435
3436
3437
3440
3443
3445
3448
3449
3450
3454
3456
3457
3458
3459
3460
3462
3466
3467
3469
3470
3471
3472
3474
3475
3476
3478
3480
3481
3482
3484
3486
3488
3490
3492
3493
3494
3495
3496
3498
3500
3503
3505
3507
3508
3511
3512
3514
3518
3520
3521
3524
3525
3526
3527
3528
3530
3531
3535
3536
3537
3538
3540
3542
3543
3547
3548
3549
3558
3562
3565
3567
3568
3569
3571
3572
3573
3574
3577
3578
3580
3581
3585
3588
3589
3592
3594
3595
3599
3603
3604
3608
3610
3611
3614
3615
3616
3619
3620
3621
3622
3624
3626
3627
3628
3636
3637
3639
3640
3641
3644
3645
3646
3647
3650
3651
3652
3653
3654
3655
3656
3660
3661
3662
3665
3667
3669
3673
3674
3675
3678
3679
3680
3683
3684
3687
3688
3690
3692
3693
3694
3696
3703
3705
3708
3709
3713
3714
3716
3722
3723
3725
3728
3732
3734
3735
3736
3738
3739
3742
3746
3747
3750
3751
3754
3757
3760
3762
3765
3767
3768
3769
3771
3772
3773
3776
3777
3778
3781
3782
3783
3786
3787
3789
3790
3791
3794
3795
3796
3799
3800
3802
3803
3804
3805
3807
3808
3810
3812
3813
3814
3815
3820
3821
3823
3824
3825
3826
3828
3833
3834
3835
3836
3837
3841
3842
3844
3847
3848
3849
3852
3853
3855
3856
3859
3861
3862
3863
3864
3865
3867
3868
3869
3870
3872
3873
3874
3875
3880
3881
3883
3884
3887
3888
3889
3890
3891
3892
3894
3899
3900
3901
3902
3904
3909
3910
3911
3916
3917
3918
3932
3934
3935
3938
3939
3941
3942
3943
3944
3947
3949
3950
3951
3953
3955
3959
3960
3962
3963
3964
3965
3966
3967
3968
3969
3971
3972
3976
3978
3979
3982
3985
3987
3988
3989
3993
3994
3997
3999
4000
4004
4006
4008
4009
4010
4012
4015
4017
4019
4021
4022
4023
4025
4026
4027
4030
4033
4034
4035
4036
4038
4039
4040
4042
4044
4046
4048
4050
4051
4054
4055
4056
4057
4062
4063
4064
4065
4066
4067
4069
4070
4072
4073
4074
4075
4076
4077
4078
4079
4080
4083
4086
4087
4088
4089
4090
4091
4094
4097
4099
4101
4104
4105
4108
4109
4110
4113
4114
4116
4117
4118
4119
4120
4122
4125
4130
4131
4132
4134
4135
4137
4138
4139
4141
4143
4151
4153
4155
4156
4157
4158
4159
4160
4161
4163
4168
4171
4172
4173
4174
4175
4177
4180
4181
4183
4185
4187
4190
4194
4195
4197
4198
4200
4201
4202
4203
4204
4205
4206
4208
4211
4213
4216
4217
4220
4224
4225
4228
4229
4230
4234
4235
4236
4237
4239
4241
4243
4245
4247
4249
4254
4255
4256
4257
4258
4259
4260
4261
4265
4267
4268
4269
4270
4271
4272
4273
4274
4277
4281
4282
4283
4285
4286
4288
4289
4292
4293
4294
4295
4298
4303
4304
4310
4312
4314
4316
4318
4321
4324
4325
4326
4327
4329
4330
4331
4332
4333
4334
4337
4339
4342
4345
4346
4348
4349
4353
4354
4355
4356
4358
4360
4362
4368
4370
4372
4375
4377
4378
4379
4380
4382
4383
4386
4387
4388
4392
4394
4398
4399
4400
4401
4402
4404
4405
4406
4410
4411
4413
4417
4418
4420
4421
4422
4423
4424
4426
4427
4428
4430
4433
4435
4437
4438
4440
4444
4448
4449
4451
4452
4453
4459
4462
4463
4464
4465
4466
4467
4469
4470
4472
4475
4476
4477
4478
4479
4480
4483
4485
4486
4488
4494
4499
4503
4504
4505
4511
4512
4513
4516
4518
4522
4523
4525
4526
4528
4529
4530
4531
4532
4534
4535
4536
4540
4546
4548
4549
4550
4552
4553
4559
4560
4563
4564
4568
4569
4570
4571
4572
4573
4574
4577
4578
4582
4583
4584
4586
4587
4589
4590
4592
4593
4595
4600
4601
4604
4605
4606
4607
4608
4609
4610
4614
4616
4621
4626
4628
4630
4632
4633
4634
4639
4641
4645
4647
4651
4654
4655
4656
4657
4659
4661
4663
4664
4668
4670
4672
4673
4675
4677
4678
4679
4681
4682
4688
4689
4692
4693
4696
4697
4699
4700
4702
4703
4706
4707
4708
4712
4716
4719
4720
4721
4722
4727
4728
4729
4731
4734
4737
4740
4741
4751
4755
4758
4759
4763
4765
4766
4767
4769
4771
4772
4773
4774
4776
4777
4784
4786
4787
4788
4789
4790
4792
4793
4795
4796
4798
4799
4800
4803
4805
4807
4808
4810
4811
4812
4813
4814
4815
4819
4820
4822
4823
4824
4825
4826
4827
4829
4830
4836
4837
4838
4839
4842
4844
4846
4849
4850
4853
4855
4868
4869
4872
4875
4878
4880
4881
4883
4884
4887
4889
4890
4894
4895
4896
4899
4900
4901
4902
4906
4911
4912
4917
4918
4919
4921
4922
4926
4927
4932
4933
4934
4935
4937
4939
4940
4941
4943
4946
4950
4954
4955
4956
4957
4960
4961
4963
4966
4967
4969
4973
4980
4981
4984
4985
4988
4989
4993
4997
5000
5002
5003
5004
5006
5008
5010
5016
5017
5018
5020
5021
5026
5028
5032
5033
5034
5037
5041
5043
5045
5046
5053
5059
5061
5063
5064
5065
5066
5067
5068
5069
5070
5071
5072
5075
5076
5079
5081
5084
5085
5086
5088
5089
5093
5094
5095
5097
5100
5101
5105
5106
5107
5108
5110
5111
5113
5119
5120
5121
5122
5124
5128
5129
5130
5131
5132
5134
5135
5136
5137
5141
5143
5147
5148
5150
5151
5152
5155
5156
5157
5158
5162
5163
5164
5165
5167
5173
5175
5177
5178
5181
5184
5185
5191
5192
5193
5194
5196
5201
5203
5205
5207
5208
5211
5214
5215
5216
5218
5219
5226
5230
5231
5233
5236
5238
5243
5245
5246
5247
5248
5249
5252
5255
5258
5261
5263
5264
5265
5266
5267
5268
5269
5274
5275
5277
5278
5279
5284
5287
5288
5291
5292
5294
5296
5300
5302
5303
5305
5308
5309
5311
5313
5314
5315
5318
5322
5323
5324
5326
5327
5329
5333
5334
5338
5339
5340
5341
5342
5345
5348
5349
5354
5356
5360
5361
5364
5367
5370
5376
5383
5386
5389
5392
5393
5396
5398
5400
5402
5406
5407
5409
5411
5412
5413
5414
5415
5416
5419
5421
5424
5427
5429
5432
5436
5439
5441
5442
5444
5445
5447
5448
5451
5454
5455
5456
5458
5461
5464
5465
5467
5468
5469
5474
5477
5478
5483
5486
5488
5489
5490
5491
5493
5494
5495
5497
5498
5500
5506
5507
5508
5510
5513
5514
5515
5517
5518
5521
5522
5523
5525
5526
5527
5529
5530
5531
5533
5535
5536
5539
5540
5543
5550
5552
5553
5554
5555
5556
5558
5560
5564
5565
5567
5568
5570
5571
5575
5576
5579
5582
5583
5584
5585
5586
5592
5594
5595
5598
5599
5600
5604
5606
5609
5611
5613
5615
5617
5618
5620
5625
5630
5632
5634
5636
5639
5642
5645
5646
5651
5656
5658
5661
5664
5665
5670
5671
5673
5678
5680
5683
5684
5686
5690
5694
5696
5698
5699
5700
5702
5703
5705
5707
5708
5710
5712
5714
5715
5719
5720
5721
5723
5727
5728
5729
5733
5736
5738
5740
5741
5742
5744
5745
5751
5757
5758
5759
5760
5762
5763
5766
5770
5771
5773
5777
5780
5781
5782
5789
5790
5792
5799
5800
5802
5807
5808
5809
5810
5813
5814
5818
5820
5821
5823
5824
5825
5827
5828
5829
5830
5831
5832
5836
5837
5839
5840
5841
5843
5845
5846
5848
5849
5854
5855
5856
5859
5861
5862
5863
5865
5867
5871
5872
5875
5876
5877
5878
5882
5883
5885
5886
5887
5888
5889
5892
5893
5899
5900
5905
5909
5910
5912
5913
5914
5916
5920
5924
5926
5928
5929
5934
5936
5939
5942
5945
5947
5952
5954
5956
5957
5959
5961
5962
5963
5965
5966
5967
5969
5970
5972
5973
5977
5979
5980
5981
5983
5988
5990
5991
5993
5999
6001
6003
6004
6007
6011
6014
6015
6016
6018
6019
6026
6028
6030
6032
6033
6037
6040
6041
6043
6046
6047
6048
6053
6058
6059
6060
6061
6062
6063
6069
6070
6071
6073
6075
6076
6080
6083
6085
6086
6090
6092
6093
6096
6100
6103
6105
6106
6109
6112
6113
6118
6121
6127
6129
6130
6133
6135
6137
6139
6140
6142
6146
6147
6151
6153
6154
6155
6157
6162
6166
6170
6172
6174
6177
6178
6179
6182
6183
6185
6186
6187
6190
6191
6192
6193
6194
6196
6199
6200
6208
6210
6211
6217
6218
6220
6223
6224
6226
6227
6228
6230
6231
6232
6233
6234
6235
6236
6239
6240
6241
6242
6244
6250
6251
6252
6253
6256
6259
6262
6265
6267
6271
6274
6276
6277
6278
6279
6284
6288
6290
6294
6295
6296
6298
6305
6306
6309
6311
6312
6317
6318
6321
6323
6325
6326
6327
6329
6334
6338
6339
6340
6341
6343
6345
6347
6352
6353
6354
6355
6356
6359
6362
6364
6367
6368
6373
6377
6379
6382
6383
6385
6386
6390
6391
6392
6393
6394
6397
6398
6399
6402
6404
6405
6406
6408
6409
6411
6412
6416
6417
6419
6421
6422
6424
6427
6432
6433
6435
6436
6442
6444
6446
6447
6448
6449
6450
6455
6456
6457
6458
6461
6462
6464
6466
6470
6471
6476
6478
6479
6481
6482
6483
6486
6487
6488
6490
6493
6495
6496
6499
6502
6503
6504
6506
6507
6508
6510
6511
6512
6513
6514
6517
6518
6519
6520
6522
6523
6530
6531
6532
6533
6535
6536
6539
6542
6543
6547
6553
6555
6556
6557
6566
6567
6570
6574
6580
6581
6582
6585
6586
6588
6589
6590
6592
6595
6596
6598
6600
6601
6606
6608
6609
6613
6615
6618
6619
6620
6622
6626
6635
6638
6640
6641
6642
6645
6648
6650
6653
6654
6655
6656
6658
6664
6666
6667
6668
6669
6670
6673
6674
6675
6679
6685
6686
6687
6688
6689
6697
6698
6700
6702
6704
6706
6707
6710
6712
6716
6721
6722
6723
6724
6726
6729
6730
6731
6733
6736
6738
6739
6740
6741
6742
6743
6744
6750
6751
6752
6753
6757
6758
6760
6761
6765
6767
6768
6769
6771
6773
6775
6779
6781
6782
6783
6784
6792
6794
6798
6801
6802
6803
6804
6807
6808
6809
6812
6814
6815
6816
6817
6821
6823
6825
6826
6827
6828
6832
6833
6834
6836
6837
6842
6843
6851
6852
6853
6855
6856
6857
6858
6863
6865
6866
6867
6868
6872
6873
6874
6876
6878
6881
6884
6885
6888
6889
6897
6902
6904
6909
6913
6914
6915
6916
6917
6918
6919
6921
6923
6927
6930
6932
6937
6938
6940
6941
6950
6956
6957
6959
6962
6965
6969
6971
6972
6973
6975
6976
6978
6979
6980
6983
6986
6988
6992
6994
6995
6999
7000
7004
7006
7009
7011
7013
7014
7017
7019
7021
7022
7024
7025
7026
7027
7028
7029
7030
7038
7039
7044
7045
7046
7047
7048
7049
7051
7053
7056
7057
7058
7059
7060
7062
7063
7068
7074
7075
7077
7079
7082
7085
7086
7089
7092
7093
7094
7095
7103
7105
7107
7108
7109
7111
7113
7115
7116
7120
7121
7127
7128
7130
7131
7132
7136
7139
7142
7143
7149
7150
7153
7157
7159
7160
7164
7169
7171
7173
7174
7177
7178
7179
7183
7187
7189
7190
7195
7204
7205
7208
7209
7210
7211
7213
7214
7216
7217
7218
7219
7220
7222
7229
7232
7234
7237
7238
7241
7242
7243
7247
7253
7257
7258
7260
7261
7264
7265
7266
7267
7270
7272
7275
7277
7278
7283
7297
7299
7303
7305
7306
7309
7311
7312
7313
7315
7318
7319
7320
7321
7322
7323
7325
7326
7327
7332
7335
7339
7340
7341
7342
7343
7344
7345
7346
7348
7350
7352
7354
7356
7360
7363
7364
7366
7368
7369
7370
7371
7378
7380
7381
7382
7383
7384
7386
7387
7390
7391
7392
7393
7400
7401
7402
7407
7408
7409
7410
7411
7412
7413
7414
7415
7417
7425
7426
7427
7428
7433
7434
7435
7436
7438
7439
7449
7450
7451
7452
7454
7462
7463
7465
7466
7467
7472
7473
7476
7478
7481
7485
7489
7490
7491
7493
7499
7503
7505
7507
7509
7510
7513
7515
7516
7517
7521
7522
7523
7524
7525
7527
7528
7530
7531
7534
7538
7539
7541
7542
7543
7545
7548
7549
7552
7553
7555
7557
7558
7560
7562
7565
7566
7567
7568
7573
7574
7576
7577
7581
7582
7583
7586
7587
7589
7592
7596
7597
7599
7606
7607
7609
7610
7616
7617
7618
7619
7620
7622
7629
7633
7635
7643
7645
7647
7648
7649
7654
7660
7661
7662
7664
7667
7671
7672
7676
7680
7681
7683
7686
7688
7689
7691
7692
7699
7700
7709
7711
7719
7720
7724
7726
7727
7730
7733
7736
7741
7742
7744
7749
7754
7755
7768
7769
7780
7781
7782
7784
7785
7787
7789
7791
7795
7800
7803
7804
7807
7808
7809
7812
7815
7817
7818
7819
7824
7826
7831
7835
7839
7841
7842
7843
7844
7845
7847
7848
7850
7852
7853
7857
7859
7861
7865
7866
7867
7868
7873
7878
7879
7882
7883
7884
7886
7887
7888
7889
7890
7892
7893
7895
7898
7899
7901
7905
7906
7913
7921
7926
7928
7929
7937
7941
7942
7944
7945
7952
7956
7959
7962
7964
7966
7967
7971
7972
7973
7974
7977
7978
7979
7982
7984
7987
7991
7992
7996
7998
8004
8005
8008
8010
8011
8017
8018
8019
8022
8025
8029
8033
8034
8041
8043
8045
8051
8055
8060
8062
8063
8065
8069
8071
8072
8073
8077
8078
8079
8083
8084
8085
8087
8088
8090
8091
8092
8096
8098
8100
8101
8106
8111
8114
8118
8119
8121
8128
8132
8134
8139
8142
8147
8149
8151
8153
8154
8155
8157
8160
8162
8165
8166
8168
8170
8173
8174
8179
8181
8186
8187
8188
8189
8194
8197
8199
8203
8204
8205
8206
8207
8214
8216
8218
8219
8222
8223
8224
8228
8229
8237
8240
8242
8258
8259
8261
8262
8264
8265
8269
8272
8276
8277
8280
8285
8287
8288
8289
8293
8297
8304
8307
8309
8310
8311
8315
8320
8324
8325
8328
8333
8335
8336
8339
8340
8344
8345
8347
8351
8352
8353
8356
8358
8360
8366
8368
8369
8370
8371
8372
8373
8374
8377
8378
8386
8390
8391
8396
8400
8401
8408
8410
8411
8412
8414
8420
8421
8427
8430
8431
8436
8438
8440
8442
8443
8447
8448
8452
8455
8457
8463
8466
8467
8469
8471
8472
8473
8474
8475
8477
8478
8481
8484
8485
8486
8488
8494
8497
8500
8511
8516
8519
8521
8522
8524
8526
8527
8530
8532
8536
8540
8543
8544
8545
8547
8548
8554
8555
8558
8566
8567
8569
8571
8580
8583
8585
8588
8589
8596
8597
8598
8601
8602
8611
8614
8617
8622
8623
8630
8633
8634
8638
8640
8641
8644
8647
8648
8649
8651
8653
8655
8656
8660
8662
8664
8671
8674
8676
8678
8679
8680
8683
8690
8691
8692
8694
8695
8700
8701
8702
8714
8718
8730
8732
8734
8737
8740
8742
8744
8745
8746
8747
8750
8752
8755
8757
8759
8764
8767
8768
8769
8770
8771
8776
8777
8778
8779
8780
8782
8789
8792
8798
8799
8802
8803
8804
8806
8808
8812
8815
8816
8824
8827
8830
8836
8839
8842
8844
8845
8846
8847
8848
8850
8851
8853
8855
8858
8860
8862
8863
8866
8867
8868
8870
8874
8875
8876
8881
8882
8885
8888
8889
8892
8894
8901
8902
8907
8908
8910
8912
8917
8922
8923
8927
8931
8932
8937
8938
8942
8947
8948
8957
8962
8963
8967
8970
8971
8974
8976
8977
8978
8979
8983
8984
8985
8989
8994
8997
8998
9004
9005
9011
9013
9014
9021
9023
9029
9030
9031
9033
9035
9037
9039
9048
9050
9051
9052
9057
9059
9063
9070
9073
9077
9078
9079
9080
9085
9087
9089
9093
9094
9101
9103
9104
9112
9120
9121
9123
9126
9129
9130
9132
9137
9144
9151
9153
9158
9162
9166
9167
9175
9176
9178
9180
9181
9183
9186
9188
9196
9199
9202
9203
9205
9209
9210
9212
9219
9222
9224
9226
9234
9235
9236
9241
9248
9249
9250
9253
9259
9274
9275
9280
9281
9284
9286
9288
9289
9292
9293
9294
9296
9299
9300
9307
9312
9313
9317
9318
9319
9320
9323
9326
9331
9333
9334
9337
9341
9343
9345
9348
9350
9354
9355
9356
9357
9358
9362
9366
9368
9377
9378
9380
9383
9385
9386
9388
9389
9390
9391
9392
9393
9395
9397
9400
9402
9403
9404
9408
9416
9417
9418
9421
9422
9423
9424
9429
9433
9435
9436
9437
9438
9439
9440
9443
9444
9448
9449
9453
9455
9456
9458
9469
9471
9472
9475
9476
9477
9480
9481
9482
9483
9485
9489
9491
9492
9495
9498
9503
9511
9518
9519
9521
9523
9525
9528
9529
9530
9531
9533
9534
9537
9538
9545
9551
9552
9556
9560
9563
9565
9569
9570
9574
9576
9581
9583
9585
9590
9594
9595
9597
9603
9604
9605
9607
9612
9614
9618
9619
9621
9623
9633
9634
9635
9639
9640
9648
9649
9652
9653
9657
9663
9664
9667
9670
9671
9674
9675
9677
9678
9681
9682
9685
9687
9688
9694
9696
9697
9698
9700
9707
9709
9712
9719
9722
9727
9729
9732
9737
9744
9745
9748
9751
9752
9757
9760
9761
9763
9767
9770
9774
9778
9780
9788
9790
9793
9794
9796
9798
9804
9805
9807
9815
9817
9818
9819
9822
9827
9828
9831
9842
9854
9861
9865
9873
9876
9878
9881
9883
9888
9889
9892
9896
9897
9900
9901
9903
9905
9906
9907
9909
9910
9914
9916
9917
9920
9921
9925
9926
9927
9929
9933
9941
9942
9944
9957
9958
9963
9967
9968
9970
9973
9974
9985
9986
9987
9992
9993
9995
9999
10001
10003
10009
10014
10016
10017
10027
10035
10039
10043
10052
10053
10054
10057
10063
10064
10068
10071
10079
10081
10085
10093
10095
10097
10101
10106
10109
10110
10111
10112
10114
10117
10118
10120
10125
10135
10137
10143
10145
10150
10152
10155
10158
10160
10164
10169
10175
10180
10181
10184
10186
10187
10188
10192
10193
10194
10200
10204
10206
10212
10213
10214
10220
10223
10226
10228
10229
10235
10239
10240
10243
10246
10256
10258
10260
10265
10266
10267
10271
10275
10278
10279
10287
10288
10293
10295
10298
10302
10303
10304
10310
10314
10315
10317
10321
10323
10324
10327
10330
10336
10339
10343
10350
10353
10357
10359
10361
10366
10368
10374
10377
10378
10379
10380
10381
10382
10389
10393
10397
10406
10411
10414
10422
10423
10426
10428
10432
10433
10434
10435
10439
10445
10447
10449
10451
10453
10454
10455
10457
10459
10461
10463
10464
10474
10476
10479
10480
10484
10486
10487
10488
10495
10499
10501
10503
10505
10508
10512
10513
10514
10515
10523
10526
10527
10528
10532
10534
10542
10543
10548
10551
10554
10563
10564
10565
10566
10567
10570
10571
10574
10577
10578
10579
10580
10582
10586
10587
10588
10589
10597
10601
10606
10608
10612
10621
10625
10628
10641
10650
10651
10652
10656
10660
10661
10666
10668
10669
10670
10678
10679
10683
10692
10693
10694
10696
10700
10703
10710
10711
10713
10714
10723
10724
10726
10731
10735
10736
10741
10743
10746
10747
10748
10749
10752
10756
10759
10761
10764
10767
10775
10776
10778
10783
10786
10787
10788
10789
10790
10798
10800
10803
10807
10810
10813
10814
10815
10818
10819
10820
10824
10832
10833
10839
10840
10843
10846
10847
10848
10852
10855
10860
10861
10872
10878
10885
10891
10892
10893
10895
10897
10899
10905
10906
10909
10911
10912
10919
10920
10924
10925
10927
10932
10936
10937
10939
10940
10942
10944
10946
10952
10954
10959
10960
10962
10968
10971
10976
10978
10981
10982
10989
10993
11002
11004
11005
11006
11007
11011
11012
11013
11016
11017
11021
11026
11027
11030
11034
11035
11036
11038
11042
11047
11051
11056
11058
11060
11061
11062
11063
11065
11066
11069
11073
11077
11078
11079
11081
11083
11095
11098
11108
11109
11116
11119
11120
11121
11123
11137
11140
11143
11149
11150
11156
11157
11165
11166
11168
11169
11173
11174
11175
11177
11180
11181
11183
11184
11185
11187
11188
11189
11195
11198
11201
11202
11214
11215
11217
11222
11223
11224
11226
11235
11236
11237
11239
11240
11243
11245
11248
11249
11252
11253
11256
11259
11260
11269
11271
11274
11276
11278
11280
11285
11286
11287
11288
11294
11295
11301
11305
11312
11317
11319
11322
11323
11326
11337
11339
11340
11341
11344
11345
11349
11350
11351
11353
11356
11362
11365
11366
11371
11376
11379
11381
11386
11393
11400
11405
11409
11412
11415
11419
11420
11422
11425
11426
11428
11431
11439
11441
11445
11447
11463
11464
11465
11466
11467
11469
11471
11474
11475
11476
11479
11482
11483
11487
11488
11489
11490
11493
11497
11499
11503
11507
11509
11510
11513
11514
11518
11519
11524
11525
11528
11529
11534
11535
11536
11538
11543
11545
11551
11554
11559
11560
11564
11571
11572
11574
11580
11583
11588
11591
11593
11596
11606
11614
11615
11617
11619
11621
11622
11623
11625
11626
11628
11629
11632
11635
11636
11639
11641
11642
11650
11651
11652
11655
11657
11659
11662
11668
11671
11675
11679
11680
11684
11689
11690
11695
11697
11702
11706
11707
11708
11710
11711
11712
11721
11722
11723
11724
11725
11730
11731
11732
11737
11738
11739
11741
11743
11748
11750
11752
11756
11758
11760
11762
11766
11768
11775
11779
11782
11783
11785
11789
11792
11795
11799
11804
11808
11809
11812
11813
11818
11823
11825
11826
11827
11833
11835
11836
11838
11839
11841
11845
11848
11852
11868
11870
11872
11873
11875
11876
11878
11881
11882
11885
11886
11887
11893
11895
11899
11902
11904
11917
11918
11920
11924
11927
11928
11933
11939
11944
11949
11953
11957
11958
11963
11965
11969
11976
11982
11989
11990
11991
11995
11998
11999
12007
12013
12016
12026
12027
12036
12045
12046
12053
12055
12056
12057
12058
12059
12060
12062
12065
12070
12073
12074
12075
12079
12080
12081
12100
12118
12128
12129
12130
12139
12140
12141
12149
12152
12156
12157
12158
12163
12165
12173
12178
12182
12188
12192
12200
12201
12202
12205
12210
12215
12219
12220
12222
12225
12226
12228
12230
12236
12244
12246
12252
12256
12258
12262
12263
12265
12269
12270
12271
12273
12274
12281
12284
12294
12297
12300
12308
12310
12316
12317
12319
12321
12323
12325
12327
12328
12335
12336
12337
12340
12343
12349
12352
12355
12363
12371
12374
12380
12390
12391
12398
12399
12407
12409
12414
12420
12442
12449
12452
12459
12465
12469
12473
12476
12482
12491
12493
12496
12501
12505
12507
12508
12515
12518
12529
12532
12533
12534
12538
12542
12545
12546
12549
12550
12551
12553
12557
12559
12564
12569
12570
12573
12579
12583
12584
12586
12593
12596
12597
12600
12601
12609
12610
12611
12612
12613
12615
12617
12618
12619
12620
12629
12637
12638
12641
12642
12653
12655
12657
12659
12668
12669
12672
12677
12681
12690
12693
12696
12697
12703
12705
12710
12713
12720
12721
12724
12728
12735
12739
12741
12747
12748
12750
12752
12754
12756
12758
12764
12765
12769
12771
12780
12785
12786
12790
12791
12792
12796
12798
12802
12808
12809
12811
12815
12818
12823
12825
12828
12829
12839
12849
12851
12852
12853
12857
12858
12860
12869
12870
12874
12877
12883
12884
12886
12903
12906
12908
12910
12911
12913
12915
12925
12928
12931
12936
12939
12944
12952
12956
12959
12961
12965
12966
12970
12971
12981
12991
12992
12994
12996
12999
13001
13004
13005
13007
13009
13013
13030
13040
13043
13048
13051
13052
13054
13055
13057
13058
13063
13068
13070
13071
13072
13075
13076
13077
13081
13083
13085
13086
13093
13104
13105
13110
13111
13112
13120
13121
13123
13128
13132
13134
13136
13139
13141
13142
13143
13147
13153
13158
13159
13166
13169
13173
13174
13187
13189
13190
13192
13195
13200
13202
13206
13213
13215
13223
13228
13229
13230
13236
13237
13244
13245
13246
13248
13249
13251
13254
13259
13260
13277
13286
13289
13299
13302
13307
13311
13313
13314
13321
13328
13329
13333
13334
13337
13340
13347
13350
13352
13359
13360
13367
13375
13385
13389
13398
13401
13402
13410
13415
13418
13420
13430
13432
13434
13436
13437
13439
13447
13448
13461
13463
13465
13467
13470
13471
13483
13486
13487
13490
13491
13492
13497
13504
13505
13506
13513
13516
13525
13527
13530
13546
13547
13548
13551
13552
13555
13561
13563
13565
13574
13578
13579
13582
13585
13592
13593
13594
13595
13600
13603
13605
13608
13615
13619
13620
13622
13626
13627
13632
13639
13643
13646
13648
13649
13658
13660
13666
13668
13671
13673
13676
13679
13682
13683
13685
13686
13689
13701
13711
13713
13717
13719
13732
13735
13738
13742
13750
13754
13758
13759
13761
13768
13772
13785
13793
13794
13796
13802
13806
13811
13814
13816
13819
13822
13823
13824
13825
13827
13829
13830
13835
13840
13841
13842
13844
13846
13848
13852
13857
13859
13860
13861
13879
13880
13882
13885
13890
13892
13898
13904
13911
13914
13915
13920
13922
13925
13932
13934
13936
13937
13938
13942
13948
13949
13950
13954
13955
13956
13960
13961
13970
13972
13978
13981
13983
13990
13996
13997
13998
13999
14001
14007
14012
14023
14027
14029
14031
14033
14034
14044
14050
14052
14054
14069
14076
14079
14084
14086
14087
14106
14107
14116
14117
14120
14125
14131
14132
14139
14143
14153
14155
14156
14159
14166
14174
14182
14185
14187
14202
14209
14213
14216
14219
14222
14223
14227
14231
14237
14239
14241
14246
14251
14253
14254
14259
14268
14273
14275
14276
14282
14294
14297
14299
14309
14310
14312
14313
14315
14319
14320
14322
14329
14335
14337
14343
14351
14354
14358
14360
14364
14365
14366
14368
14369
14370
14373
14378
14379
14380
14382
14383
14388
14389
14394
14400
14406
14408
14416
14423
14425
14432
14433
14434
14442
14445
14453
14455
14463
14469
14473
14476
14477
14481
14486
14487
14494
14498
14499
14502
14503
14504
14507
14520
14534
14536
14537
14539
14545
14550
14554
14559
14567
14568
14573
14574
14577
14578
14580
14588
14595
14600
14601
14603
14605
14612
14619
14627
14629
14640
14646
14650
14657
14661
14669
14672
14675
14678
14691
14696
14698
14702
14706
14707
14708
14709
14716
14722
14727
14739
14752
14755
14756
14758
14759
14760
14767
14774
14778
14796
14801
14803
14811
14812
14820
14827
14833
14835
14837
14841
14842
14843
14845
14848
14849
14850
14854
14859
14861
14862
14866
14867
14868
14875
14876
14877
14883
14890
14894
14903
14906
14909
14911
14915
14916
14918
14927
14929
14930
14931
14932
14933
14954
14955
14962
14964
14965
14973
14975
14978
14983
14987
15003
15008
15010
15013
15017
15019
15029
15032
15034
15039
15041
15044
15050
15053
15054
15058
15059
15076
15084
15085
15092
15098
15102
15114
15119
15124
15125
15129
15136
15139
15146
15147
15158
15160
15171
15175
15177
15185
15188
15189
15191
15192
15195
15202
15206
15211
15214
15216
15217
15218
15219
15223
15225
15228
15232
15233
15235
15236
15240
15252
15255
15258
15259
15262
15269
15273
15282
15285
15286
15297
15302
15304
15312
15313
15314
15320
15323
15324
15336
15352
15360
15379
15380
15383
15390
15391
15400
15402
15407
15412
15416
15417
15422
15425
15432
15443
15445
15450
15463
15477
15483
15492
15503
15544
15547
15552
15554
15556
15557
15564
15570
15572
15574
15583
15584
15593
15598
15603
15609
15610
15612
15640
15642
15650
15652
15653
15654
15656
15657
15658
15677
15678
15689
15697
15698
15702
15703
15706
15713
15723
15728
15734
15735
15736
15739
15745
15753
15754
15755
15766
15769
15772
15774
15775
15788
15790
15804
15807
15808
15820
15822
15829
15846
15849
15853
15858
15867
15884
15886
15888
15890
15891
15895
15902
15913
15919
15920
15929
15937
15939
15941
15944
15950
15952
15960
15981
15982
15987
15989
16002
16004
16010
16015
16017
16034
16037
16043
16053
16056
16057
16066
16067
16087
16091
16101
16111
16116
16123
16131
16132
16145
16153
16160
16176
16177
16178
16182
16189
16190
16196
16197
16199
16201
16207
16213
16225
16236
16238
16239
16245
16246
16249
16273
16277
16280
16282
16295
16304
16311
16314
16316
16318
16319
16324
16334
16338
16351
16352
16363
16369
16372
16374
16375
16377
16389
16392
16395
16397
16400
16402
16404
16410
16411
16427
16431
16436
16440
16446
16456
16470
16474
16476
16493
16496
16497
16498
16524
16528
16530
16531
16536
16541
16543
16544
16545
16555
16557
16559
16567
16569
16572
16577
16578
16579
16580
16593
16597
16603
16618
16624
16626
16632
16634
16641
16647
16652
16662
16678
16680
16686
16693
16694
16696
16700
16701
16703
16704
16709
16714
16726
16729
16733
16735
16741
16743
16746
16748
16751
16760
16761
16763
16764
16780
16781
16782
16784
16785
16789
16791
16796
16797
16801
16807
16819
16825
16835
16837
16842
16846
16860
16867
16873
16877
16884
16886
16896
16897
16905
16908
16912
16916
16933
16938
16939
16943
16947
16950
16953
16968
16969
16971
16972
16983
16986
16987
16995
16998
17008
17013
17014
17015
17018
17030
17040
17044
17046
17055
17059
17062
17070
17076
17077
17079
17089
17093
17094
17096
17102
17106
17110
17114
17117
17127
17131
17133
17134
17149
17154
17155
17165
17170
17171
17175
17181
17189
17190
17197
17202
17231
17236
17238
17242
17257
17265
17267
17272
17278
17279
17280
17282
17289
17290
17293
17297
17300
17319
17320
17321
17332
17333
17340
17341
17353
17354
17355
17362
17368
17373
17385
17387
17399
17404
17405
17407
17415
17436
17438
17445
17446
17448
17449
17461
17466
17476
17481
17487
17488
17493
17501
17506
17516
17520
17534
17538
17547
17559
17563
17564
17567
17574
17589
17595
17598
17602
17603
17606
17620
17621
17624
17627
17628
17631
17638
17641
17644
17646
17677
17678
17688
17699
17701
17708
17710
17717
17718
17751
17757
17759
17762
17768
17769
17781
17808
17811
17819
17826
17832
17837
17840
17844
17850
17853
17855
17859
17860
17861
17867
17880
17885
17894
17898
17904
17915
17916
17924
17931
17938
17940
17941
17952
17958
17959
17971
17979
17980
17988
18002
18013
18014
18027
18029
18032
18036
18050
18051
18073
18081
18083
18088
18089
18090
18091
18092
18100
18101
18126
18129
18133
18137
18141
18146
18147
18150
18153
18156
18161
18163
18170
18171
18176
18178
18190
18192
18204
18206
18211
18229
18234
18241
18243
18245
18246
18247
18249
18256
18257
18266
18287
18288
18293
18294
18298
18304
18317
18318
18324
18329
18335
18338
18341
18344
18351
18366
18367
18368
18370
18373
18380
18382
18387
18389
18393
18414
18416
18419
18422
18432
18469
18470
18472
18474
18482
18489
18496
18501
18506
18507
18528
18529
18530
18548
18556
18565
18568
18573
18578
18586
18590
18600
18603
18607
18613
18615
18629
18632
18637
18639
18643
18646
18654
18657
18663
18665
18678
18687
18693
18716
18721
18729
18743
18746
18764
18767
18768
18782
18807
18815
18827
18840
18845
18847
18854
18856
18863
18868
18885
18894
18901
18902
18913
18917
18919
18920
18933
18935
18937
18939
18944
18945
18954
18958
18962
18966
18972
18976
18987
18988
18991
18993
18994
18995
19004
19013
19014
19015
19019
19021
19022
19023
19024
19036
19038
19040
19043
19044
19063
19067
19070
19071
19089
19095
19107
19109
19115
19157
19160
19169
19189
19190
19205
19206
19222
19227
19229
19234
19236
19252
19272
19275
19277
19286
19288
19294
19295
19300
19318
19320
19324
19329
19331
19334
19335
19339
19340
19347
19350
19368
19374
19375
19378
19438
19445
19453
19454
19455
19459
19463
19465
19468
19473
19480
19499
19506
19515
19522
19539
19544
19569
19571
19573
19576
19577
19580
19586
19589
19598
19599
19606
19611
19624
19630
19633
19635
19641
19646
19647
19662
19668
19672
19673
19683
19685
19698
19720
19745
19750
19760
19763
19775
19782
19793
19804
19809
19810
19827
19839
19847
19852
19859
19877
19881
19901
19926
19949
19950
19958
19964
19985
19988
19993
20003
20017
20024
20029
20031
20037
20043
20046
20048
20053
20070
20077
20090
20092
20097
20112
20117
20120
20121
20124
20152
20153
20168
20178
20182
20200
20210
20212
20222
20234
20236
20237
20242
20252
20259
20260
20269
20272
20277
20302
20310
20319
20328
20330
20331
20338
20342
20355
20357
20360
20372
20377
20383
20418
20434
20438
20440
20448
20454
20457
20458
20479
20484
20493
20495
20496
20501
20503
20535
20537
20539
20547
20556
20562
20574
20584
20597
20608
20611
20621
20622
20638
20651
20661
20687
20694
20695
20710
20761
20763
20793
20796
20801
20816
20826
20845
20857
20860
20896
20906
20907
20911
20914
20922
20926
20937
20940
20941
20953
20965
20980
20997
21040
21047
21053
21060
21061
21074
21084
21086
21092
21102
21113
21115
21126
21140
21165
21169
21190
21205
21227
21228
21230
21245
21272
21285
21305
21306
21315
21338
21359
21362
21379
21386
21399
21401
21402
21413
21432
21435
21440
21444
21474
21481
21494
21496
21500
21510
21529
21532
21536
21572
21578
21612
21630
21633
21652
21658
21670
21676
21689
21709
21725
21730
21735
21739
21740
21747
21748
21763
21776
21790
21796
21810
21814
21818
21821
21832
21858
21860
21869
21888
21892
21895
21906
21909
21910
21915
21935
21940
21945
21959
21960
21965
21976
22000
22014
22020
22025
22034
22041
22055
22057
22069
22073
22076
22080
22107
22117
22164
22179
22205
22215
22218
22232
22236
22238
22240
22250
22256
22265
22266
22268
22278
22279
22289
22295
22299
22307
22308
22339
22347
22355
22374
22376
22377
22392
22404
22405
22416
22436
22445
22458
22470
22476
22481
22492
22498
22501
22502
22528
22535
22543
22555
22557
22562
22565
22583
22598
22612
22632
22674
22690
22700
22713
22715
22721
22732
22737
22763
22772
22773
22798
22800
22801
22844
22847
22855
22870
22873
22877
22886
22889
22892
22903
22910
22930
22931
22934
22947
22964
22966
22978
22982
22993
22997
23029
23039
23086
23092
23101
23113
23121
23130
23133
23147
23159
23179
23184
23202
23206
23207
23221
23224
23239
23245
23249
23268
23299
23311
23318
23323
23324
23335
23348
23353
23380
23389
23396
23415
23418
23425
23440
23455
23457
23463
23481
23483
23492
23494
23496
23500
23501
23515
23520
23524
23525
23534
23539
23541
23552
23566
23574
23614
23616
23618
23641
23653
23654
23656
23682
23706
23709
23719
23732
23733
23734
23739
23770
23772
23788
23797
23802
23830
23848
23849
23866
23881
23893
23895
23916
23922
23924
23944
23947
23998
24005
24020
24056
24064
24065
24069
24104
24128
24140
24145
24163
24167
24193
24201
24207
24210
24214
24258
24261
24263
24270
24283
24306
24325
24339
24361
24362
24367
24375
24383
24398
24412
24442
24461
24466
24475
24486
24489
24492
24499
24502
24503
24505
24511
24533
24540
24546
24553
24557
24565
24585
24590
24605
24625
24639
24648
24651
24666
24676
24677
24681
24694
24702
24724
24729
24736
24742
24743
24745
24750
24762
24770
24775
24787
24791
24802
24817
24837
24854
24857
24881
24895
24904
24914
24919
24931
24956
24969
24981
25037
25050
25080
25082
25118
25128
25138
25140
25149
25157
25161
25169
25179
25189
25195
25198
25199
25234
25268
25296
25316
25318
25322
25323
25354
25362
25381
25382
25415
25417
25420
25423
25438
25442
25448
25455
25473
25484
25488
25491
25512
25516
25526
25532
25578
25605
25606
25608
25615
25616
25624
25626
25627
25648
25667
25683
25692
25700
25704
25706
25727
25734
25736
25748
25754
25763
25775
25805
25836
25843
25849
25854
25872
25873
25885
25940
25956
25961
25989
26010
26030
26036
26061
26087
26097
26102
26134
26146
26151
26153
26167
26174
26178
26189
26235
26255
26268
26287
26330
26333
26349
26376
26377
26390
26421
26442
26456
26488
26495
26499
26503
26544
26551
26555
26598
26614
26619
26629
26630
26631
26637
26642
26645
26663
26682
26701
26734
26739
26740
26748
26777
26778
26834
26836
26846
26919
26950
26969
26984
27015
27026
27046
27084
27087
27091
27110
27130
27142
27158
27174
27185
27217
27222
27257
27262
27271
27273
27277
27288
27289
27296
27305
27314
27317
27348
27359
27390
27439
27453
27465
27475
27505
27506
27509
27578
27585
27586
27599
27618
27626
27640
27645
27647
27656
27684
27690
27701
27703
27704
27705
27732
27743
27756
27758
27833
27863
27885
27893
27902
27908
27931
27948
27967
27988
28003
28014
28020
28031
28055
28069
28089
28092
28124
28126
28133
28143
28162
28178
28194
28229
28241
28299
28315
28327
28374
28401
28402
28424
28449
28469
28471
28487
28505
28525
28559
28636
28662
28672
28673
28689
28728
28742
28746
28782
28819
28821
28845
28925
28935
28964
28984
28993
29006
29021
29060
29080
29103
29121
29133
29154
29175
29190
29198
29205
29219
29229
29231
29253
29255
29259
29340
29341
29389
29398
29454
29456
29500
29515
29561
29567
29581
29614
29615
29687
29704
29706
29712
29717
29769
29809
29823
29865
29874
29890
29902
29915
29920
29963
29969
29980
29988
30013
30023
30029
30048
30061
30069
30180
30200
30201
30244
30288
30311
30325
30332
30370
30389
30409
30469
30493
30502
30505
30549
30560
30609
30620
30624
30636
30667
30675
30686
30703
30763
30766
30767
30812
30817
30819
30840
30912
30914
30943
31023
31043
31059
31077
31091
31130
31132
31144
31164
31165
31173
31185
31231
31248
31373
31411
31435
31454
31465
31487
31502
31506
31562
31566
31572
31575
31592
31636
31654
31681
31685
31691
31727
31737
31742
31768
31820
31837
31894
31899
31907
31927
31949
31974
32038
32090
32127
32137
32140
32196
32250
32265
32291
32304
32306
32336
32348
32409
32425
32430
32471
32472
32529
32548
32585
32626
32629
32632
32877
32884
32910
32913
32924
32943
32959
32994
33000
33003
33033
33035
33050
33081
33083
33112
33131
33162
33249
33282
33305
33310
33323
33328
33424
33546
33589
33596
33604
33616
33645
33700
33820
33834
33965
33984
34050
34102
34147
34330
34411
34421
34476
34495
34529
34758
34761
34795
34827
34829
34854
34941
34966
35042
35055
35129
35314
35352
35355
35403
35604
35608
35730
35761
35838
35873
35879
35945
35963
35994
36068
36070
36103
36126
36152
36169
36202
36207
36254
36300
36353
36365
36525
36557
36618
36662
36669
36848
36849
36903
36994
37125
37140
37166
37271
37311
37331
37546
37610
37779
37793
37813
37856
37941
37976
38099
38159
38190
38253
38274
38326
38417
38479
38529
38547
38613
38664
38665
38917
38960
39049
39071
39121
39159
39384
39395
39399
39445
39480
39880
39881
39903
39923
40104
40189
40298
40350
40442
40616
40713
40725
40932
40960
41071
41143
41195
41211
41272
41296
41309
41328
41454
41740
41821
42204
42240
42276
42287
42288
42341
42438
42604
42736
42877
43001
43038
43167
43198
43213
43475
43490
43659
43703
43875
44107
44129
44159
44175
44277
44430
44590
44743
44995
45203
45412
45470
45893
45967
46123
46275
46864
47093
47190
47209
47555
47621
47719
47783
48074
48362
48378
48392
48587
49079
49105
49366
49536
49589
49594
49856
