5
6
7
13
18
19
20
21
23
25
30
33
35
38
40
41
42
43
50
51
52
53
54
55
56
58
63
64
66
70
73
75
82
85
88
91
92
93
95
99
101
103
104
108
114
117
121
123
125
129
131
132
134
136
137
138
140
142
145
151
153
157
160
162
163
166
170
173
174
179
183
184
186
187
189
194
195
197
198
204
209
210
215
218
220
221
224
227
228
229
231
232
233
234
237
241
243
245
246
247
249
253
258
259
260
261
263
267
271
272
276
279
281
282
285
286
287
288
289
292
293
297
300
302
303
305
307
308
312
314
315
318
321
324
330
331
335
338
342
345
347
348
349
350
351
355
356
359
360
363
364
367
370
374
377
382
389
390
396
397
400
401
402
403
409
410
411
413
414
416
417
420
421
425
426
427
430
440
442
443
455
456
457
460
462
463
465
468
470
471
474
475
479
485
491
493
494
496
501
502
504
505
507
508
509
515
522
527
531
532
534
535
538
539
540
544
548
549
550
552
557
558
559
560
561
562
565
568
573
577
584
587
588
595
598
601
602
604
605
608
610
614
615
616
618
623
625
626
630
631
633
634
636
637
638
639
641
642
646
648
649
653
655
656
658
662
663
664
666
670
680
681
682
686
687
690
691
692
699
709
710
713
714
725
728
731
732
733
734
735
736
737
739
740
747
751
757
762
767
772
774
775
779
781
783
784
787
790
792
794
795
796
797
799
800
801
803
804
805
808
809
814
820
821
822
823
825
827
830
831
835
839
841
843
846
847
850
852
854
857
858
860
861
864
865
868
869
870
872
874
875
876
887
891
893
894
895
897
898
901
903
907
908
909
912
913
918
919
920
922
923
924
925
927
929
930
931
932
933
935
938
942
943
946
950
952
955
957
958
961
962
965
972
975
976
983
990
992
995
996
997
998
999
1004
1005
1009
1012
1013
1014
1015
1018
1021
1027
1030
1031
1032
1036
1037
1040
1041
1046
1052
1055
1060
1061
1064
1067
1074
1077
1082
1084
1085
1087
1092
1094
1096
1098
1100
1101
1104
1105
1108
1119
1120
1122
1125
1126
1128
1129
1130
1133
1135
1137
1149
1153
1154
1157
1163
1165
1168
1172
1173
1174
1175
1176
1178
1180
1181
1182
1184
1187
1188
1189
1193
1196
1199
1204
1205
1206
1208
1209
1210
1212
1217
1218
1219
1228
1234
1237
1239
1242
1243
1248
1250
1251
1254
1259
1261
1264
1266
1267
1268
1270
1271
1274
1278
1280
1282
1284
1285
1286
1291
1292
1293
1295
1298
1303
1307
1310
1311
1313
1314
1316
1318
1320
1322
1325
1328
1330
1335
1336
1340
1342
1344
1345
1350
1351
1353
1355
1357
1358
1359
1364
1368
1372
1374
1375
1376
1385
1387
1394
1400
1401
1402
1405
1408
1411
1417
1419
1420
1421
1423
1424
1425
1427
1428
1430
1438
1440
1443
1445
1446
1450
1455
1457
1458
1459
1460
1461
1466
1470
1473
1475
1480
1482
1483
1486
1487
1488
1489
1490
1495
1499
1500
1503
1511
1513
1517
1518
1522
1524
1525
1527
1528
1529
1530
1531
1533
1536
1540
1546
1551
1552
1553
1554
1555
1556
1565
1576
1579
1580
1583
1588
1594
1596
1600
1605
1606
1609
1610
1613
1614
1620
1622
1624
1625
1627
1628
1630
1631
1634
1636
1637
1641
1642
1646
1653
1655
1656
1658
1659
1661
1663
1664
1667
1671
1673
1677
1678
1679
1683
1685
1686
1687
1688
1690
1691
1695
1701
1703
1705
1710
1713
1715
1717
1719
1722
1723
1724
1727
1729
1734
1735
1737
1741
1743
1746
1750
1761
1766
1768
1772
1777
1778
1779
1780
1783
1785
1786
1787
1793
1798
1799
1800
1805
1809
1812
1813
1816
1818
1822
1827
1828
1830
1831
1834
1838
1841
1845
1846
1847
1848
1849
1856
1857
1858
1859
1867
1868
1870
1883
1884
1885
1891
1894
1905
1908
1909
1911
1912
1918
1919
1924
1925
1928
1929
1930
1932
1934
1935
1949
1950
1951
1963
1965
1970
1976
1977
1978
1979
1980
1981
1982
1983
1985
1986
1989
1990
1993
1998
2006
2008
2010
2017
2018
2022
2025
2026
2028
2030
2034
2048
2049
2050
2053
2054
2057
2059
2060
2062
2063
2064
2067
2071
2073
2074
2076
2078
2079
2080
2081
2083
2084
2085
2090
2093
2095
2100
2101
2103
2104
2106
2107
2108
2111
2112
2114
2115
2117
2119
2120
2122
2126
2127
2128
2130
2133
2136
2142
2143
2149
2155
2156
2159
2163
2167
2168
2174
2176
2177
2179
2180
2181
2182
2188
2197
2201
2205
2211
2225
2226
2227
2230
2236
2240
2242
2244
2246
2247
2248
2250
2252
2254
2258
2260
2262
2264
2266
2267
2269
2272
2277
2279
2282
2283
2284
2288
2291
2292
2297
2299
2300
2303
2305
2306
2308
2311
2315
2316
2322
2326
2328
2329
2331
2334
2339
2340
2342
2343
2345
2349
2350
2354
2356
2370
2372
2373
2374
2377
2384
2386
2395
2396
2398
2400
2401
2404
2411
2412
2416
2417
2421
2422
2425
2427
2429
2430
2432
2433
2436
2439
2442
2447
2450
2451
2452
2458
2460
2461
2465
2467
2470
2472
2474
2487
2491
2494
2495
2504
2509
2510
2514
2516
2519
2520
2521
2522
2523
2534
2535
2540
2544
2545
2549
2550
2554
2556
2558
2559
2564
2565
2571
2572
2577
2581
2583
2586
2589
2595
2604
2612
2613
2615
2617
2618
2619
2620
2621
2623
2628
2631
2633
2641
2644
2647
2657
2659
2662
2668
2673
2674
2678
2680
2681
2686
2690
2692
2693
2700
2702
2711
2717
2719
2722
2723
2725
2726
2727
2738
2740
2741
2744
2747
2751
2752
2754
2755
2759
2760
2762
2763
2766
2772
2774
2775
2777
2778
2780
2782
2784
2785
2789
2794
2796
2799
2801
2808
2809
2814
2815
2817
2822
2824
2826
2835
2836
2841
2843
2846
2855
2859
2863
2865
2867
2870
2871
2874
2879
2884
2888
2891
2892
2893
2896
2902
2904
2907
2913
2914
2916
2924
2928
2936
2939
2941
2945
2946
2948
2950
2956
2957
2959
2962
2963
2964
2966
2971
2975
2977
2990
2992
2993
2996
2999
3000
3003
3004
3005
3010
3015
3017
3018
3019
3022
3028
3035
3036
3042
3043
3044
3046
3047
3048
3049
3050
3051
3054
3055
3060
3067
3069
3070
3071
3072
3073
3074
3075
3080
3082
3083
3091
3092
3093
3103
3104
3105
3107
3108
3113
3118
3119
3123
3124
3128
3131
3137
3139
3142
3146
3152
3153
3154
3162
3165
3167
3168
3169
3171
3172
3173
3174
3181
3185
3186
3187
3190
3194
3197
3201
3203
3204
3205
3206
3209
3212
3219
3221
3222
3227
3229
3237
3239
3242
3252
3254
3255
3259
3264
3271
3272
3274
3277
3278
3280
3281
3282
3283
3286
3287
3289
3290
3299
3301
3309
3311
3312
3313
3323
3325
3327
3328
3333
3335
3336
3345
3349
3351
3352
3355
3359
3360
3362
3365
3367
3369
3370
3371
3372
3373
3376
3381
3385
3386
3388
3389
3391
3393
3396
3399
3401
3402
3403
3411
3413
3415
3420
3421
3423
3426
3429
3433
3435
3436
3437
3443
3448
3450
3454
3456
3457
3459
3462
3466
3467
3470
3474
3475
3482
3484
3486
3488
3492
3493
3494
3496
3498
3500
3503
3505
3507
3508
3511
3514
3520
3521
3524
3527
3530
3535
3536
3538
3543
3547
3548
3549
3558
3562
3565
3567
3568
3569
3571
3572
3580
3589
3592
3594
3603
3604
3614
3615
3616
3620
3622
3628
3636
3637
3639
3641
3647
3651
3652
3655
3656
3661
3662
3665
3669
3674
3675
3678
3679
3680
3688
3690
3692
3693
3703
3705
3708
3709
3713
3714
3716
3723
3734
3736
3739
3746
3750
3751
3760
3762
3767
3771
3773
3776
3777
3778
3786
3789
3790
3791
3794
3795
3796
3799
3802
3803
3804
3805
3807
3808
3813
3814
3815
3820
3821
3823
3825
3826
3828
3833
3836
3837
3841
3842
3844
3847
3848
3849
3852
3853
3855
3856
3859
3861
3865
3867
3868
3869
3870
3872
3874
3875
3881
3883
3884
3887
3888
3889
3891
3892
3894
3899
3904
3910
3911
3916
3917
3918
3932
3934
3938
3939
3947
3950
3951
3953
3955
3959
3965
3966
3967
3968
3972
3978
3982
3987
3993
3994
4000
4004
4006
4008
4009
4010
4012
4015
4017
4019
4023
4025
4026
4027
4030
4033
4036
4038
4039
4044
4046
4050
4054
4055
4056
4057
4062
4064
4065
4067
4073
4076
4077
4078
4079
4080
4083
4086
4087
4088
4091
4094
4097
4101
4105
4108
4109
4110
4113
4118
4119
4120
4122
4125
4131
4132
4134
4137
4138
4151
4153
4155
4156
4158
4159
4160
4161
4172
4174
4177
4183
4185
4187
4190
4194
4197
4200
4203
4204
4205
4206
4211
4213
4228
4229
4230
4234
4237
4239
4243
4245
4249
4254
4255
4267
4268
4269
4270
4273
4277
4281
4282
4283
4285
4286
4288
4293
4295
4298
4312
4316
4326
4327
4329
4330
4334
4339
4342
4349
4354
4355
4356
4360
4362
4370
4372
4377
4378
4379
4380
4382
4386
4387
4388
4392
4398
4399
4400
4401
4405
4406
4410
4411
4418
4423
4424
4426
4428
4444
4448
4449
4452
4453
4463
4464
4469
4470
4472
4475
4477
4486
4504
4511
4512
4516
4523
4525
4526
4528
4535
4549
4550
4552
4564
4568
4569
4570
4571
4572
4574
4578
4582
4583
4589
4590
4592
4593
4595
4605
4607
4608
4621
4626
4630
4639
4645
4651
4654
4659
4663
4668
4672
4673
4675
4679
4681
4682
4693
4696
4699
4702
4703
4707
4708
4712
4720
4721
4727
4728
4729
4734
4737
4740
4751
4758
4759
4763
4765
4766
4767
4769
4772
4773
4774
4777
4784
4786
4788
4789
4795
4798
4805
4807
4808
4810
4812
4813
4819
4820
4822
4823
4825
4826
4836
4838
4839
4846
4855
4868
4869
4875
4878
4881
4887
4889
4895
4896
4900
4902
4912
4917
4918
4919
4922
4934
4940
4950
4954
4960
4961
4969
4973
4980
4981
4985
4993
4997
5000
5003
5008
5010
5016
5017
5020
5033
5034
5041
5043
5045
5053
5059
5061
5063
5064
5065
5069
5070
5071
5072
5084
5085
5086
5088
5097
5100
5105
5106
5107
5108
5110
5111
5113
5119
5120
5129
5130
5132
5135
5136
5143
5150
5151
5162
5164
5167
5173
5175
5177
5181
5185
5191
5192
5193
5201
5207
5208
5214
5215
5218
5230
5236
5243
5246
5248
5249
5252
5255
5263
5264
5265
5266
5268
5278
5279
5284
5287
5288
5292
5296
5302
5303
5314
5315
5323
5324
5326
5327
5329
5333
5334
5338
5340
5341
5342
5348
5349
5354
5356
5360
5364
5367
5370
5386
5392
5398
5400
5406
5407
5409
5411
5412
5413
5414
5416
5419
5421
5424
5429
5436
5439
5444
5447
5448
5454
5455
5456
5458
5461
5468
5469
5477
5478
5491
5494
5500
5506
5515
5517
5521
5522
5526
5530
5531
5533
5535
5539
5540
5550
5552
5553
5554
5555
5558
5560
5571
5575
5582
5583
5584
5586
5592
5594
5598
5609
5611
5615
5618
5620
5625
5634
5636
5639
5645
5646
5651
5656
5661
5670
5678
5680
5684
5686
5694
5696
5698
5703
5705
5707
5708
5710
5712
5715
5721
5728
5729
5740
5741
5742
5757
5760
5763
5766
5770
5773
5780
5781
5782
5799
5800
5809
5821
5825
5830
5831
5840
5849
5856
5862
5867
5871
5872
5876
5877
5882
5883
5885
5888
5889
5899
5900
5905
5909
5910
5913
5920
5924
5928
5929
5939
5942
5945
5947
5952
5954
5961
5963
5965
5966
5967
5973
5977
5979
5980
5988
5990
5993
6001
6007
6011
6014
6018
6019
6026
6028
6033
6040
6046
6047
6048
6053
6058
6059
6060
6063
6069
6071
6076
6080
6092
6105
6109
6112
6113
6118
6121
6127
6129
6140
6142
6146
6151
6154
6155
6162
6166
6170
6172
6177
6179
6185
6186
6190
6192
6193
6194
6196
6199
6211
6217
6220
6223
6224
6227
6230
6231
6235
6236
6240
6242
6244
6250
6252
6253
6256
6259
6262
6265
6267
6271
6277
6278
6279
6294
6295
6305
6306
6317
6323
6325
6326
6327
6334
6338
6343
6345
6347
6352
6353
6354
6368
6373
6377
6379
6382
6383
6385
6390
6391
6392
6393
6394
6398
6399
6402
6404
6405
6409
6411
6416
6417
6422
6424
6432
6433
6435
6444
6446
6447
6448
6449
6456
6461
6462
6466
6471
6476
6478
6481
6482
6483
6487
6490
6493
6502
6504
6506
6508
6510
6511
6517
6518
6519
6520
6530
6531
6533
6542
6547
6557
6566
6580
6581
6582
6585
6589
6596
6598
6606
6608
6609
6615
6618
6619
6622
6626
6635
6640
6641
6645
6648
6650
6654
6655
6656
6658
6666
6668
6669
6673
6687
6689
6697
6706
6707
6710
6712
6716
6726
6729
6730
6731
6733
6736
6738
6741
6742
6743
6750
6751
6758
6765
6771
6773
6781
6782
6783
6784
6792
6794
6798
6801
6804
6808
6815
6817
6825
6826
6828
6836
6837
6851
6856
6872
6874
6878
6884
6888
6897
6909
6916
6918
6921
6940
6941
6950
6956
6962
6965
6969
6972
6976
6978
6986
6994
6995
6999
7000
7006
7009
7011
7013
7019
7022
7025
7026
7027
7029
7030
7038
7045
7046
7047
7048
7049
7053
7057
7058
7059
7060
7062
7063
7068
7075
7079
7082
7086
7093
7095
7107
7108
7109
7113
7115
7116
7121
7127
7131
7139
7142
7143
7149
7153
7157
7159
7160
7164
7171
7174
7178
7179
7187
7195
7208
7211
7213
7214
7217
7220
7222
7229
7234
7237
7243
7247
7258
7264
7267
7270
7272
7275
7278
7283
7297
7299
7303
7305
7309
7311
7312
7313
7319
7320
7321
7332
7335
7345
7346
7352
7356
7360
7363
7366
7370
7371
7378
7380
7381
7382
7384
7386
7387
7390
7392
7401
7407
7408
7411
7427
7428
7434
7435
7438
7449
7452
7454
7462
7463
7466
7467
7472
7473
7476
7481
7485
7490
7491
7493
7503
7509
7510
7513
7516
7517
7521
7523
7527
7530
7534
7538
7548
7549
7553
7558
7562
7565
7566
7567
7573
7576
7581
7586
7596
7597
7606
7616
7617
7619
7622
7635
7643
7645
7647
7648
7654
7661
7667
7676
7681
7683
7686
7688
7689
7699
7700
7719
7720
7724
7726
7730
7736
7741
7742
7768
7769
7781
7782
7784
7789
7795
7803
7804
7808
7815
7817
7824
7826
7839
7842
7844
7850
7852
7853
7857
7859
7861
7865
7867
7868
7882
7883
7887
7888
7889
7893
7895
7898
7899
7901
7905
7906
7913
7921
7937
7941
7952
7956
7959
7962
7964
7971
7973
7974
7979
7984
7991
7992
7996
7998
8004
8010
8011
8019
8022
8025
8029
8041
8043
8060
8065
8069
8071
8072
8073
8078
8084
8088
8090
8091
8092
8098
8100
8106
8114
8119
8121
8134
8139
8149
8151
8154
8155
8160
8165
8181
8187
8188
8189
8194
8207
8214
8219
8222
8224
8259
8261
8262
8265
8272
8277
8280
8287
8289
8293
8297
8309
8310
8320
8324
8333
8336
8340
8344
8347
8353
8356
8358
8370
8371
8372
8373
8374
8377
8378
8390
8400
8410
8411
8420
8427
8452
8455
8457
8466
8471
8473
8474
8475
8478
8484
8485
8486
8488
8497
8500
8511
8519
8522
8524
8526
8530
8532
8536
8540
8544
8558
8567
8569
8571
8580
8585
8588
8589
8597
8601
8602
8614
8622
8638
8640
8641
8644
8648
8649
8651
8653
8655
8656
8660
8662
8671
8674
8676
8694
8718
8730
8734
8737
8740
8750
8752
8755
8759
8767
8768
8769
8780
8792
8799
8803
8808
8815
8816
8827
8836
8844
8845
8846
8851
8853
8858
8863
8866
8874
8881
8888
8889
8907
8908
8912
8922
8931
8932
8938
8947
8963
8967
8971
8978
8979
8985
8989
8994
8997
8998
9011
9014
9021
9023
9035
9039
9048
9050
9052
9059
9077
9078
9080
9085
9089
9093
9094
9101
9120
9121
9130
9144
9151
9158
9166
9175
9176
9178
9183
9188
9199
9209
9210
9212
9219
9222
9224
9236
9241
9248
9249
9250
9253
9259
9275
9281
9284
9289
9292
9293
9294
9296
9299
9300
9312
9320
9326
9331
9333
9334
9337
9341
9345
9350
9355
9357
9358
9368
9380
9383
9385
9388
9392
9393
9395
9404
9408
9416
9417
9421
9423
9433
9437
9439
9440
9444
9448
9449
9453
9455
9456
9458
9472
9476
9480
9481
9482
9489
9491
9492
9503
9511
9518
9519
9521
9525
9529
9531
9533
9534
9537
9538
9545
9551
9556
9563
9565
9570
9574
9576
9581
9583
9585
9594
9603
9612
9614
9634
9635
9648
9649
9653
9657
9663
9667
9670
9675
9677
9678
9681
9682
9687
9688
9694
9707
9712
9719
9727
9729
9732
9737
9744
9745
9757
9760
9767
9770
9780
9788
9790
9793
9794
9798
9805
9815
9817
9819
9828
9831
9842
9861
9865
9873
9876
9881
9888
9889
9892
9896
9903
9905
9906
9907
9909
9914
9916
9917
9929
9942
9944
9958
9967
9968
9973
9974
9985
9986
9992
9993
9995
9999
10003
10009
10014
10017
10035
10039
10052
10053
10054
10057
10064
10068
10071
10079
10081
10085
10093
10097
10101
10112
10125
10135
10143
10145
10150
10155
10175
10181
10188
10192
10193
10200
10206
10213
10220
10228
10229
10235
10239
10240
10243
10258
10265
10266
10267
10271
10279
10287
10304
10310
10314
10315
10324
10327
10336
10350
10359
10361
10366
10368
10374
10377
10378
10380
10393
10397
10414
10422
10423
10426
10428
10432
10434
10439
10445
10449
10454
10461
10463
10464
10474
10484
10486
10487
10488
10495
10501
10512
10513
10514
10523
10527
10554
10565
10567
10570
10574
10577
10582
10587
10589
10597
10601
10606
10612
10628
10641
10651
10652
10656
10660
10668
10678
10679
10683
10692
10693
10711
10723
10724
10726
10741
10748
10759
10764
10775
10778
10789
10790
10798
10800
10803
10813
10814
10819
10820
10832
10833
10855
10860
10891
10892
10893
10897
10899
10905
10911
10912
10919
10924
10925
10932
10937
10940
10942
10946
10952
10959
10960
10968
10976
10981
10989
10993
11006
11012
11016
11017
11026
11030
11034
11035
11036
11038
11042
11051
11058
11062
11063
11066
11069
11077
11078
11079
11083
11108
11109
11121
11123
11140
11149
11156
11166
11168
11169
11173
11175
11180
11188
11189
11195
11198
11201
11202
11223
11235
11236
11237
11239
11240
11243
11245
11248
11249
11252
11259
11271
11285
11295
11317
11319
11322
11326
11337
11339
11349
11351
11353
11356
11362
11366
11371
11376
11409
11415
11419
11420
11422
11426
11428
11431
11439
11441
11445
11447
11463
11464
11466
11475
11476
11483
11487
11489
11490
11497
11513
11514
11519
11524
11528
11529
11535
11543
11559
11572
11574
11580
11583
11591
11596
11606
11617
11621
11622
11623
11625
11628
11632
11635
11639
11642
11650
11651
11652
11657
11659
11662
11671
11675
11679
11680
11690
11697
11706
11711
11712
11722
11723
11724
11731
11732
11737
11738
11739
11752
11756
11758
11760
11766
11768
11775
11783
11792
11799
11812
11813
11818
11823
11826
11835
11836
11845
11848
11852
11868
11872
11873
11882
11885
11886
11887
11904
11917
11920
11933
11939
11944
11949
11953
11958
11963
11965
11969
11982
11989
11991
12007
12013
12016
12026
12027
12045
12056
12057
12058
12060
12070
12073
12074
12079
12080
12081
12100
12118
12128
12129
12130
12139
12141
12149
12156
12173
12182
12188
12201
12202
12205
12210
12215
12219
12233
12244
12246
12256
12258
12262
12265
12269
12270
12271
12273
12274
12281
12294
12297
12308
12310
12317
12327
12328
12335
12336
12343
12355
12371
12374
12390
12391
12398
12399
12407
12409
12414
12420
12442
12449
12469
12482
12493
12496
12501
12507
12508
12518
12529
12532
12533
12549
12550
12551
12557
12569
12570
12579
12584
12593
12597
12600
12612
12613
12620
12637
12638
12641
12642
12659
12677
12705
12710
12720
12724
12741
12747
12750
12764
12780
12786
12790
12792
12796
12798
12802
12808
12811
12815
12825
12839
12849
12851
12860
12869
12870
12877
12883
12886
12903
12906
12915
12925
12931
12936
12939
12961
12965
12966
12970
12971
12991
12996
13001
13004
13009
13013
13030
13040
13054
13055
13057
13058
13063
13071
13072
13077
13085
13086
13093
13110
13111
13112
13120
13123
13128
13132
13136
13141
13142
13147
13153
13158
13166
13173
13174
13187
13189
13200
13213
13223
13228
13229
13230
13236
13246
13248
13251
13254
13286
13289
13299
13302
13311
13313
13328
13340
13350
13359
13360
13375
13389
13401
13402
13420
13430
13434
13436
13437
13439
13461
13465
13471
13486
13487
13490
13491
13497
13504
13506
13513
13527
13546
13555
13561
13565
13574
13579
13592
13593
13594
13595
13600
13603
13615
13627
13639
13643
13646
13648
13649
13666
13671
13673
13676
13683
13685
13686
13689
13711
13754
13759
13772
13794
13802
13811
13814
13816
13824
13827
13830
13835
13840
13841
13842
13846
13848
13857
13860
13879
13898
13904
13914
13920
13922
13936
13948
13949
13955
13956
13970
13983
13999
14001
14023
14029
14033
14034
14050
14054
14069
14076
14079
14084
14117
14120
14125
14132
14153
14156
14166
14174
14185
14187
14209
14216
14223
14231
14241
14246
14254
14259
14268
14275
14294
14297
14309
14312
14313
14315
14320
14329
14335
14343
14366
14369
14373
14378
14379
14382
14383
14388
14389
14394
14423
14425
14432
14434
14442
14455
14486
14487
14494
14499
14502
14503
14504
14507
14520
14536
14539
14554
14568
14574
14578
14588
14600
14601
14605
14612
14619
14627
14640
14650
14669
14675
14678
14698
14702
14722
14739
14755
14758
14767
14774
14778
14811
14820
14837
14841
14842
14845
14850
14859
14861
14866
14875
14883
14909
14911
14916
14918
14927
14929
14930
14931
14933
14965
14975
14987
15003
15008
15017
15039
15050
15053
15059
15076
15084
15085
15114
15129
15147
15171
15175
15185
15189
15195
15202
15211
15216
15217
15218
15219
15225
15228
15233
15252
15269
15273
15285
15286
15297
15312
15320
15324
15336
15360
15412
15416
15417
15425
15443
15445
15477
15492
15554
15557
15564
15574
15598
15603
15612
15650
15652
15653
15678
15702
15706
15723
15734
15735
15739
15753
15754
15755
15769
15772
15804
15808
15820
15822
15846
15858
15886
15888
15890
15891
15895
15919
15929
15950
15981
15987
15989
16002
16004
16015
16037
16043
16057
16066
16067
16091
16111
16116
16131
16145
16177
16182
16190
16196
16197
16199
16201
16236
16239
16245
16249
16273
16282
16318
16319
16351
16369
16374
16375
16392
16397
16402
16427
16431
16436
16456
16476
16493
16496
16497
16524
16530
16578
16579
16580
16597
16603
16632
16647
16693
16696
16700
16701
16703
16714
16726
16733
16741
16743
16746
16760
16781
16782
16785
16789
16791
16796
16807
16825
16837
16842
16846
16860
16896
16905
16908
16916
16933
16947
16950
16953
16969
16971
16983
16998
17013
17015
17040
17046
17059
17062
17070
17089
17093
17110
17134
17154
17165
17170
17171
17175
17189
17190
17202
17231
17242
17289
17290
17293
17297
17319
17320
17321
17332
17340
17354
17355
17362
17373
17385
17387
17405
17407
17436
17438
17446
17448
17449
17461
17488
17493
17506
17520
17534
17559
17563
17574
17589
17595
17621
17624
17627
17628
17631
17638
17641
17644
17710
17751
17757
17762
17768
17769
17781
17826
17832
17837
17850
17853
17859
17860
17861
17867
17880
17885
17898
17915
17916
17931
17952
17980
18014
18029
18032
18088
18089
18090
18100
18129
18133
18150
18161
18163
18178
18211
18234
18241
18245
18256
18287
18288
18294
18298
18317
18318
18324
18341
18344
18368
18373
18414
18416
18422
18432
18469
18482
18496
18506
18507
18528
18530
18556
18568
18578
18607
18613
18637
18657
18716
18743
18746
18767
18807
18815
18827
18840
18845
18854
18856
18863
18868
18894
18902
18919
18937
18944
18945
18958
18972
18976
18987
18991
18993
18995
19004
19019
19021
19022
19043
19044
19063
19067
19071
19107
19109
19206
19236
19252
19272
19286
19295
19300
19318
19320
19329
19335
19340
19375
19378
19445
19453
19455
19480
19499
19506
19515
19522
19544
19569
19571
19586
19630
19633
19641
19646
19662
19685
19720
19750
19782
19804
19809
19827
19847
19881
19901
19926
19950
19985
20003
20024
20031
20070
20077
20092
20097
20112
20200
20212
20222
20234
20237
20252
20259
20269
20272
20310
20319
20328
20330
20331
20338
20360
20383
20440
20448
20458
20479
20493
20495
20501
20503
20535
20539
20547
20556
20562
20651
20661
20694
20710
20763
20796
20826
20906
20907
20911
20953
21061
21092
21102
21113
21115
21140
21169
21205
21306
21315
21338
21359
21362
21402
21440
21474
21500
21532
21536
21612
21630
21689
21709
21735
21739
21747
21763
21776
21810
21818
21832
21869
21888
21895
21910
21915
21940
21945
21959
21965
22000
22041
22055
22069
22107
22205
22218
22256
22265
22268
22278
22289
22295
22307
22308
22347
22355
22404
22416
22436
22445
22458
22481
22498
22535
22557
22562
22565
22598
22632
22674
22715
22732
22737
22763
22772
22798
22800
22847
22855
22931
22964
22982
22993
23029
23092
23130
23206
23221
23245
23249
23268
23318
23323
23324
23418
23440
23463
23483
23494
23501
23515
23524
23539
23541
23552
23566
23574
23614
23616
23641
23653
23682
23719
23772
23797
23830
23849
23866
23881
23893
23895
23924
23947
23998
24056
24104
24128
24140
24145
24258
24261
24306
24361
24362
24375
24383
24398
24475
24489
24492
24499
24505
24540
24585
24590
24605
24651
24666
24676
24702
24736
24742
24743
24750
24791
24854
24904
24931
24969
24981
25037
25082
25118
25128
25157
25179
25195
25234
25268
25296
25316
25318
25354
25381
25382
25417
25420
25438
25448
25484
25512
25516
25605
25606
25608
25627
25683
25700
25704
25706
25734
25805
25849
25873
25940
25989
26030
26087
26102
26167
26333
26377
26421
26442
26499
26503
26630
26642
26663
26701
26734
26777
26778
26846
26919
26950
27046
27087
27142
27257
27262
27289
27296
27305
27317
27359
27390
27453
27506
27509
27578
27585
27618
27626
27645
27656
27701
27704
27743
27863
27893
27908
27931
27948
27967
27988
28003
28014
28089
28126
28133
28143
28162
28194
28241
28299
28315
28469
28525
28636
28672
28742
28819
28935
28984
29006
29021
29060
29080
29121
29198
29205
29229
29231
29255
29259
29340
29454
29515
29561
29567
29717
29809
29920
29988
30023
30029
30061
30200
30201
30288
30311
30332
30389
30469
30493
30560
30636
30667
30763
30767
30914
31023
31059
31077
31130
31144
31231
31248
31454
31465
31487
31506
31562
31575
31768
31820
31899
31907
32038
32127
32250
32304
32348
32409
32425
32548
32632
32884
32910
32924
32943
32994
33050
33112
33131
33596
33604
33645
33834
33984
34050
34102
34330
34411
34495
34758
34761
34941
35129
35352
35608
35730
35761
35838
35873
35945
36070
36353
36849
36994
37125
37311
37331
37546
37610
37779
37793
37941
38479
38613
38917
39480
39881
39903
39923
40616
40932
41071
41195
41272
41296
42240
42276
42287
42736
42877
43001
43167
43198
43213
43490
43875
44159
44430
44743
45203
45470
45893
46864
47209
47621
48362
48587
49105
49594
