7
9
15
39
42
47
48
49
60
71
73
122
123
138
149
157
167
168
175
188
189
213
216
223
225
239
256
266
273
278
282
289
295
311
316
322
323
324
338
345
346
356
401
421
423
439
448
453
477
482
483
491
498
526
527
547
548
587
599
622
640
648
649
650
695
697
702
704
705
742
763
770
779
794
795
823
836
839
842
843
846
848
862
874
882
893
907
924
957
958
978
981
1002
1015
1018
1022
1031
1037
1038
1042
1074
1108
1109
1144
1149
1185
1192
1226
1234
1238
1243
1244
1251
1256
1257
1260
1270
1280
1295
1319
1324
1343
1370
1375
1410
1424
1440
1458
1468
1486
1503
1506
1535
1542
1556
1561
1576
1584
1604
1647
1649
1665
1672
1689
1692
1693
1694
1705
1739
1753
1777
1785
1798
1804
1824
1831
1841
1855
1856
1882
1885
1887
1901
1921
1922
1930
1947
1953
2017
2018
2031
2035
2041
2044
2048
2062
2102
2133
2138
2145
2157
2169
2195
2201
2218
2225
2226
2229
2236
2245
2254
2272
2281
2303
2339
2374
2384
2385
2390
2397
2405
2408
2411
2440
2454
2468
2479
2515
2520
2535
2543
2557
2563
2569
2614
2617
2651
2653
2655
2660
2665
2690
2710
2722
2724
2773
2800
2802
2807
2813
2818
2823
2842
2849
2850
2872
2912
2924
2926
2947
2959
2975
2983
2984
2993
3009
3015
3029
3043
3073
3077
3085
3088
3090
3094
3114
3151
3155
3162
3171
3172
3182
3183
3204
3212
3234
3247
3254
3279
3286
3293
3302
3315
3321
3350
3368
3377
3380
3392
3397
3399
3430
3435
3447
3454
3471
3508
3517
3549
3561
3584
3587
3625
3645
3675
3678
3686
3749
3760
3761
3764
3771
3777
3781
3786
3795
3797
3800
3806
3807
3809
3811
3813
3822
3835
3844
3856
3859
3883
3885
3899
3911
3914
3921
3959
4027
4037
4045
4092
4093
4116
4142
4147
4176
4177
4193
4205
4213
4214
4216
4252
4258
4260
4261
4268
4307
4312
4313
4327
4349
4353
4356
4375
4382
4389
4390
4392
4395
4404
4410
4411
4441
4458
4469
4477
4481
4484
4490
4507
4512
4523
4530
4534
4536
4603
4622
4630
4669
4671
4681
4688
4691
4709
4721
4731
4732
4743
4751
4763
4783
4788
4792
4806
4830
4840
4866
4873
4882
4900
4902
4907
4918
4937
4947
4954
4957
4958
4959
4969
4983
4989
4991
5010
5031
5041
5047
5088
5094
5111
5130
5137
5142
5152
5154
5168
5169
5174
5180
5185
5188
5190
5198
5221
5223
5233
5253
5255
5257
5259
5272
5292
5293
5313
5329
5331
5338
5342
5361
5363
5365
5370
5374
5407
5410
5439
5453
5456
5462
5470
5475
5487
5496
5500
5512
5514
5515
5524
5526
5573
5577
5597
5610
5620
5660
5669
5672
5689
5697
5707
5731
5762
5764
5785
5831
5834
5839
5861
5869
5870
5901
5906
5919
5958
5970
5981
6010
6013
6014
6025
6035
6041
6047
6068
6101
6111
6127
6135
6145
6167
6174
6178
6184
6186
6189
6190
6194
6211
6219
6220
6252
6315
6323
6330
6331
6332
6345
6348
6371
6373
6401
6404
6408
6428
6430
6437
6441
6456
6458
6460
6461
6467
6476
6506
6507
6529
6537
6543
6545
6546
6548
6552
6564
6582
6584
6595
6600
6606
6607
6617
6623
6627
6628
6633
6646
6656
6658
6661
6663
6676
6692
6706
6708
6726
6728
6732
6792
6798
6806
6808
6862
6915
6921
6926
6927
6948
6964
6975
6995
7001
7009
7010
7014
7018
7056
7061
7079
7086
7116
7129
7139
7140
7148
7164
7168
7176
7178
7222
7257
7287
7301
7314
7365
7387
7394
7406
7426
7456
7460
7479
7485
7489
7503
7507
7509
7513
7520
7528
7545
7552
7556
7558
7594
7630
7631
7649
7664
7683
7689
7700
7705
7717
7772
7783
7790
7808
7809
7811
7828
7838
7857
7872
7873
7887
7900
7917
7949
7961
7966
7998
8022
8032
8038
8042
8045
8048
8060
8077
8103
8113
8116
8120
8127
8136
8141
8154
8173
8184
8196
8201
8225
8233
8236
8259
8263
8273
8275
8280
8290
8291
8292
8294
8300
8309
8312
8315
8337
8367
8368
8374
8381
8388
8406
8408
8465
8480
8500
8507
8525
8527
8528
8532
8542
8543
8571
8583
8586
8599
8604
8607
8619
8620
8660
8662
8699
8706
8710
8725
8729
8730
8747
8749
8753
8776
8781
8815
8825
8853
8860
8865
8866
8897
8904
8944
8958
8990
9002
9012
9025
9036
9054
9057
9114
9118
9121
9143
9144
9162
9165
9168
9178
9179
9180
9184
9201
9204
9214
9234
9237
9247
9286
9287
9290
9293
9300
9314
9319
9320
9358
9365
9366
9374
9377
9386
9391
9394
9408
9414
9420
9422
9446
9447
9460
9462
9463
9496
9505
9506
9515
9517
9540
9545
9549
9552
9555
9561
9567
9575
9588
9618
9619
9623
9624
9660
9665
9675
9685
9698
9701
9710
9712
9727
9752
9760
9787
9813
9828
9842
9846
9850
9853
9859
9870
9872
9874
9876
9888
9891
9896
9899
9910
9914
9918
9934
9955
9974
9979
10014
10017
10021
10060
10066
10086
10093
10096
10097
10120
10136
10140
10168
10208
10216
10266
10282
10309
10312
10347
10366
10370
10372
10386
10392
10397
10430
10446
10447
10456
10457
10485
10486
10487
10496
10499
10511
10518
10556
10557
10559
10563
10568
10573
10585
10586
10608
10642
10643
10644
10648
10668
10688
10696
10697
10716
10723
10747
10756
10782
10797
10801
10816
10828
10841
10847
10854
10857
10858
10860
10867
10871
10873
10885
10903
10909
10928
10929
10933
10976
10979
10990
10999
11001
11007
11010
11011
11036
11040
11062
11083
11097
11107
11114
11144
11162
11200
11212
11227
11245
11264
11267
11274
11295
11300
11317
11365
11386
11391
11406
11411
11441
11465
11496
11501
11511
11514
11515
11517
11526
11529
11535
11566
11570
11576
11586
11590
11592
11594
11596
11618
11622
11623
11624
11649
11660
11661
11675
11677
11683
11687
11697
11714
11739
11747
11766
11770
11776
11782
11784
11808
11821
11824
11831
11842
11870
11895
11898
11918
11943
11944
11946
11949
11959
11963
11965
11985
12001
12038
12049
12053
12064
12084
12087
12096
12104
12108
12118
12122
12131
12136
12139
12157
12180
12190
12195
12214
12224
12225
12231
12244
12260
12288
12293
12299
12302
12303
12309
12311
12318
12323
12325
12331
12336
12340
12344
12350
12363
12380
12393
12396
12398
12400
12411
12420
12425
12427
12448
12454
12459
12465
12483
12497
12507
12510
12528
12533
12574
12620
12621
12622
12627
12628
12637
12638
12655
12661
12662
12679
12701
12705
12744
12776
12778
12786
12792
12803
12829
12842
12847
12871
12872
12876
12887
12915
12917
12931
12934
12944
12945
12958
12960
12968
12986
12987
12997
13030
13039
13067
13076
13094
13108
13125
13139
13144
13159
13162
13171
13177
13181
13184
13188
13209
13214
13227
13247
13279
13294
13295
13297
13298
13303
13313
13324
13344
13349
13378
13382
13390
13396
13406
13415
13419
13425
13428
13443
13451
13462
13485
13512
13513
13514
13518
13521
13547
13571
13578
13587
13640
13642
13652
13654
13674
13690
13691
13697
13705
13725
13741
13754
13761
13763
13765
13774
13792
13809
13813
13817
13850
13865
13881
13886
13907
13919
13939
13946
13948
13949
13965
13984
13993
14004
14037
14082
14088
14116
14127
14148
14149
14170
14187
14193
14205
14227
14238
14245
14247
14273
14287
14331
14336
14356
14357
14377
14385
14412
14424
14428
14436
14459
14461
14482
14504
14515
14516
14523
14547
14573
14584
14585
14594
14596
14611
14638
14641
14642
14648
14656
14681
14702
14710
14719
14750
14751
14770
14776
14795
14804
14815
14860
14864
14865
14872
14876
14889
14899
14906
14909
14924
14955
14965
14983
15004
15018
15019
15020
15022
15028
15039
15052
15068
15069
15073
15078
15085
15100
15116
15123
15154
15163
15172
15173
15197
15199
15206
15221
15240
15241
15256
15259
15269
15273
15307
15311
15346
15352
15358
15376
15381
15383
15386
15397
15414
15451
15455
15496
15505
15509
15517
15531
15551
15559
15564
15578
15594
15601
15637
15647
15654
15656
15663
15664
15751
15753
15767
15803
15807
15808
15811
15815
15823
15832
15838
15844
15851
15880
15892
15899
15909
15912
15918
15933
15954
15957
15965
16017
16028
16065
16068
16078
16081
16104
16107
16121
16168
16171
16174
16175
16187
16195
16198
16203
16204
16222
16231
16244
16270
16275
16322
16331
16335
16339
16354
16355
16356
16357
16370
16390
16422
16444
16446
16448
16450
16451
16455
16498
16503
16521
16524
16530
16543
16549
16561
16571
16579
16591
16611
16631
16639
16644
16659
16661
16665
16671
16682
16708
16719
16734
16755
16765
16778
16810
16843
16863
16874
16875
16877
16897
16898
16901
16907
16909
16935
16952
16993
17011
17023
17028
17034
17040
17041
17042
17045
17049
17053
17061
17081
17107
17145
17156
17168
17170
17175
17178
17181
17208
17214
17231
17247
17253
17272
17290
17296
17320
17324
17330
17346
17374
17391
17402
17420
17455
17462
17483
17506
17508
17509
17510
17515
17518
17530
17536
17539
17543
17554
17564
17583
17597
17604
17611
17615
17619
17623
17636
17637
17638
17646
17647
17650
17663
17687
17720
17723
17753
17754
17757
17762
17787
17809
17810
17850
17874
17886
17895
17900
17910
17921
17926
17947
17958
17972
17974
17977
17989
17994
18022
18023
18026
18042
18058
18063
18067
18071
18079
18108
18111
18115
18144
18153
18155
18170
18189
18194
18234
18237
18241
18246
18257
18278
18289
18291
18299
18324
18333
18353
18373
18375
18379
18380
18387
18399
18415
18426
18475
18476
18510
18524
18527
18544
18549
18558
18577
18590
18601
18628
18631
18645
18669
18679
18691
18706
18714
18754
18765
18771
18799
18801
18806
18814
18820
18823
18835
18841
18852
18876
18887
18892
18920
18934
18936
18938
18957
18964
18970
18977
18999
19024
19033
19035
19074
19098
19099
19111
19113
19121
19131
19132
19180
19205
19206
19210
19220
19225
19249
19271
19274
19277
19279
19281
19288
19297
19328
19332
19342
19348
19354
19366
19395
19398
19399
19400
19416
19418
19422
19469
19473
19484
19492
19508
19512
19523
19540
19541
19543
19552
19583
19585
19587
19590
19598
19600
19606
19618
19639
19648
19651
19658
19673
19678
19694
19712
19743
19757
19760
19779
19788
19797
19799
19815
19887
19897
19898
19902
19913
19914
19917
19920
19933
19939
19953
19960
19964
19968
19974
19987
20016
20034
20038
20073
20077
20095
20115
20121
20124
20130
20135
20151
20173
20181
20189
20204
20209
20227
20268
20276
20278
20287
20300
20309
20339
20348
20353
20370
20377
20387
20395
20397
20411
20415
20432
20433
20444
20461
20464
20466
20467
20481
20504
20523
20530
20536
20545
20571
20575
20599
20601
20612
20613
20639
20642
20663
20665
20669
20673
20685
20694
20697
20711
20719
20721
20730
20734
20741
20744
20747
20749
20751
20764
20775
20776
20784
20795
20803
20805
20811
20821
20828
20844
20881
20886
20887
20895
20902
20909
20971
20998
21018
21069
21079
21083
21132
21148
21149
21159
21162
21166
21170
21172
21178
21181
21247
21248
21249
21251
21254
21277
21280
21285
21286
21293
21302
21306
21310
21314
21337
21343
21348
21360
21374
21392
21397
21407
21417
21419
21478
21492
21496
21507
21527
21540
21548
21560
21561
21565
21572
21579
21599
21604
21611
21618
21647
21651
21656
21662
21692
21700
21719
21722
21746
21752
21772
21789
21816
21850
21854
21894
21898
21910
21930
21940
21958
21973
21987
21992
21993
21998
22016
22024
22026
22050
22052
22110
22111
22118
22121
22139
22174
22177
22183
22199
22213
22216
22219
22221
22225
22246
22258
22259
22261
22272
22297
22303
22304
22329
22340
22349
22352
22361
22364
22390
22392
22398
22461
22462
22477
22497
22504
22506
22519
22534
22589
22624
22635
22643
22649
22665
22666
22671
22674
22698
22741
22788
22817
22824
22832
22849
22860
22865
22894
22898
22902
22918
22920
22922
22944
22967
22982
22983
22986
22992
22999
23009
23012
23023
23028
23030
23039
23051
23117
23123
23127
23132
23138
23152
23169
23176
23181
23183
23188
23196
23199
23206
23212
23219
23246
23262
23282
23294
23295
23297
23310
23313
23317
23345
23354
23356
23386
23390
23392
23400
23404
23405
23407
23425
23428
23438
23447
23453
23476
23495
23505
23520
23524
23530
23535
23568
23577
23578
23579
23600
23605
23607
23612
23615
23620
23622
23638
23646
23666
23669
23700
23704
23709
23711
23712
23723
23724
23737
23745
23747
23804
23811
23813
23842
23844
23846
23858
23867
23868
23877
23882
23885
23891
23893
23903
23911
23915
23921
23930
23951
23970
23972
23974
23981
23995
24026
24027
24048
24051
24080
24101
24110
24164
24167
24172
24189
24190
24192
24195
24218
24243
24269
24270
24274
24278
24281
24290
24291
24312
24318
24364
24374
24382
24398
24410
24416
24421
24429
24443
24444
24451
24452
24458
24470
24482
24485
24504
24527
24542
24546
24550
24570
24576
24588
24591
24592
24593
24596
24612
24627
24659
24724
24726
24743
24812
24823
24832
24833
24851
24853
24863
24883
24896
24906
24911
24912
24920
24925
24941
24952
24964
24984
25009
25034
25035
25075
25077
25120
25149
25178
25201
25204
25206
25212
25214
25244
25296
25304
25305
25313
25336
25362
25385
25389
25390
25427
25428
25450
25474
25495
25518
25523
25532
25546
25555
25561
25584
25608
25657
25666
25668
25672
25682
25686
25694
25695
25696
25700
25702
25727
25736
25739
25749
25764
25770
25789
25809
25832
25837
25852
25870
25887
25893
25926
25939
25948
25954
25981
25997
26016
26022
26024
26026
26028
26031
26033
26038
26039
26043
26073
26083
26087
26123
26141
26153
26154
26160
26163
26165
26186
26200
26211
26216
26238
26252
26257
26272
26283
26285
26288
26294
26317
26319
26321
26327
26340
26341
26345
26355
26369
26385
26415
26434
26435
26444
26455
26473
26483
26495
26502
26505
26513
26515
26539
26563
26568
26589
26591
26606
26627
26632
26651
26661
26662
26668
26670
26674
26692
26709
26722
26743
26758
26769
26781
26782
26810
26811
26818
26842
26850
26855
26882
26900
26965
26966
26982
27002
27031
27035
27052
27054
27060
27061
27083
27092
27109
27116
27135
27153
27158
27162
27166
27175
27176
27177
27184
27204
27208
27211
27227
27258
27263
27266
27279
27283
27319
27327
27344
27347
27382
27438
27440
27443
27444
27448
27482
27485
27487
27530
27534
27535
27540
27549
27555
27583
27596
27611
27641
27665
27685
27688
27709
27721
27731
27754
27759
27784
27826
27857
27874
27883
27887
27902
27903
27906
27907
27918
27927
27929
27931
27940
27944
27947
27973
27980
27992
27998
28003
28030
28035
28041
28053
28057
28060
28070
28075
28101
28105
28112
28118
28146
28165
28169
28172
28174
28176
28192
28196
28234
28238
28247
28255
28276
28288
28289
28297
28298
28300
28301
28308
28313
28321
28337
28345
28346
28357
28361
28371
28380
28385
28388
28389
28432
28434
28437
28441
28455
28458
28466
28478
28486
28494
28502
28506
28538
28567
28587
28603
28615
28616
28618
28655
28660
28661
28662
28663
28667
28671
28674
28692
28725
28727
28735
28738
28741
28745
28749
28757
28765
28768
28770
28800
28818
28819
28827
28831
28838
28846
28859
28931
28937
28966
28971
28972
29001
29039
29046
29067
29070
29087
29180
29181
29183
29194
29196
29203
29223
29245
29252
29254
29256
29265
29271
29274
29282
29304
29308
29315
29331
29336
29345
29351
29352
29355
29360
29373
29375
29378
29382
29396
29397
29408
29410
29419
29422
29426
29427
29428
29434
29444
29455
29458
29473
29475
29485
29489
29500
29505
29506
29515
29544
29552
29567
29591
29596
29608
29620
29622
29630
29636
29640
29665
29681
29704
29721
29732
29734
29736
29752
29759
29763
29776
29786
29797
29800
29801
29814
29838
29843
29845
29851
29857
29860
29881
29887
29888
29897
29899
29901
29907
29912
29965
29973
30001
30032
30042
30045
30047
30057
30083
30084
30096
30121
30142
30173
30185
30187
30199
30202
30208
30209
30213
30226
30246
30248
30258
30262
30265
30276
30284
30287
30295
30297
30300
30348
30352
30358
30380
30387
30390
30431
30444
30447
30470
30472
30482
30511
30525
30526
30533
30535
30555
30572
30585
30596
30637
30658
30707
30716
30756
30757
30760
30769
30776
30791
30793
30797
30803
30806
30847
30851
30855
30881
30888
30912
30923
30925
30950
30969
30985
31003
31018
31024
31027
31033
31042
31044
31051
31056
31088
31111
31119
31122
31129
31136
31171
31198
31201
31214
31234
31248
31262
31269
31290
31291
31300
31302
31308
31313
31341
31369
31385
31392
31398
31401
31406
31426
31431
31443
31451
31453
31460
31463
31465
31499
31500
31503
31508
31510
31515
31516
31523
31535
31547
31550
31573
31591
31593
31604
31605
31612
31615
31617
31618
31624
31634
31668
31673
31675
31684
31690
31693
31698
31722
31756
31759
31772
31786
31792
31810
31815
31826
31853
31864
31878
31880
31883
31913
31918
31975
32033
32036
32038
32072
32073
32074
32084
32122
32134
32135
32136
32143
32163
32186
32189
32190
32195
32199
32230
32232
32235
32240
32241
32244
32259
32269
32281
32285
32302
32303
32317
32329
32357
32382
32390
32396
32416
32444
32445
32446
32453
32457
32462
32465
32473
32474
32477
32485
32515
32531
32546
32548
32549
32560
32566
32575
32620
32622
32637
32638
32644
32649
32664
32702
32707
32710
32762
32763
32764
32801
32804
32818
32836
32858
32871
32873
32888
32892
32898
32930
32941
32944
32948
32953
32963
32966
32967
32977
32988
32989
32992
33013
33037
33055
33102
33108
33115
33132
33147
33160
33170
33209
33222
33245
33248
33251
33260
33282
33298
33312
33322
33330
33332
33354
33361
33370
33374
33392
33409
33415
33433
33449
33454
33459
33475
33481
33497
33502
33507
33512
33513
33529
33545
33551
33574
33586
33595
33596
33611
33619
33630
33653
33656
33674
33675
33694
33726
33728
33747
33787
33803
33823
33828
33854
33860
33870
33881
33902
33927
33935
33938
33989
33999
34019
34053
34058
34060
34075
34084
34094
34095
34099
34110
34111
34121
34133
34136
34142
34143
34152
34157
34161
34168
34201
34202
34207
34221
34225
34247
34251
34256
34259
34262
34272
34280
34281
34288
34333
34359
34363
34366
34368
34378
34383
34384
34387
34389
34408
34418
34429
34432
34442
34444
34451
34456
34467
34489
34492
34494
34499
34501
34532
34538
34553
34581
34584
34587
34591
34602
34606
34635
34639
34642
34648
34687
34688
34708
34721
34722
34729
34781
34792
34794
34823
34835
34836
34844
34845
34847
34861
34862
34877
34885
34896
34910
34951
34953
34955
34956
34974
34984
34996
35022
35042
35046
35054
35057
35067
35069
35079
35080
35090
35091
35099
35107
35111
35137
35155
35158
35161
35173
35177
35192
35196
35202
35208
35211
35219
35225
35231
35242
35254
35261
35262
35274
35281
35292
35303
35322
35323
35330
35341
35347
35352
35364
35367
35373
35381
35385
35416
35437
35455
35464
35467
35469
35476
35477
35482
35488
35489
35506
35508
35513
35523
35550
35568
35574
35588
35589
35597
35614
35648
35650
35661
35670
35709
35731
35732
35739
35768
35769
35770
35820
35833
35857
35875
35891
35897
35898
35906
35917
35921
35927
35942
35945
35946
35986
35998
36030
36036
36040
36053
36072
36090
36098
36104
36110
36114
36146
36154
36157
36160
36165
36176
36181
36187
36203
36219
36224
36227
36238
36241
36250
36256
36282
36295
36303
36316
36332
36352
36365
36376
36378
36386
36391
36405
36425
36471
36472
36477
36501
36507
36519
36524
36588
36595
36596
36601
36610
36611
36612
36626
36648
36667
36668
36675
36690
36731
36733
36741
36755
36805
36821
36823
36824
36836
36842
36852
36884
36885
36893
36899
36902
36926
36947
36961
36989
36997
37000
37005
37021
37049
37052
37053
37056
37063
37106
37114
37116
37120
37144
37159
37161
37165
37184
37217
37219
37220
37230
37246
37270
37274
37278
37282
37285
37286
37309
37317
37324
37326
37352
37359
37383
37385
37386
37398
37427
37432
37455
37459
37460
37461
37472
37480
37486
37493
37497
37530
37549
37554
37561
37564
37573
37598
37605
37625
37636
37639
37640
37641
37643
37655
37663
37675
37703
37718
37719
37724
37728
37736
37740
37764
37774
37780
37781
37786
37790
37816
37820
37827
37832
37861
37897
37908
37909
37916
37962
37963
37983
37990
37996
37999
38009
38025
38064
38097
38108
38121
38138
38148
38153
38157
38178
38193
38203
38218
38230
38235
38254
38263
38271
38283
38289
38304
38309
38336
38347
38351
38357
38359
38366
38367
38389
38399
38412
38441
38453
38487
38502
38517
38518
38539
38553
38562
38570
38582
38597
38601
38619
38629
38648
38657
38660
38667
38688
38697
38714
38733
38738
38752
38784
38797
38810
38818
38819
38833
38837
38863
38876
38888
38912
38924
38926
38927
38962
38963
38987
39009
39018
39019
39020
39028
39037
39050
39055
39067
39076
39077
39119
39122
39148
39153
39156
39192
39195
39199
39206
39209
39210
39221
39226
39248
39259
39260
39262
39263
39265
39271
39275
39287
39299
39301
39303
39316
39322
39330
39344
39347
39358
39373
39379
39432
39436
39452
39454
39466
39499
39516
39541
39585
39603
39612
39621
39624
39632
39637
39641
39643
39662
39671
39708
39721
39736
39747
39755
39773
39789
39793
39807
39824
39832
39873
39917
39923
39953
39963
39994
40005
40092
40101
40103
40132
40164
40172
40198
40200
40212
40253
40266
40267
40282
40298
40319
40322
40337
40355
40357
40364
40411
40430
40443
40444
40445
40446
40459
40470
40514
40519
40541
40544
40545
40550
40557
40592
40595
40600
40619
40621
40630
40631
40632
40641
40650
40681
40687
40691
40693
40697
40699
40705
40715
40724
40726
40727
40738
40748
40754
40756
40770
40783
40784
40795
40811
40815
40817
40836
40839
40845
40855
40889
40907
40932
40940
40947
40961
40969
40971
40977
40994
41018
41035
41038
41048
41050
41074
41089
41092
41100
41108
41147
41161
41186
41210
41212
41223
41242
41243
41251
41276
41281
41292
41294
41295
41301
41303
41315
41327
41332
41339
41348
41360
41407
41417
41433
41446
41449
41462
41482
41510
41514
41515
41519
41524
41529
41533
41534
41544
41554
41562
41616
41641
41656
41660
41666
41668
41683
41690
41711
41716
41741
41743
41761
41779
41787
41818
41824
41855
41858
41861
41866
41871
41885
41896
41916
41920
41940
41946
41959
41964
41972
41982
41986
42003
42023
42034
42045
42051
42052
42053
42069
42071
42081
42087
42093
42096
42108
42114
42122
42150
42212
42219
42244
42252
42258
42260
42274
42275
42287
42310
42313
42315
42318
42358
42361
42383
42413
42431
42432
42445
42451
42459
42482
42531
42549
42565
42576
42583
42589
42597
42602
42605
42631
42635
42683
42688
42689
42705
42722
42724
42740
42755
42771
42780
42822
42837
42840
42850
42864
42870
42883
42887
42901
42902
42904
42905
42926
42933
42960
42965
42983
42989
42996
43027
43039
43055
43067
43069
43084
43091
43102
43161
43166
43172
43175
43185
43190
43224
43234
43244
43258
43264
43270
43273
43277
43284
43298
43352
43362
43363
43369
43401
43414
43417
43418
43424
43448
43460
43461
43486
43515
43527
43528
43533
43538
43541
43565
43571
43617
43619
43629
43657
43660
43671
43677
43692
43694
43696
43700
43708
43723
43740
43741
43760
43764
43781
43782
43783
43792
43797
43804
43820
43823
43837
43844
43867
43868
43872
43873
43885
43920
43940
43961
44004
44006
44013
44023
44044
44047
44052
44060
44085
44107
44108
44111
44121
44197
44236
44239
44257
44263
44274
44285
44296
44301
44337
44396
44405
44415
44424
44425
44430
44434
44453
44454
44472
44485
44500
44507
44512
44518
44558
44586
44600
44605
44636
44639
44646
44657
44658
44668
44672
44679
44687
44698
44737
44763
44779
44783
44786
44792
44821
44836
44849
44852
44854
44859
44905
44909
44910
44923
44926
44941
44979
45008
45017
45020
45042
45050
45053
45062
45074
45082
45084
45096
45108
45125
45132
45154
45180
45181
45183
45184
45186
45189
45190
45221
45224
45234
45252
45284
45287
45295
45299
45324
45333
45371
45375
45406
45407
45408
45411
45416
45422
45458
45463
45467
45480
45497
45504
45548
45549
45564
45616
45643
45663
45673
45686
45704
45727
45741
45743
45775
45777
45783
45791
45804
45821
45843
45846
45854
45867
45868
45878
45892
45893
45898
45910
45919
45939
45940
45943
45947
45953
45955
45959
45964
45988
45994
46006
46016
46019
46023
46033
46038
46045
46048
46060
46073
46075
46079
46092
46094
46125
46150
46175
46176
46184
46191
46206
46224
46238
46252
46256
46265
46274
46294
46298
46307
46317
46327
46347
46349
46351
46360
46368
46369
46371
46376
46408
46414
46420
46423
46427
46451
46452
46456
46496
46509
46518
46522
46535
46537
46541
46546
46571
46577
46587
46597
46600
46628
46633
46657
46659
46673
46676
46686
46689
46691
46698
46710
46724
46745
46766
46796
46800
46803
46816
46828
46840
46841
46857
46860
46867
46874
46879
46883
46911
46919
46924
46925
46928
46954
46969
46973
46975
47013
47043
47048
47056
47057
47061
47067
47107
47112
47127
47145
47149
47156
47164
47169
47194
47238
47245
47254
47255
47271
47274
47275
47297
47304
47308
47317
47327
47334
47340
47344
47351
47353
47358
47364
47365
47376
47399
47404
47417
47426
47440
47450
47456
47472
47483
47497
47500
47506
47521
47529
47531
47536
47541
47554
47577
47581
47585
47587
47592
47633
47634
47655
47670
47676
47691
47707
47781
47782
47784
47804
47811
47814
47818
47894
47902
47905
47907
47910
47913
47917
47922
47938
47955
47957
47979
47991
47992
47993
48017
48020
48033
48056
48062
48068
48084
48089
48113
48131
48190
48207
48225
48248
48311
48321
48349
48361
48370
48380
48385
48387
48391
48418
48422
48428
48430
48460
48475
48476
48505
48508
48521
48524
48526
48544
48552
48575
48578
48586
48605
48622
48627
48631
48632
48643
48651
48685
48691
48693
48702
48721
48723
48726
48727
48734
48745
48760
48769
48777
48801
48807
48812
48818
48820
48823
48854
48863
48902
48908
48910
48936
48955
48961
48965
48966
48974
48978
48983
48990
48998
49000
49001
49025
49053
49058
49100
49101
49102
49114
49139
49159
49165
49217
49229
49249
49257
49261
49264
49293
49299
49309
49310
49314
49333
49358
49381
49431
49436
49438
49446
49453
49457
49462
49465
49466
49483
49487
49488
49493
49500
49515
49541
49556
49557
49563
49576
49585
49603
49621
49626
49631
49639
49670
49680
49699
49700
49704
49706
49729
49741
49771
49778
49784
49824
49832
49856
49871
49879
49911
49922
49937
49945
49960
49965
49976
49984
49990
50018
50022
50041
50043
50081
50096
50103
50126
50139
50141
50149
50165
50167
50177
50189
50208
50209
50230
50234
50236
50251
50259
50260
50261
50295
50297
50300
50321
50322
50330
50334
50338
50343
50353
50380
50381
50383
50390
50400
50407
50421
50425
50428
50437
50438
50441
50442
50454
50457
50465
50466
50467
50468
50491
50510
50529
50530
50539
50548
50555
50558
50563
50588
50599
50603
50608
50611
50614
50644
50650
50664
50674
50678
50681
50713
50719
50729
50757
50761
50794
50796
50834
50835
50876
50880
50894
50896
50930
50948
50952
50975
50976
50979
50991
50996
51015
51023
51039
51040
51057
51061
51064
51074
51080
51083
51094
51100
51103
51108
51111
51147
51161
51163
51199
51205
51248
51271
51274
51305
51320
51341
51366
51414
51422
51442
51459
51462
51471
51478
51479
51492
51510
51511
51522
51525
51529
51535
51538
51555
51557
51561
51588
51592
51597
51614
51617
51618
51638
51649
51675
51681
51687
51703
51718
51753
51759
51796
51808
51824
51860
51873
51881
51882
51884
51886
51891
51901
51905
51942
51957
51971
51978
51981
51982
51983
51993
52009
52017
52019
52022
52025
52026
52028
52037
52039
52058
52080
52084
52090
52097
52125
52129
52147
52166
52182
52201
52273
52287
52292
52294
52298
52301
52308
52363
52371
52373
52383
52393
52405
52412
52429
52440
52444
52448
52461
52468
52480
52482
52484
52490
52491
52501
52526
52555
52570
52589
52590
52644
52653
52663
52666
52671
52686
52688
52702
52706
52717
52721
52735
52743
52774
52776
52788
52798
52804
52816
52822
52835
52842
52874
52886
52892
52914
52917
52919
52931
52955
52986
53008
53044
53067
53069
53083
53087
53093
53097
53109
53111
53112
53126
53135
53177
53184
53191
53196
53197
53229
53235
53264
53288
53289
53294
53297
53298
53311
53314
53336
53341
53364
53368
53384
53390
53391
53402
53416
53419
53427
53429
53436
53439
53449
53450
53456
53462
53468
53474
53479
53480
53488
53496
53500
53507
53543
53544
53554
53571
53579
53594
53620
53635
53648
53650
53676
53682
53685
53693
53710
53719
53741
53758
53766
53782
53788
53793
53813
53815
53831
53842
53847
53848
53864
53880
53885
53944
53948
53967
54011
54012
54015
54033
54053
54063
54075
54085
54099
54100
54101
54108
54132
54136
54144
54169
54174
54179
54190
54199
54200
54204
54217
54220
54227
54229
54250
54251
54252
54258
54263
54270
54276
54281
54298
54327
54329
54346
54365
54381
54382
54383
54391
54396
54413
54436
54439
54445
54450
54457
54458
54462
54466
54476
54481
54483
54490
54492
54510
54526
54542
54546
54548
54561
54567
54576
54581
54588
54593
54601
54606
54646
54658
54664
54685
54727
54735
54741
54748
54750
54752
54766
54770
54784
54785
54788
54789
54818
54834
54835
54885
54890
54892
54898
54905
54908
54968
54984
54995
55023
55028
55030
55031
55049
55051
55053
55081
55083
55092
55106
55110
55116
55119
55121
55135
55140
55148
55155
55189
55194
55195
55203
55207
55219
55238
55242
55243
55277
55289
55291
55299
55311
55326
55333
55336
55363
55373
55374
55376
55380
55395
55410
55424
55428
55440
55441
55443
55466
55485
55493
55508
55509
55513
55516
55523
55542
55574
55583
55589
55593
55630
55643
55664
55673
55676
55690
55711
55716
55720
55751
55758
55771
55794
55799
55803
55807
55810
55858
55868
55881
55890
55930
55941
55958
55970
55977
55979
55982
55992
56030
56036
56060
56066
56073
56097
56105
56115
56124
56153
56172
56186
56190
56201
56210
56225
56230
56232
56238
56241
56250
56262
56285
56290
56300
56307
56374
56382
56384
56393
56403
56415
56419
56429
56439
56441
56456
56468
56474
56488
56497
56516
56521
56525
56538
56546
56551
56563
56566
56570
56594
56596
56653
56659
56660
56671
56673
56675
56681
56682
56685
56687
56706
56709
56728
56733
56744
56760
56783
56784
56813
56824
56827
56851
56880
56887
56892
56918
56953
56962
56988
56990
57012
57021
57024
57029
57030
57037
57038
57042
57046
57048
57051
57057
57062
57081
57104
57122
57133
57153
57188
57202
57220
57254
57257
57263
57269
57271
57313
57332
57344
57356
57367
57374
57387
57401
57408
57415
57433
57450
57454
57459
57469
57478
57480
57482
57494
57501
57508
57510
57519
57553
57564
57567
57570
57575
57592
57596
57601
57608
57613
57627
57633
57652
57653
57662
57668
57683
57684
57698
57704
57712
57715
57724
57738
57772
57787
57788
57820
57841
57857
57858
57864
57875
57881
57889
57893
57918
57938
57942
57944
57959
57973
58014
58037
58046
58049
58052
58062
58063
58064
58074
58078
58097
58111
58115
58117
58159
58161
58174
58176
58182
58184
58203
58238
58261
58283
58290
58327
58330
58333
58334
58335
58343
58355
58359
58379
58383
58385
58389
58425
58426
58440
58450
58454
58481
58490
58506
58510
58511
58528
58531
58541
58543
58544
58558
58565
58566
58574
58588
58590
58604
58606
58609
58611
58627
58637
58642
58648
58651
58660
58662
58678
58696
58698
58699
58704
58706
58718
58725
58726
58747
58759
58777
58788
58789
58790
58804
58809
58853
58856
58860
58866
58881
58897
58906
58913
58922
58929
58947
58957
58968
58969
58970
58985
58986
58991
58997
59020
59036
59039
59070
59071
59072
59083
59095
59112
59127
59182
59191
59222
59243
59268
59273
59278
59288
59307
59342
59345
59348
59349
59360
59365
59373
59378
59392
59393
59416
59420
59432
59443
59444
59458
59488
59517
59518
59528
59531
59536
59545
59554
59569
59584
59608
59609
59611
59616
59640
59646
59648
59649
59651
59662
59682
59684
59690
59694
59697
59698
59704
59706
59709
59723
59739
59752
59754
59761
59780
59804
59827
59855
59861
59869
59871
59875
59885
59886
59893
59894
59896
59900
59908
59921
59922
59927
59935
59946
59957
59963
60001
60005
60008
60018
60053
60079
60080
60099
60109
60141
60152
60176
60182
60189
60203
60208
60209
60211
60223
60227
60259
60261
60264
60270
60273
60297
60328
60331
60356
60365
60373
60377
60392
60408
60426
60445
60450
60451
60455
60474
60481
60491
60502
60519
60521
60535
60604
60630
60639
60662
60663
60672
60675
60706
60714
60720
60721
60728
60730
60736
60740
60749
60762
60782
60809
60823
60893
60917
60929
60936
60946
60958
60965
60966
60979
61021
61041
61060
61066
61068
61093
61158
61168
61184
61208
61212
61219
61241
61254
61266
61270
61271
61297
61300
61305
61313
61320
61330
61350
61364
61380
61386
61387
61388
61417
61432
61446
61448
61451
61456
61458
61487
61492
61499
61504
61507
61510
61515
61517
61536
61538
61539
61549
61552
61569
61576
61601
61606
61617
61631
61633
61641
61688
61695
61739
61743
61763
61786
61791
61814
61821
61822
61835
61844
61851
61855
61870
61889
61891
61898
61913
61925
61929
61944
61945
61956
61963
61968
61971
61985
61992
61995
62008
62024
62044
62061
62068
62074
62076
62093
62099
62102
62104
62118
62124
62150
62159
62166
62173
62178
62180
62182
62183
62205
62215
62216
62229
62241
62247
62250
62251
62258
62264
62269
62274
62277
62298
62304
62316
62367
62368
62369
62372
62373
62394
62397
62402
62403
62404
62409
62420
62429
62456
62459
62462
62475
62493
62494
62495
62511
62519
62520
62521
62544
62553
62577
62586
62592
62611
62612
62614
62630
62633
62647
62650
62658
62667
62675
62684
62686
62688
62697
62715
62724
62743
62752
62758
62779
62802
62806
62861
62870
62907
62909
62910
62911
62937
62944
62967
62973
62990
62993
62998
63004
63005
63023
63053
63054
63062
63069
63079
63084
63092
63105
63107
63124
63143
63156
63158
63170
63182
63188
63192
63207
63212
63214
63237
63242
63246
63251
63252
63256
63262
63297
63311
63329
63334
63338
63347
63355
63371
63375
63388
63389
63417
63430
63444
63448
63454
63467
63472
63477
63485
63491
63493
63497
63506
63522
63539
63546
63552
63572
63576
63579
63586
63596
63615
63624
63635
63652
63662
63668
63672
63675
63681
63684
63690
63691
63696
63740
63762
63785
63788
63789
63806
63815
63817
63834
63842
63844
63852
63853
63872
63873
63877
63878
63887
63901
63922
63927
63932
63966
63977
63983
63986
63994
64004
64006
64034
64035
64037
64041
64044
64071
64074
64075
64082
64095
64118
64123
64138
64151
64159
64167
64181
64206
64232
64234
64238
64241
64251
64252
64258
64288
64295
64298
64305
64313
64318
64332
64333
64340
64342
64345
64363
64368
64371
64383
64393
64406
64415
64418
64447
64449
64460
64462
64477
64481
64499
64520
64553
64562
64584
64594
64606
64634
64637
64660
64671
64677
64687
64700
64701
64718
64729
64738
64741
64749
64750
64754
64769
64811
64821
64824
64833
64837
64852
64853
64856
64859
64873
64922
64927
64947
64952
64962
64992
64995
65001
65003
65015
65034
65042
65066
65073
65108
65112
65116
65118
65123
65126
65141
65171
65177
65183
65198
65204
65207
65216
65226
65237
65241
65252
65257
65263
65264
65267
65277
65279
65333
65361
65376
65381
65410
65421
65458
65467
65469
65472
65481
65482
65484
65487
65488
65500
65501
65510
65517
65561
65563
65568
65604
65609
65620
65643
65650
65651
65652
65681
65700
65703
65713
65716
65717
65725
65729
65733
65742
65746
65761
65772
65780
65782
65819
65847
65853
65854
65897
65901
65924
65928
65932
65933
65943
65946
65951
65960
65965
65966
65983
65987
66011
66028
66029
66031
66039
66043
66076
66090
66111
66125
66133
66148
66154
66186
66207
66228
66235
66240
66262
66275
66279
66283
66284
66299
66318
66325
66367
66370
66399
66415
66417
66425
66431
66434
66449
66455
66456
66476
66490
66494
66504
66506
66534
66540
66547
66580
66608
66632
66646
66651
66660
66663
66675
66719
66725
66736
66766
66794
66799
66803
66825
66847
66870
66871
66903
66923
66934
66941
66942
66958
66993
67024
67039
67056
67060
67073
67104
67126
67144
67149
67153
67177
67191
67196
67198
67202
67242
67246
67274
67290
67293
67311
67319
67330
67339
67346
67358
67364
67407
67418
67439
67477
67484
67496
67517
67525
67532
67559
67573
67608
67611
67612
67614
67617
67618
67628
67629
67635
67639
67641
67656
67677
67689
67709
67729
67730
67739
67741
67766
67768
67770
67777
67783
67811
67829
67835
67843
67853
67907
67911
67917
67962
67964
67973
67989
68004
68023
68037
68059
68065
68081
68087
68095
68098
68111
68133
68136
68170
68197
68206
68215
68220
68225
68230
68235
68236
68239
68264
68266
68281
68301
68310
68313
68322
68324
68330
68337
68374
68376
68379
68386
68392
68393
68398
68417
68420
68429
68431
68439
68445
68448
68483
68493
68494
68530
68537
68608
68610
68629
68635
68640
68657
68663
68671
68683
68684
68725
68741
68754
68760
68804
68812
68834
68878
68889
68891
68921
68926
68936
68941
68942
68963
68966
68984
68989
69002
69005
69014
69021
69022
69028
69047
69050
69055
69069
69070
69096
69111
69116
