2
3
7
8
9
13
15
33
39
42
47
48
49
52
60
66
71
73
85
108
113
122
123
129
138
149
150
151
156
157
159
167
168
175
188
189
201
204
213
216
223
225
239
246
248
251
252
256
260
263
266
267
273
278
282
288
289
295
311
316
317
322
323
324
328
335
337
338
341
343
345
346
351
352
354
356
362
383
401
421
423
426
431
439
447
448
453
456
463
468
476
477
482
483
491
494
498
502
518
520
526
527
534
541
546
547
548
564
570
587
599
607
608
622
634
637
640
648
649
650
667
685
694
695
697
699
702
704
705
709
714
715
724
742
757
763
770
779
790
794
795
803
820
823
827
836
839
842
843
846
848
855
862
869
874
882
893
899
906
907
911
924
933
940
946
956
957
958
966
977
978
979
981
984
1001
1002
1009
1011
1015
1018
1019
1022
1027
1031
1037
1038
1042
1045
1049
1074
1088
1094
1100
1101
1107
1108
1109
1123
1138
1144
1149
1165
1167
1176
1185
1188
1192
1194
1204
1210
1226
1234
1238
1240
1243
1244
1250
1251
1252
1256
1257
1260
1268
1270
1280
1285
1294
1295
1297
1314
1319
1324
1343
1349
1357
1369
1370
1375
1381
1384
1401
1410
1419
1424
1436
1440
1441
1458
1468
1475
1476
1486
1501
1503
1506
1535
1540
1542
1554
1556
1561
1563
1564
1576
1584
1594
1600
1604
1606
1637
1644
1647
1649
1658
1665
1669
1670
1672
1689
1692
1693
1694
1698
1700
1705
1708
1711
1718
1722
1739
1749
1753
1757
1774
1777
1785
1798
1804
1824
1831
1839
1841
1851
1854
1855
1856
1879
1882
1885
1887
1890
1892
1901
1907
1913
1919
1921
1922
1928
1930
1938
1947
1953
1962
1966
1974
1999
2005
2017
2018
2031
2035
2041
2044
2048
2062
2077
2088
2102
2113
2123
2126
2133
2138
2145
2157
2169
2172
2174
2195
2201
2204
2205
2218
2225
2226
2229
2236
2242
2243
2245
2247
2254
2261
2262
2272
2281
2288
2296
2303
2304
2313
2327
2336
2339
2362
2366
2367
2374
2384
2385
2390
2396
2397
2405
2408
2411
2419
2423
2428
2437
2440
2448
2454
2468
2479
2480
2494
2497
2498
2513
2515
2520
2522
2527
2535
2536
2543
2545
2552
2557
2558
2563
2569
2571
2575
2583
2591
2594
2595
2599
2607
2614
2617
2642
2651
2652
2653
2655
2658
2660
2662
2665
2677
2679
2687
2690
2696
2699
2702
2710
2717
2722
2724
2727
2732
2751
2763
2767
2773
2798
2800
2802
2807
2811
2813
2818
2821
2823
2842
2849
2850
2858
2872
2891
2894
2895
2912
2919
2924
2926
2936
2938
2947
2949
2959
2975
2979
2983
2984
2993
2995
2999
3003
3004
3009
3013
3015
3029
3043
3073
3077
3085
3086
3088
3090
3091
3094
3111
3114
3120
3151
3155
3158
3160
3162
3171
3172
3182
3183
3187
3190
3191
3202
3204
3212
3222
3226
3234
3247
3254
3257
3276
3279
3286
3289
3293
3296
3298
3302
3313
3314
3315
3321
3340
3344
3350
3351
3355
3368
3377
3380
3392
3397
3399
3430
3435
3447
3449
3453
3454
3455
3471
3478
3483
3489
3498
3503
3508
3517
3523
3526
3527
3540
3549
3553
3561
3577
3581
3584
3586
3587
3592
3625
3631
3637
3645
3649
3669
3674
3675
3677
3678
3682
3685
3686
3692
3708
3749
3760
3761
3764
3771
3777
3781
3786
3791
3795
3797
3800
3803
3806
3807
3809
3811
3813
3822
3831
3835
3843
3844
3856
3859
3867
3868
3878
3880
3883
3885
3899
3909
3911
3914
3915
3916
3921
3929
3940
3945
3946
3959
3984
3987
4003
4011
4027
4037
4040
4045
4047
4053
4059
4060
4081
4082
4092
4093
4114
4116
4122
4123
4134
4138
4142
4146
4147
4160
4165
4166
4176
4177
4193
4205
4207
4213
4214
4216
4219
4250
4252
4258
4259
4260
4261
4268
4286
4301
4307
4308
4312
4313
4327
4341
4349
4353
4354
4356
4357
4359
4367
4372
4375
4382
4383
4384
4389
4390
4392
4395
4402
4404
4406
4410
4411
4412
4414
4415
4441
4453
4458
4459
4469
4473
4477
4481
4484
4490
4495
4507
4512
4517
4519
4523
4524
4530
4531
4534
4536
4549
4555
4568
4572
4603
4617
4622
4630
4632
4635
4658
4659
4669
4671
4672
4681
4688
4691
4693
4698
4703
4709
4718
4721
4731
4732
4739
4743
4745
4751
4763
4783
4784
4788
4792
4806
4816
4825
4830
4831
4840
4866
4873
4882
4883
4885
4887
4888
4895
4900
4902
4907
4917
4918
4925
4928
4937
4940
4944
4946
4947
4948
4954
4957
4958
4959
4969
4977
4983
4986
4989
4990
4991
5002
5004
5006
5010
5015
5023
5031
5041
5047
5076
5079
5088
5094
5098
5101
5111
5130
5134
5137
5142
5148
5152
5154
5159
5160
5161
5168
5169
5171
5172
5174
5180
5185
5188
5190
5194
5198
5221
5223
5225
5226
5233
5239
5253
5255
5257
5259
5263
5270
5272
5292
5293
5294
5308
5313
5317
5329
5330
5331
5338
5342
5361
5363
5365
5370
5374
5379
5380
5382
5390
5396
5407
5410
5413
5438
5439
5443
5453
5456
5462
5470
5475
5477
5483
5487
5496
5498
5500
5501
5504
5508
5512
5514
5515
5517
5524
5526
5539
5560
5565
5573
5577
5579
5597
5610
5615
5620
5622
5623
5624
5638
5647
5650
5657
5660
5669
5672
5674
5681
5684
5688
5689
5693
5695
5697
5699
5703
5707
5710
5716
5720
5725
5730
5731
5734
5742
5745
5746
5762
5764
5785
5788
5793
5826
5831
5834
5839
5847
5861
5869
5870
5883
5901
5906
5919
5921
5926
5932
5934
5936
5955
5956
5958
5961
5970
5981
5986
5994
6002
6007
6010
6013
6014
6023
6025
6035
6039
6041
6047
6054
6068
6082
6101
6111
6127
6135
6145
6146
6150
6160
6162
6167
6173
6174
6178
6184
6186
6189
6190
6194
6196
6201
6206
6211
6218
6219
6220
6223
6252
6256
6283
6291
6306
6308
6315
6323
6330
6331
6332
6333
6337
6345
6348
6349
6353
6357
6361
6371
6373
6377
6378
6381
6391
6396
6398
6401
6404
6408
6419
6428
6430
6437
6438
6439
6441
6456
6458
6460
6461
6467
6470
6476
6480
6481
6506
6507
6519
6524
6525
6529
6537
6543
6545
6546
6548
6551
6552
6564
6567
6582
6584
6594
6595
6600
6605
6606
6607
6617
6618
6623
6627
6628
6631
6633
6638
6640
6646
6652
6656
6658
6661
6663
6667
6672
6675
6676
6682
6685
6687
6692
6704
6706
6708
6726
6728
6732
6734
6748
6751
6792
6798
6806
6808
6811
6834
6853
6862
6865
6883
6899
6914
6915
6921
6924
6926
6927
6947
6948
6954
6964
6975
6989
6992
6995
7001
7009
7010
7014
7017
7018
7047
7052
7056
7060
7061
7066
7078
7079
7080
7086
7089
7116
7125
7129
7135
7139
7140
7148
7153
7160
7161
7164
7168
7173
7176
7178
7195
7212
7222
7254
7255
7257
7264
7287
7301
7314
7321
7330
7342
7351
7365
7377
7383
7387
7394
7398
7406
7409
7418
7421
7426
7436
7456
7460
7467
7479
7485
7489
7503
7507
7509
7511
7513
7520
7522
7524
7527
7528
7531
7532
7545
7552
7556
7558
7577
7581
7583
7588
7594
7615
7621
7630
7631
7637
7649
7656
7664
7670
7683
7689
7700
7704
7705
7710
7717
7740
7746
7753
7755
7772
7775
7783
7785
7790
7796
7808
7809
7811
7812
7816
7828
7838
7842
7857
7871
7872
7873
7874
7875
7886
7887
7900
7917
7918
7926
7940
7942
7949
7961
7966
7967
7984
7990
7994
7998
8014
8019
8022
8025
8032
8038
8042
8045
8048
8052
8056
8058
8060
8077
8079
8098
8103
8112
8113
8115
8116
8118
8120
8127
8130
8136
8141
8154
8155
8173
8177
8184
8196
8200
8201
8221
8225
8233
8236
8240
8255
8257
8259
8263
8273
8275
8280
8282
8288
8290
8291
8292
8294
8300
8302
8306
8309
8312
8314
8315
8320
8329
8330
8337
8352
8366
8367
8368
8369
8374
8381
8386
8388
8406
8408
8415
8435
8437
8444
8452
8455
8456
8465
8468
8473
8475
8480
8500
8507
8509
8525
8527
8528
8530
8532
8537
8542
8543
8549
8556
8565
8566
8571
8583
8586
8593
8599
8604
8607
8612
8615
8619
8620
8631
8641
8643
8651
8660
8662
8665
8673
8679
8682
8692
8695
8699
8706
8710
8712
8716
8725
8727
8729
8730
8744
8747
8748
8749
8753
8776
8778
8781
8791
8796
8815
8821
8825
8831
8851
8853
8855
8860
8865
8866
8887
8897
8904
8914
8924
8932
8933
8939
8944
8948
8956
8958
8960
8971
8977
8984
8986
8990
8999
9002
9012
9020
9025
9036
9037
9046
9052
9054
9056
9057
9071
9087
9114
9118
9121
9126
9134
9143
9144
9150
9162
9165
9168
9171
9175
9178
9179
9180
9184
9193
9201
9204
9214
9218
9223
9234
9237
9244
9247
9263
9286
9287
9290
9293
9296
9300
9311
9314
9318
9319
9320
9330
9349
9358
9365
9366
9374
9377
9386
9391
9394
9398
9407
9408
9414
9420
9422
9436
9444
9446
9447
9452
9460
9462
9463
9494
9495
9496
9505
9506
9515
9517
9520
9522
9538
9540
9542
9545
9549
9552
9555
9558
9561
9564
9567
9575
9578
9586
9588
9591
9607
9618
9619
9623
9624
9634
9641
9655
9660
9661
9665
9675
9685
9690
9694
9696
9698
9701
9705
9710
9712
9722
9727
9736
9752
9757
9760
9787
9789
9795
9800
9804
9813
9828
9842
9843
9845
9846
9850
9853
9857
9859
9864
9870
9872
9874
9876
9877
9888
9891
9892
9896
9899
9907
9909
9910
9914
9918
9920
9922
9934
9952
9955
9969
9974
9979
10004
10008
10014
10017
10021
10044
10060
10066
10083
10086
10093
10096
10097
10101
10111
10120
10130
10136
10140
10149
10168
10173
10176
10182
10205
10208
10216
10217
10219
10222
10239
10249
10266
10282
10289
10294
10309
10312
10317
10347
10348
10366
10370
10372
10376
10386
10392
10394
10397
10409
10413
10422
10430
10432
10441
10446
10447
10450
10452
10456
10457
10471
10476
10480
10483
10485
10486
10487
10493
10496
10499
10509
10511
10518
10519
10535
10536
10540
10546
10556
10557
10559
10563
10567
10568
10569
10573
10585
10586
10594
10598
10603
10608
10615
10619
10620
10642
10643
10644
10645
10648
10652
10664
10668
10675
10679
10688
10695
10696
10697
10699
10709
10715
10716
10723
10744
10747
10756
10761
10766
10782
10792
10797
10801
10816
10822
10828
10841
10847
10854
10857
10858
10860
10867
10871
10873
10876
10879
10885
10903
10909
10928
10929
10933
10945
10962
10966
10976
10979
10982
10984
10990
10992
10994
10999
11001
11007
11009
11010
11011
11017
11019
11022
11025
11033
11036
11040
11046
11062
11066
11081
11083
11091
11097
11107
11114
11144
11145
11152
11162
11178
11190
11200
11207
11212
11221
11227
11232
11244
11245
11250
11264
11265
11267
11272
11274
11276
11278
11279
11281
11292
11295
11300
11317
11325
11334
11339
11343
11357
11365
11373
11386
11391
11402
11403
11406
11411
11441
11445
11452
11465
11487
11496
11501
11506
11510
11511
11514
11515
11517
11526
11529
11531
11535
11544
11554
11558
11566
11570
11576
11580
11584
11586
11590
11592
11594
11596
11599
11606
11607
11616
11618
11620
11622
11623
11624
11641
11646
11649
11660
11661
11662
11675
11677
11683
11687
11697
11709
11710
11713
11714
11716
11717
11723
11735
11739
11747
11748
11749
11766
11770
11776
11781
11782
11784
11785
11789
11808
11821
11823
11824
11825
11831
11842
11844
11858
11859
11866
11870
11875
11895
11896
11898
11909
11916
11918
11922
11935
11943
11944
11946
11947
11949
11959
11960
11963
11965
11985
11989
11997
12001
12004
12038
12045
12049
12053
12056
12057
12064
12065
12084
12087
12088
12096
12097
12104
12108
12117
12118
12122
12131
12136
12139
12151
12157
12180
12184
12190
12195
12196
12200
12214
12215
12224
12225
12227
12231
12244
12248
12260
12267
12269
12281
12285
12288
12293
12299
12302
12303
12304
12308
12309
12311
12318
12323
12325
12331
12336
12340
12341
12344
12350
12363
12370
12380
12383
12391
12393
12394
12396
12398
12400
12401
12411
12414
12417
12420
12425
12427
12435
12437
12448
12454
12459
12462
12465
12475
12480
12483
12497
12507
12510
12511
12526
12528
12533
12562
12565
12574
12585
12596
12604
12610
12618
12620
12621
12622
12627
12628
12637
12638
12655
12656
12661
12662
12679
12688
12701
12705
12707
12719
12744
12759
12762
12772
12776
12778
12786
12792
12800
12803
12810
12821
12825
12829
12830
12842
12847
12855
12858
12871
12872
12876
12887
12915
12917
12926
12931
12934
12942
12944
12945
12958
12960
12964
12968
12978
12986
12987
12991
12997
12999
13030
13039
13063
13067
13074
13076
13093
13094
13098
13104
13108
13122
13125
13139
13144
13159
13162
13171
13176
13177
13181
13184
13188
13204
13209
13210
13214
13227
13244
13247
13249
13260
13268
13279
13294
13295
13297
13298
13301
13303
13307
13313
13314
13315
13324
13344
13349
13365
13367
13377
13378
13382
13390
13396
13406
13415
13419
13425
13428
13432
13434
13436
13443
13448
13450
13451
13462
13479
13485
13494
13497
13500
13505
13512
13513
13514
13518
13521
13526
13530
13538
13541
13547
13556
13557
13559
13571
13574
13578
13580
13587
13591
13602
13604
13617
13621
13627
13640
13642
13643
13652
13654
13674
13680
13690
13691
13697
13698
13705
13706
13715
13725
13736
13741
13754
13755
13758
13761
13763
13765
13772
13774
13783
13791
13792
13797
13809
13813
13815
13817
13818
13830
13850
13865
13867
13881
13886
13890
13900
13906
13907
13908
13919
13933
13939
13945
13946
13948
13949
13960
13965
13966
13972
13976
13984
13993
13998
14004
14010
14018
14028
14034
14037
14054
14074
14079
14082
14088
14098
14099
14101
14102
14116
14127
14148
14149
14170
14173
14187
14193
14203
14205
14223
14227
14233
14238
14241
14245
14247
14273
14287
14295
14305
14308
14309
14310
14323
14325
14331
14332
14334
14336
14342
14349
14350
14356
14357
14362
14377
14381
14385
14404
14412
14424
14428
14431
14436
14445
14447
14459
14461
14471
14482
14494
14497
14500
14504
14509
14515
14516
14523
14538
14542
14547
14573
14584
14585
14588
14594
14596
14600
14601
14605
14610
14611
14617
14626
14627
14631
14637
14638
14639
14641
14642
14648
14656
14663
14673
14681
14695
14702
14710
14714
14717
14719
14724
14743
14744
14745
14750
14751
14767
14770
14775
14776
14789
14791
14795
14804
14809
14815
14816
14821
14825
14839
14840
14849
14853
14860
14862
14864
14865
14871
14872
14876
14878
14889
14896
14899
14906
14909
14914
14918
14924
14954
14955
14956
14965
14983
14985
14997
15000
15004
15008
15011
15012
15018
15019
15020
15022
15028
15030
15036
15039
15043
15048
15052
15061
15062
15063
15068
15069
15073
15078
15081
15085
15100
15104
15106
15108
15116
15123
15130
15136
15137
15154
15158
15163
15172
15173
15187
15188
15197
15199
15200
15206
15207
15214
15220
15221
15231
15232
15240
15241
15247
15256
15259
15269
15273
15275
15282
15293
15297
15302
15306
15307
15311
15325
15334
15346
15352
15358
15364
15374
15376
15379
15381
15383
15386
15392
15395
15396
15397
15399
15414
15432
15440
15451
15455
15465
15479
15495
15496
15504
15505
15509
15511
15517
15523
15528
15529
15531
15535
15550
15551
15559
15564
15578
15592
15594
15598
15599
15601
15621
15629
15633
15637
15647
15653
15654
15656
15663
15664
15665
15672
15687
15690
15703
15708
15718
15721
15726
15737
15744
15751
15752
15753
15766
15767
15778
15792
15799
15803
15805
15807
15808
15811
15815
15823
15826
15832
15837
15838
15844
15851
15880
15892
15899
15909
15912
15914
15916
15918
15933
15935
15939
15943
15952
15954
15957
15965
15989
15995
16003
16015
16017
16021
16025
16028
16061
16062
16065
16067
16068
16078
16081
16092
16103
16104
16107
16112
16121
16123
16131
16132
16136
16146
16151
16168
16171
16174
16175
16178
16187
16195
16198
16200
16203
16204
16205
16222
16227
16231
16244
16246
16270
16275
16290
16305
16322
16330
16331
16335
16337
16339
16344
16345
16354
16355
16356
16357
16362
16363
16370
16384
16390
16396
16398
16403
16417
16419
16422
16424
16435
16440
16444
16446
16448
16450
16451
16455
16469
16498
16503
16521
16524
16530
16533
16536
16541
16543
16549
16561
16571
16576
16579
16587
16589
16591
16592
16608
16609
16611
16620
16622
16631
16639
16644
16659
16661
16664
16665
16671
16680
16682
16697
16703
16705
16708
16714
16719
16733
16734
16750
16755
16765
16766
16778
16783
16793
16810
16815
16843
16863
16865
16868
16874
16875
16877
16881
16885
16890
16893
16897
16898
16901
16903
16907
16909
16922
16935
16952
16954
16955
16969
16987
16991
16993
17008
17011
17020
17023
17028
17029
17031
17034
17040
17041
17042
17045
17049
17053
17054
17061
17079
17081
17084
17089
17090
17091
17107
17110
17118
17120
17128
17129
17132
17145
17156
17165
17168
17170
17173
17175
17178
17181
17188
17208
17212
17214
17218
17231
17233
17240
17245
17247
17253
17268
17272
17278
17282
17290
17296
17307
17314
17320
17324
17330
17346
17352
17363
17371
17374
17379
17391
17394
17401
17402
17420
17455
17458
17462
17466
17469
17470
17483
17506
17508
17509
17510
17515
17518
17530
17536
17539
17543
17552
17554
17564
17566
17582
17583
17585
17597
17603
17604
17608
17611
17612
17614
17615
17619
17623
17636
17637
17638
17646
17647
17650
17657
17659
17663
17679
17686
17687
17693
17698
17703
17713
17720
17723
17737
17739
17749
17750
17753
17754
17757
17762
17785
17787
17788
17794
17806
17809
17810
17827
17832
17850
17852
17854
17866
17874
17881
17886
17887
17893
17895
17900
17910
17911
17921
17926
17934
17947
17958
17972
17974
17977
17979
17989
17994
18001
18018
18022
18023
18026
18029
18042
18057
18058
18063
18067
18071
18075
18078
18079
18100
18107
18108
18111
18115
18116
18132
18144
18148
18153
18155
18170
18179
18182
18189
18194
18218
18234
18237
18241
18242
18244
18246
18250
18257
18270
18278
18289
18291
18298
18299
18324
18329
18333
18340
18350
18353
18363
18373
18375
18379
18380
18387
18399
18406
18414
18415
18419
18423
18426
18437
18447
18449
18464
18474
18475
18476
18486
18488
18510
18516
18517
18518
18521
18524
18527
18544
18549
18558
18573
18577
18590
18601
18610
18616
18628
18631
18639
18645
18668
18669
18674
18677
18679
18691
18703
18706
18707
18714
18748
18754
18759
18761
18765
18771
18793
18799
18801
18806
18811
18814
18820
18822
18823
18826
18829
18835
18841
18852
18859
18862
18875
18876
18887
18890
18892
18897
18920
18931
18932
18934
18935
18936
18938
18957
18958
18964
18970
18977
18987
18998
18999
19007
19013
19024
19029
19031
19033
19035
19057
19064
19073
19074
19076
19077
19095
19098
19099
19111
19113
19121
19131
19132
19138
19146
19161
19163
19180
19183
19187
19197
19199
19205
19206
19209
19210
19216
19220
19225
19232
19249
19271
19274
19277
19279
19281
19288
19291
19294
19297
19300
19302
19328
19332
19342
19343
19348
19354
19356
19357
19360
19365
19366
19395
19398
19399
19400
19410
19416
19418
19422
19429
19449
19457
19469
19472
19473
19475
19476
19484
19492
19500
19508
19512
19514
19519
19523
19526
19530
19540
19541
19543
19552
19558
19572
19579
19583
19585
19587
19590
19598
19600
19601
19606
19618
19622
19632
19637
19639
19648
19650
19651
19658
19663
19665
19668
19670
19673
19678
19684
19692
19694
19709
19712
19731
19740
19743
19757
19760
19771
19779
19788
19793
19794
19797
19799
19804
19805
19813
19815
19818
19847
19863
19887
19897
19898
19902
19913
19914
19916
19917
19920
19926
19933
19934
19939
19940
19953
19960
19963
19964
19968
19974
19978
19987
19993
19998
20006
20011
20016
20034
20038
20044
20064
20066
20069
20073
20077
20078
20083
20086
20089
20095
20097
20115
20121
20124
20127
20129
20130
20135
20139
20151
20157
20159
20165
20169
20173
20181
20184
20189
20201
20204
20209
20213
20214
20215
20219
20222
20227
20240
20254
20268
20271
20276
20278
20287
20294
20297
20300
20309
20319
20322
20323
20327
20332
20337
20339
20344
20348
20353
20365
20370
20377
20385
20386
20387
20395
20397
20402
20404
20405
20411
20415
20416
20418
20425
20430
20432
20433
20444
20460
20461
20464
20466
20467
20481
20491
20504
20506
20520
20523
20527
20530
20532
20536
20545
20556
20568
20571
20575
20577
20599
20601
20607
20612
20613
20630
20639
20642
20663
20665
20666
20669
20673
20685
20688
20691
20694
20697
20711
20719
20721
20727
20730
20733
20734
20738
20741
20744
20747
20749
20751
20764
20771
20775
20776
20784
20795
20796
20803
20805
20810
20811
20821
20825
20828
20844
20855
20865
20880
20881
20886
20887
20895
20902
20908
20909
20921
20939
20957
20962
20966
20971
20972
20998
21013
21018
21035
21039
21048
21069
21079
21083
21093
21111
21114
21116
21132
21134
21141
21142
21148
21149
21158
21159
21162
21166
21170
21171
21172
21173
21178
21181
21214
21217
21219
21221
21234
21247
21248
21249
21251
21254
21274
21277
21280
21282
21285
21286
21288
21291
21293
21294
21299
21302
21303
21306
21310
21314
21324
21325
21331
21337
21343
21344
21347
21348
21350
21360
21361
21374
21377
21392
21397
21407
21417
21419
21420
21443
21449
21451
21452
21455
21464
21468
21469
21470
21471
21473
21478
21490
21491
21492
21496
21507
21508
21519
21521
21527
21540
21548
21560
21561
21565
21566
21572
21579
21582
21591
21592
21596
21599
21603
21604
21611
21617
21618
21639
21647
21650
21651
21656
21662
21692
21697
21700
21701
21704
21705
21706
21712
21717
21719
21722
21725
21729
21740
21742
21746
21750
21752
21760
21772
21780
21789
21804
21816
21818
21825
21832
21850
21851
21854
21859
21872
21888
21892
21894
21898
21910
21924
21930
21940
21943
21953
21958
21973
21986
21987
21992
21993
21998
22016
22024
22026
22050
22052
22060
22094
22098
22110
22111
22114
22118
22121
22128
22133
22135
22137
22139
22142
22143
22164
22174
22177
22183
22185
22188
22199
22211
22213
22216
22219
22221
22225
22236
22245
22246
22258
22259
22261
22272
22297
22303
22304
22312
22320
22328
22329
22332
22340
22349
22352
22361
22364
22367
22376
22377
22387
22390
22392
22397
22398
22416
22439
22450
22460
22461
22462
22465
22477
22478
22480
22495
22497
22504
22506
22519
22520
22524
22533
22534
22546
22550
22581
22589
22607
22608
22610
22624
22630
22632
22635
22643
22645
22649
22665
22666
22671
22672
22674
22694
22698
22720
22741
22761
22765
22780
22783
22788
22803
22805
22811
22817
22824
22832
22849
22852
22860
22865
22869
22891
22894
22895
22897
22898
22902
22918
22920
22922
22923
22944
22952
22960
22967
22981
22982
22983
22986
22992
22997
22999
23008
23009
23012
23013
23023
23026
23028
23030
23039
23050
23051
23091
23095
23117
23123
23125
23127
23132
23138
23143
23145
23152
23159
23162
23168
23169
23176
23177
23181
23183
23185
23188
23196
23199
23206
23212
23217
23219
23220
23228
23246
23248
23262
23274
23282
23290
23294
23295
23297
23299
23303
23304
23306
23310
23312
23313
23317
23326
23330
23345
23349
23354
23356
23366
23371
23386
23390
23392
23400
23404
23405
23407
23417
23425
23427
23428
23438
23442
23447
23453
23454
23455
23461
23476
23477
23478
23479
23482
23485
23493
23495
23505
23509
23517
23520
23524
23530
23535
23561
23562
23568
23577
23578
23579
23581
23589
23593
23600
23602
23603
23605
23607
23612
23615
23619
23620
23622
23623
23626
23637
23638
23646
23648
23649
23650
23652
23660
23666
23669
23671
23672
23681
23685
23694
23699
23700
23704
23709
23711
23712
23723
23724
23729
23730
23737
23745
23747
23763
23788
23804
23809
23811
23813
23820
23821
23823
23833
23842
23844
23846
23853
23858
23859
23861
23863
23867
23868
23869
23877
23879
23882
23885
23891
23893
23897
23898
23903
23910
23911
23914
23915
23919
23921
23929
23930
23942
23946
23951
23964
23968
23970
23971
23972
23973
23974
23975
23976
23981
23995
24001
24009
24026
24027
24030
24032
24048
24051
24053
24054
24059
24069
24080
24087
24092
24101
24106
24110
24114
24132
24137
24164
24167
24169
24172
24189
24190
24191
24192
24195
24197
24206
24218
24234
24243
24260
24269
24270
24274
24276
24278
24280
24281
24290
24291
24306
24312
24314
24317
24318
24332
24338
24349
24350
24359
24364
24365
24374
24382
24384
24394
24398
24404
24406
24408
24410
24414
24416
24418
24421
24429
24434
24443
24444
24447
24450
24451
24452
24457
24458
24459
24461
24466
24470
24474
24482
24485
24504
24507
24508
24527
24537
24541
24542
24546
24550
24570
24576
24588
24591
24592
24593
24596
24612
24619
24627
24637
24659
24662
24687
24688
24701
24715
24724
24726
24740
24741
24743
24763
24780
24784
24797
24810
24812
24817
24823
24832
24833
24851
24853
24863
24866
24872
24883
24896
24906
24911
24912
24920
24925
24937
24941
24951
24952
24964
24967
24984
25001
25009
25022
25023
25034
25035
25052
25065
25075
25077
25091
25103
25118
25120
25131
25147
25149
25163
25178
25186
25201
25204
25206
25212
25214
25218
25237
25244
25246
25277
25293
25296
25298
25304
25305
25307
25313
25318
25334
25335
25336
25337
25340
25351
25353
25362
25368
25385
25389
25390
25409
25419
25427
25428
25450
25452
25455
25458
25461
25469
25473
25474
25488
25495
25518
25521
25523
25532
25538
25546
25554
25555
25559
25561
25576
25584
25593
25594
25608
25627
25645
25650
25657
25666
25668
25672
25681
25682
25686
25694
25695
25696
25700
25702
25727
25736
25739
25749
25753
25759
25761
25764
25770
25774
25787
25789
25791
25809
25823
25827
25832
25837
25842
25852
25863
25870
25885
25887
25893
25894
25921
25926
25932
25939
25948
25954
25956
25958
25959
25960
25968
25981
25982
25990
25993
25995
25997
26009
26016
26019
26022
26024
26026
26028
26031
26033
26035
26038
26039
26043
26052
26058
26073
26083
26086
26087
26089
26100
26103
26123
26134
26141
26143
26145
26153
26154
26160
26163
26164
26165
26184
26186
26193
26200
26209
26211
26214
26216
26225
26232
26238
26240
26246
26251
26252
26254
26257
26259
26272
26281
26283
26284
26285
26288
26291
26293
26294
26303
26314
26317
26319
26321
26323
26327
26335
26340
26341
26342
26345
26348
26350
26353
26355
26357
26369
26385
26388
26389
26411
26415
26433
26434
26435
26444
26455
26459
26473
26483
26490
26495
26496
26502
26505
26508
26509
26510
26513
26515
26516
26523
26526
26532
26539
26558
26563
26566
26568
26578
26581
26583
26584
26588
26589
26591
26606
26607
26611
26614
26616
26618
26623
26627
26632
26643
26647
26651
26654
26659
26661
26662
26666
26668
26670
26674
26692
26700
26704
26709
26722
26735
26738
26743
26757
26758
26766
26769
26781
26782
26786
26789
26807
26810
26811
26816
26818
26834
26842
26844
26849
26850
26855
26864
26882
26891
26898
26900
26904
26915
26959
26961
26965
26966
26970
26982
26999
27002
27018
27020
27031
27035
27045
27052
27054
27060
27061
27071
27083
27089
27091
27092
27104
27109
27113
27114
27116
27118
27128
27133
27135
27144
27149
27151
27153
27154
27158
27162
27166
27175
27176
27177
27184
27198
27204
27207
27208
27211
27218
27227
27232
27244
27245
27249
27258
27263
27266
27270
27279
27283
27299
27304
27314
27315
27319
27325
27327
27331
27336
27344
27346
27347
27382
27427
27438
27439
27440
27443
27444
27448
27456
27480
27482
27485
27487
27505
27530
27533
27534
27535
27540
27547
27549
27555
27582
27583
27590
27596
27611
27641
27662
27665
27684
27685
27688
27696
27703
27706
27709
27711
27721
27731
27736
27750
27754
27759
27763
27765
27783
27784
27791
27809
27811
27824
27826
27840
27842
27857
27862
27874
27879
27883
27886
27887
27902
27903
27906
27907
27918
27921
27927
27929
27931
27936
27940
27944
27947
27951
27969
27973
27976
27980
27988
27992
27993
27998
28003
28004
28008
28013
28025
28030
28035
28041
28042
28053
28057
28060
28064
28068
28070
28075
28080
28085
28095
28101
28105
28111
28112
28118
28132
28133
28146
28148
28161
28165
28169
28172
28174
28176
28188
28189
28190
28191
28192
28196
28226
28231
28234
28238
28240
28247
28249
28253
28255
28259
28263
28270
28276
28278
28288
28289
28297
28298
28299
28300
28301
28302
28306
28308
28312
28313
28321
28337
28345
28346
28357
28361
28365
28366
28371
28379
28380
28382
28383
28385
28388
28389
28395
28406
28408
28414
28426
28429
28432
28434
28435
28437
28441
28451
28455
28458
28466
28473
28474
28475
28478
28486
28491
28492
28494
28496
28502
28506
28507
28513
28533
28536
28538
28541
28542
28549
28559
28566
28567
28586
28587
28603
28609
28611
28615
28616
28618
28655
28658
28660
28661
28662
28663
28667
28671
28674
28679
28681
28692
28710
28719
28720
28725
28727
28735
28738
28741
28745
28749
28750
28757
28759
28762
28765
28767
28768
28770
28797
28798
28800
28803
28804
28818
28819
28823
28827
28831
28838
28846
28850
28859
28864
28871
28887
28889
28920
28921
28922
28931
28932
28937
28957
28966
28971
28972
28994
29001
29018
29039
29046
29049
29052
29055
29060
29067
29069
29070
29077
29087
29088
29095
29116
29117
29140
29145
29166
29167
29168
29169
29180
29181
29183
29194
29196
29203
29205
29209
29214
29223
29231
29241
29245
29252
29254
29256
29265
29266
29269
29271
29274
29282
29304
29308
29311
29315
29317
29331
29336
29345
29351
29352
29355
29360
29362
29365
29373
29374
29375
29378
29382
29384
29390
29396
29397
29408
29410
29419
29422
29426
29427
29428
29434
29436
29441
29444
29449
29452
29455
29458
29473
29475
29476
29485
29486
29489
29498
29500
29504
29505
29506
29511
29515
29520
29533
29538
29544
29552
29558
29567
29568
29584
29591
29595
29596
29605
29606
29608
29610
29617
29620
29622
29630
29636
29638
29640
29648
29651
29665
29669
29681
29682
29696
29704
29712
29721
29732
29734
29735
29736
29739
29742
29752
29759
29761
29763
29776
29785
29786
29796
29797
29800
29801
29808
29814
29825
29833
29838
29843
29844
29845
29851
29857
29860
29877
29881
29884
29887
29888
29897
29899
29901
29907
29912
29923
29929
29942
29948
29960
29965
29972
29973
29982
29995
30001
30005
30032
30033
30042
30044
30045
30047
30057
30077
30083
30084
30087
30088
30091
30095
30096
30099
30121
30129
30142
30145
30170
30173
30179
30185
30187
30191
30195
30199
30202
30203
30208
30209
30212
30213
30217
30218
30226
30229
30238
30246
30248
30252
30255
30258
30259
30262
30265
30268
30276
30278
30282
30284
30287
30289
30290
30295
30297
30300
30307
30315
30322
30340
30344
30348
30352
30355
30358
30366
30368
30373
30380
30387
30390
30403
30405
30411
30431
30438
30444
30447
30462
30463
30470
30471
30472
30476
30482
30486
30507
30511
30521
30525
30526
30533
30535
30555
30565
30571
30572
30585
30587
30596
30616
30620
30637
30651
30656
30658
30661
30675
30707
30716
30732
30736
30739
30756
30757
30760
30761
30769
30770
30776
30780
30791
30793
30797
30799
30803
30804
30806
30827
30829
30841
30846
30847
30851
30855
30877
30881
30888
30899
30906
30909
30912
30913
30919
30922
30923
30925
30937
30950
30959
30960
30967
30969
30974
30980
30981
30985
30990
31003
31009
31018
31024
31027
31033
31037
31042
31044
31051
31056
31088
31089
31094
31099
31111
31119
31122
31129
31134
31136
31156
31158
31171
31172
31177
31179
31189
31195
31198
31201
31214
31234
31240
31248
31259
31262
31267
31269
31284
31290
31291
31300
31302
31305
31308
31313
31331
31341
31368
31369
31375
31385
31389
31392
31398
31401
31406
31419
31426
31431
31432
31443
31444
31451
31453
31460
31463
31465
31468
31469
31477
31483
31492
31499
31500
31503
31508
31510
31515
31516
31523
31531
31532
31535
31544
31547
31550
31558
31559
31568
31572
31573
31591
31593
31594
31595
31597
31604
31605
31606
31612
31615
31617
31618
31624
31634
31642
31655
31668
31673
31675
31684
31690
31693
31698
31703
31708
31711
31713
31717
31722
31729
31731
31736
31744
31750
31756
31759
31768
31772
31777
31786
31791
31792
31794
31798
31808
31810
31811
31815
31817
31822
31826
31827
31845
31853
31856
31864
31878
31880
31883
31886
31899
31909
31913
31918
31919
31933
31941
31945
31950
31960
31963
31970
31975
31984
31986
31996
31999
32014
32018
32033
32036
32038
32062
32066
32071
32072
32073
32074
32084
32092
32098
32116
32122
32126
32134
32135
32136
32141
32143
32148
32163
32186
32189
32190
32194
32195
32199
32210
32230
32232
32235
32240
32241
32242
32244
32254
32259
32266
32269
32281
32285
32289
32295
32296
32302
32303
32317
32329
32330
32357
32358
32369
32382
32387
32388
32390
32396
32409
32411
32416
32418
32425
32428
32436
32444
32445
32446
32453
32457
32462
32465
32469
32473
32474
32477
32485
32487
32493
32504
32510
32511
32515
32531
32539
32546
32548
32549
32560
32561
32566
32573
32575
32578
32589
32596
32605
32610
32620
32622
32637
32638
32644
32645
32649
32664
32678
32702
32707
32710
32711
32728
32730
32735
32741
32746
32756
32762
32763
32764
32775
32786
32795
32801
32804
32808
32816
32818
32821
32822
32836
32839
32858
32862
32871
32873
32877
32880
32886
32888
32892
32898
32907
32916
32928
32930
32941
32944
32946
32948
32950
32952
32953
32955
32958
32963
32966
32967
32977
32984
32988
32989
32992
33002
33009
33013
33019
33031
33037
33055
33061
33062
33067
33079
33086
33102
33108
33112
33115
33121
33132
33137
33139
33147
33148
33160
33168
33170
33179
33188
33203
33206
33209
33216
33222
33228
33229
33238
33245
33248
33251
33260
33273
33278
33282
33293
33298
33309
33312
33322
33323
33330
33332
33338
33345
33354
33359
33360
33361
33370
33374
33376
33392
33402
33407
33409
33415
33422
33432
33433
33436
33438
33447
33449
33454
33459
33475
33478
33481
33497
33502
33507
33512
33513
33520
33522
33525
33529
33542
33545
33551
33574
33580
33586
33595
33596
33611
33619
33623
33630
33638
33644
33645
33651
33653
33656
33674
33675
33677
33694
33703
33707
33719
33726
33728
33735
33745
33747
33752
33765
33771
33773
33787
33789
33793
33796
33803
33813
33823
33828
33842
33854
33855
33860
33869
33870
33881
33888
33893
33894
33902
33922
33927
33929
33930
33935
33938
33944
33946
33947
33951
33970
33983
33989
33993
33997
33999
34019
34028
34031
34036
34040
34042
34048
34053
34058
34060
34075
34083
34084
34089
34094
34095
34099
34110
34111
34118
34119
34121
34133
34136
34142
34143
34152
34154
34157
34161
34168
34183
34201
34202
34207
34211
34221
34225
34226
34240
34247
34251
34256
34259
34262
34272
34280
34281
34288
34297
34310
34313
34328
34333
34342
34344
34359
34363
34366
34368
34373
34378
34383
34384
34387
34389
34390
34408
34412
34418
34423
34425
34426
34429
34430
34432
34433
34442
34444
34446
34451
34456
34467
34489
34492
34494
34499
34501
34519
34523
34526
34527
34529
34532
34534
34538
34544
34553
34554
34574
34579
34581
34583
34584
34587
34591
34602
34606
34611
34630
34635
34639
34640
34642
34648
34658
34662
34666
34673
34686
34687
34688
34708
34713
34721
34722
34729
34737
34756
34757
34759
34762
34770
34773
34778
34781
34787
34792
34794
34795
34823
34834
34835
34836
34844
34845
34847
34861
34862
34863
34866
34877
34883
34885
34896
34899
34910
34918
34927
34945
34951
34953
34955
34956
34961
34963
34968
34969
34974
34984
34996
35007
35012
35013
35022
35027
35029
35035
35042
35046
35054
35057
35063
35067
35069
35071
35079
35080
35090
35091
35099
35101
35107
35110
35111
35123
35132
35137
35140
35141
35145
35150
35153
35155
35158
35160
35161
35162
35173
35177
35192
35196
35202
35208
35211
35219
35225
35231
35232
35234
35237
35242
35254
35261
35262
35267
35270
35273
35274
35281
35292
35300
35303
35306
35309
35322
35323
35330
35341
35347
35352
35356
35357
35363
35364
35367
35369
35373
35381
35382
35384
35385
35389
35400
35416
35423
35436
35437
35440
35455
35460
35464
35467
35469
35476
35477
35482
35486
35488
35489
35493
35501
35504
35506
35508
35512
35513
35522
35523
35534
35538
35550
35553
35555
35568
35574
35588
35589
35593
35597
35606
35611
35614
35620
35628
35648
35650
35661
35670
35693
35709
35731
35732
35739
35749
35757
35759
35768
35769
35770
35774
35780
35790
35795
35815
35820
35833
35850
35857
35875
35881
35882
35891
35892
35897
35898
35902
35906
35910
35917
35921
35923
35924
35927
35929
35940
35942
35945
35946
35976
35981
35986
35988
35998
36015
36023
36025
36030
36036
36040
36041
36045
36051
36053
36063
36067
36072
36077
36090
36093
36098
36104
36110
36114
36119
36127
36142
36146
36154
36157
36160
36165
36176
36181
36187
36203
36211
36213
36214
36219
36224
36227
36228
36237
36238
36241
36249
36250
36251
36256
36263
36264
36275
36282
36295
36296
36302
36303
36307
36309
36316
36328
36332
36341
36343
36351
36352
36353
36365
36376
36378
36383
36386
36391
36405
36425
36435
36444
36450
36457
36465
36471
36472
36477
36501
36507
36512
36513
36514
36515
36519
36520
36523
36524
36536
36537
36542
36543
36556
36565
36576
36582
36588
36592
36595
36596
36601
36610
36611
36612
36626
36634
36648
36667
36668
36672
36675
36690
36710
36719
36725
36727
36731
36733
36741
36744
36755
36764
36766
36773
36779
36785
36787
36793
36804
36805
36806
36821
36823
36824
36833
36836
36842
36852
36871
36882
36884
36885
36893
36899
36902
36919
36926
36929
36947
36956
36961
36983
36987
36989
36991
36994
36997
36998
37000
37001
37004
37005
37021
37042
37049
37052
37053
37056
37063
37067
37078
37084
37095
37098
37105
37106
37107
37114
37116
37120
37123
37127
37144
37159
37161
37165
37173
37184
37190
37193
37217
37219
37220
37230
37239
37246
37247
37266
37269
37270
37274
37278
37279
37280
37282
37285
37286
37302
37308
37309
37310
37317
37324
37326
37334
37352
37359
37360
37368
37374
37382
37383
37385
37386
37388
37398
37409
37427
37431
37432
37455
37459
37460
37461
37463
37472
37480
37486
37493
37496
37497
37503
37507
37516
37530
37542
37546
37549
37554
37561
37564
37573
37584
37592
37593
37598
37605
37609
37613
37625
37631
37636
37639
37640
37641
37643
37651
37654
37655
37663
37670
37675
37696
37699
37703
37718
37719
37720
37724
37728
37729
37736
37740
37747
37749
37762
37764
37771
37774
37775
37780
37781
37786
37790
37792
37794
37805
37816
37819
37820
37827
37832
37833
37836
37837
37838
37840
37855
37858
37861
37894
37897
37899
37900
37908
37909
37913
37916
37935
37962
37963
37983
37990
37996
37999
38009
38025
38064
38077
38092
38097
38106
38108
38121
38122
38123
38138
38145
38148
38153
38157
38170
38172
38178
38183
38184
38186
38191
38193
38201
38203
38205
38207
38212
38215
38218
38224
38230
38235
38248
38254
38263
38271
38273
38283
38289
38296
38301
38304
38309
38336
38345
38347
38351
38357
38358
38359
38366
38367
38389
38399
38400
38406
38412
38428
38432
38437
38440
38441
38452
38453
38454
38459
38487
38501
38502
38517
38518
38533
38539
38552
38553
38556
38562
38570
38581
38582
38597
38600
38601
38619
38620
38629
38643
38647
38648
38657
38660
38661
38662
38667
38672
38674
38682
38688
38697
38714
38723
38733
38738
38739
38744
38752
38762
38780
38784
38788
38794
38795
38796
38797
38808
38810
38817
38818
38819
38826
38833
38837
38838
38839
38843
38852
38854
38861
38863
38872
38875
38876
38879
38885
38888
38904
38912
38917
38924
38926
38927
38946
38948
38962
38963
38970
38973
38978
38979
38981
38987
39000
39008
39009
39013
39018
39019
39020
39028
39030
39037
39038
39050
39055
39061
39066
39067
39076
39077
39078
39084
39098
39099
39110
39119
39122
39131
39143
39148
39153
39156
39161
39192
39195
39199
39206
39209
39210
39221
39225
39226
39247
39248
39250
39259
39260
39262
39263
39265
39271
39275
39283
39287
39299
39301
39303
39316
39322
39330
39344
39345
39347
39358
39373
39379
39383
39384
39388
39407
39432
39433
39434
39435
39436
39439
39452
39454
39461
39466
39474
39482
39499
39516
39519
39530
39541
39547
39569
39573
39575
39585
39603
39609
39612
39618
39621
39624
39632
39637
39641
39643
39646
39647
39662
39665
39671
39690
39699
39708
39721
39728
39736
39744
39747
39755
39757
39765
39773
39776
39786
39789
39793
39804
39806
39807
39820
39822
39823
39824
39832
39838
39873
39876
39889
39899
39904
39911
39917
39920
39923
39931
39934
39953
39957
39959
39963
39967
39971
39976
39994
40005
40021
40035
40036
40044
40059
40068
40081
40091
40092
40101
40103
40107
40110
40111
40132
40154
40155
40164
40167
40170
40172
40173
40182
40187
40189
40198
40200
40212
40234
40235
40237
40253
40257
40264
40266
40267
40282
40288
40292
40298
40300
40314
40319
40322
40324
40337
40339
40355
40357
40360
40364
40365
40387
40407
40411
40416
40418
40423
40430
40443
40444
40445
40446
40459
40470
40478
40504
40514
40516
40518
40519
40534
40541
40542
40544
40545
40547
40550
40553
40557
40558
40568
40580
40582
40583
40585
40592
40595
40600
40604
40619
40621
40625
40630
40631
40632
40641
40647
40650
40665
40675
40681
40687
40691
40693
40694
40696
40697
40698
40699
40701
40705
40714
40715
40718
40724
40726
40727
40729
40738
40748
40754
40756
40770
40777
40783
40784
40795
40811
40815
40817
40820
40824
40825
40836
40839
40844
40845
40855
40857
40874
40889
40907
40910
40919
40929
40932
40940
40946
40947
40948
40961
40969
40971
40977
40991
40994
41015
41018
41025
41035
41038
41048
41050
41067
41074
41085
41089
41092
41095
41100
41108
41116
41118
41132
41138
41147
41156
41161
41178
41180
41183
41186
41194
41207
41210
41212
41218
41222
41223
41228
41238
41242
41243
41251
41273
41276
41281
41292
41294
41295
41301
41303
41304
41307
41315
41327
41330
41332
41333
41339
41348
41350
41354
41360
41374
41387
41389
41393
41407
41409
41417
41421
41428
41433
41434
41441
41446
41448
41449
41462
41482
41488
41494
41496
41497
41510
41512
41514
41515
41517
41519
41524
41529
41532
41533
41534
41536
41544
41554
41559
41561
41562
41576
41579
41582
41585
41616
41632
41638
41641
41656
41659
41660
41666
41668
41683
41690
41705
41711
41716
41727
41741
41743
41757
41761
41776
41779
41787
41811
41818
41824
41845
41855
41858
41861
41862
41863
41866
41867
41871
41881
41885
41886
41887
41890
41896
41903
41904
41905
41916
41919
41920
41937
41939
41940
41946
41958
41959
41964
41970
41972
41982
41984
41986
42003
42020
42023
42031
42032
42034
42045
42051
42052
42053
42054
42069
42071
42081
42087
42093
42096
42104
42108
42114
42122
42135
42139
42148
42150
42151
42164
42175
42197
42201
42205
42212
42219
42244
42252
42258
42260
42269
42274
42275
42280
42287
42289
42310
42313
42315
42318
42325
42332
42343
42358
42361
42383
42396
42402
42413
42414
42424
42426
42430
42431
42432
42437
42439
42445
42450
42451
42459
42460
42482
42514
42531
42538
42549
42561
42565
42576
42583
42588
42589
42597
42602
42605
42628
42631
42635
42636
42650
42671
42679
42683
42688
42689
42696
42704
42705
42722
42724
42725
42740
42746
42751
42755
42771
42780
42784
42805
42822
42825
42828
42837
42840
42844
42848
42850
42864
42870
42883
42887
42893
42898
42901
42902
42904
42905
42912
42918
42919
42925
42926
42933
42951
42960
42965
42980
42983
42985
42989
42996
43004
43015
43019
43027
43032
43039
43055
43067
43069
43084
43089
43090
43091
43098
43102
43161
43166
43172
43175
43178
43184
43185
43189
43190
43194
43208
43222
43224
43230
43234
43244
43258
43264
43265
43268
43270
43273
43277
43279
43284
43298
43302
43325
43326
43329
43342
43344
43352
43362
43363
43369
43373
43378
43388
43392
43393
43401
43407
43414
43417
43418
43424
43429
43447
43448
43459
43460
43461
43465
43470
43477
43480
43486
43487
43488
43503
43506
43508
43511
43515
43527
43528
43533
43538
43541
43565
43571
43578
43580
43585
43591
43608
43617
43619
43626
43628
43629
43634
43637
43651
43657
43659
43660
43671
43672
43677
43681
43692
43694
43696
43699
43700
43708
43716
43723
43740
43741
43751
43760
43764
43781
43782
43783
43785
43792
43797
43804
43820
43823
43828
43830
43833
43837
43844
43845
43846
43853
43867
43868
43872
43873
43876
43885
43920
43921
43933
43940
43949
43961
43967
43972
44004
44006
44012
44013
44015
44023
44029
44044
44047
44052
44058
44060
44082
44085
44107
44108
44111
44112
44119
44121
44125
44130
44134
44178
44179
44188
44192
44193
44195
44197
44203
44209
44222
44227
44233
44236
44239
44240
44241
44257
44263
44274
44285
44288
44293
44296
44300
44301
44311
44314
44317
44328
44334
44337
44360
44367
44384
44396
44405
44411
44415
44416
44418
44421
44424
44425
44430
44432
44434
44444
44453
44454
44472
44477
44480
44485
44497
44498
44500
44507
44512
44513
44514
44516
44518
44525
44538
44547
44550
44558
44560
44583
44586
44592
44596
44600
44605
44628
44636
44637
44639
44646
44657
44658
44665
44668
44672
44679
44687
44694
44698
44701
44716
44724
44737
44747
44763
44779
44783
44786
44792
44796
44821
44836
44849
44852
44854
44857
44859
44862
44875
44882
44905
44909
44910
44923
44926
44937
44941
44948
44950
44952
44957
44971
44974
44979
44985
45008
45017
45020
45042
45050
45053
45055
45062
45065
45067
45068
45074
45075
45082
45084
45092
45094
45096
45103
45106
45108
45125
45132
45133
45154
45160
45180
45181
45182
45183
45184
45186
45189
45190
45221
45224
45231
45234
45249
45252
45253
45284
45287
45295
45298
45299
45300
45301
45324
45333
45354
45365
45371
45373
45375
45379
45401
45406
45407
45408
45411
45416
45417
45419
45422
45430
45441
45458
45463
45465
45467
45471
45480
45497
45504
45506
45517
45521
45535
45548
45549
45552
45557
45564
45570
45580
45584
45604
45616
45640
45643
45648
45650
45663
45667
45673
45674
45677
45680
45686
45687
45704
45709
45720
45727
45733
45741
45742
45743
45775
45777
45783
45791
45804
45810
45821
45824
45827
45841
45843
45846
45852
45854
45867
45868
45878
45881
45892
45893
45896
45898
45900
45909
45910
45918
45919
45924
45939
45940
45943
45947
45953
45954
45955
45956
45959
45964
45980
45988
45994
45995
46006
46015
46016
46019
46023
46024
46026
46033
46038
46040
46041
46045
46048
46060
46067
46068
46073
46075
46078
46079
46092
46094
46096
46097
46098
46124
46125
46130
46133
46136
46140
46150
46155
46175
46176
46184
46186
46188
46191
46192
46206
46214
46224
46230
46233
46238
46250
46252
46256
46265
46274
46280
46284
46286
46294
46296
46298
46300
46301
46304
46307
46317
46325
46327
46329
46347
46349
46351
46360
46368
46369
46371
46376
46390
46408
46412
46414
46420
46423
46425
46427
46438
46451
46452
46456
46464
46488
46496
46501
46509
46515
46518
46522
46523
46533
46535
46537
46540
46541
46546
46548
46557
46571
46577
46580
46583
46587
46597
46600
46603
46621
46628
46631
46633
46650
46657
46659
46669
46670
46673
46676
46686
46689
46691
46698
46709
46710
46719
46723
46724
46725
46745
46746
46748
46766
46778
46787
46793
46796
46800
46803
46816
46828
46835
46836
46840
46841
46847
46853
46857
46860
46861
46867
46871
46874
46879
46880
46883
46886
46911
46919
46924
46925
46928
46940
46954
46969
46973
46975
46990
46996
46997
47013
47018
47019
47021
47037
47043
47048
47055
47056
47057
47059
47061
47067
47107
47112
47119
47124
47127
47130
47133
47145
47146
47149
47151
47156
47164
47169
47178
47187
47194
47238
47245
47254
47255
47256
47271
47273
47274
47275
47290
47295
47297
47300
47304
47308
47317
47318
47327
47328
47334
47340
47344
47348
47351
47353
47358
47364
47365
47376
47382
47399
47404
47405
47417
47426
47429
47434
47440
47441
47450
47456
47461
47463
47468
47472
47480
47483
47484
47497
47500
47501
47506
47508
47509
47513
47517
47521
47529
47531
47536
47541
47547
47554
47577
47578
47581
47585
47587
47592
47593
47624
47625
47630
47633
47634
47642
47655
47659
47663
47665
47670
47675
47676
47691
47700
47704
47707
47724
47727
47758
47771
47777
47781
47782
47784
47786
47791
47804
47808
47811
47814
47818
47835
47853
47863
47873
47888
47891
47894
47902
47905
47907
47910
47913
47917
47919
47921
47922
47929
47938
47942
47944
47953
47955
47957
47958
47961
47967
47979
47980
47991
47992
47993
47995
48017
48020
48028
48030
48033
48056
48059
48062
48068
48071
48075
48084
48089
48102
48106
48113
48121
48123
48131
48154
48180
48188
48190
48193
48194
48204
48207
48225
48227
48242
48248
48257
48269
48270
48288
48294
48299
48309
48311
48321
48325
48326
48328
48332
48333
48349
48361
48369
48370
48371
48380
48384
48385
48387
48391
48393
48394
48400
48413
48416
48418
48421
48422
48428
48430
48439
48440
48445
48447
48451
48460
48475
48476
48478
48505
48506
48508
48512
48521
48524
48526
48530
48534
48541
48544
48552
48565
48572
48575
48578
48586
48590
48596
48605
48622
48627
48631
48632
48641
48643
48646
48651
48652
48673
48674
48685
48691
48693
48699
48702
48712
48721
48723
48726
48727
48734
48742
48743
48745
48746
48753
48754
48760
48769
48773
48777
48798
48801
48807
48812
48818
48820
48821
48823
48841
48844
48847
48854
48855
48859
48863
48872
48882
48886
48887
48899
48902
48904
48908
48910
48914
48936
48955
48961
48964
48965
48966
48967
48971
48972
48974
48978
48983
48990
48993
48998
49000
49001
49006
49025
49027
49029
49041
49053
49058
49079
49092
49100
49101
49102
49114
49126
49139
49153
49157
49159
49165
49173
49183
49191
49192
49208
49214
49217
49218
49229
49234
49246
49249
49251
49257
49261
49264
49266
49267
49268
49274
49287
49293
49299
49309
49310
49314
49317
49333
49346
49351
49352
49358
49360
49367
49379
49381
49389
49408
49416
49431
49436
49438
49446
49453
49456
49457
49461
49462
49464
49465
49466
49475
49483
49485
49487
49488
49493
49500
49507
49508
49515
49526
49541
49556
49557
49561
49563
49564
49571
49574
49576
49577
49583
49585
49586
49595
49603
49621
49622
49623
49626
49631
49635
49639
49670
49680
49683
49688
49694
49699
49700
49704
49706
49712
49720
49729
49733
49741
49757
49761
49771
49778
49783
49784
49785
49792
49808
49820
49824
49825
49832
49833
49839
49847
49856
49862
49867
49871
49878
49879
49900
49903
49911
49913
49921
49922
49930
49937
49941
49945
49948
49959
49960
49965
49968
49976
49984
49989
49990
50000
50002
50010
50011
50018
50022
50041
50043
50046
50056
50057
50063
50070
50071
50076
50078
50081
50096
50103
50104
50119
50121
50126
50129
50139
50141
50149
50153
50164
50165
50167
50177
50180
50189
50190
50199
50201
50205
50206
50208
50209
50228
50230
50234
50235
50236
50238
50242
50251
50253
50258
50259
50260
50261
50270
50272
50295
50297
50298
50300
50318
50321
50322
50323
50330
50333
50334
50338
50340
50343
50353
50360
50366
50369
50380
50381
50383
50390
50395
50398
50400
50407
50418
50421
50422
50425
50428
50437
50438
50441
50442
50447
50454
50456
50457
50465
50466
50467
50468
50471
50478
50482
50491
50492
50510
50515
50529
50530
50539
50548
50555
50558
50563
50583
50586
50588
50599
50602
50603
50604
50608
50610
50611
50612
50613
50614
50643
50644
50650
50657
50664
50665
50671
50674
50678
50681
50701
50713
50719
50720
50729
50734
50751
50752
50757
50761
50789
50791
50794
50796
50808
50834
50835
50838
50842
50851
50860
50869
50871
50876
50880
50891
50894
50896
50900
50924
50929
50930
50937
50948
50952
50971
50975
50976
50979
50986
50990
50991
50996
51003
51005
51009
51015
51023
51026
51034
51036
51039
51040
51057
51061
51064
51074
51077
51080
51083
51085
51087
51091
51094
51100
51102
51103
51108
51111
51114
51121
51126
51127
51128
51129
51133
51141
51147
51149
51159
51161
51163
51166
51169
51188
51199
51205
51214
51219
51224
51232
51235
51244
51248
51254
51259
51269
51271
51273
51274
51288
51292
51298
51300
51305
51307
51320
51323
51331
51341
51345
51348
51352
51366
51377
51383
51385
51388
51404
51410
51414
51422
51427
51442
51444
51451
51453
51459
51462
51471
51478
51479
51489
51492
51510
51511
51522
51524
51525
51526
51529
51535
51538
51539
51555
51557
51561
51573
51576
51588
51590
51592
51597
51614
51617
51618
51637
51638
51649
51651
51664
51668
51671
51675
51681
51685
51687
51695
51703
51718
51726
51728
51746
51753
51759
51763
51765
51796
51798
51808
51812
51824
51847
51848
51849
51860
51862
51873
51880
51881
51882
51884
51886
51889
51891
51893
51898
51901
51905
51915
51937
51942
51943
51946
51957
51964
51971
51978
51981
51982
51983
51991
51993
52009
52017
52019
52022
52025
52026
52027
52028
52029
52035
52037
52039
52053
52054
52055
52056
52058
52062
52080
52084
52090
52094
52097
52106
52108
52125
52129
52138
52147
52166
52175
52181
52182
52190
52201
52228
52258
52259
52266
52273
52282
52287
52292
52294
52298
52301
52308
52312
52318
52331
52350
52362
52363
52371
52373
52374
52383
52393
52395
52401
52405
52407
52412
52429
52432
52440
52444
52448
52455
52457
52461
52468
52480
52482
52484
52488
52490
52491
52496
52501
52505
52524
52526
52544
52555
52565
52570
52589
52590
52595
52619
52644
52653
52657
52663
52666
52667
52671
52672
52673
52674
52677
52681
52683
52686
52688
52695
52702
52706
52717
52719
52721
52735
52743
52753
52762
52774
52776
52781
52788
52793
52798
52804
52812
52816
52822
52835
52842
52862
52874
52884
52886
52892
52914
52917
52919
52922
52925
52929
52931
52938
52945
52955
52986
52990
52992
53008
53027
53044
53052
53056
53067
53069
53076
53083
53087
53093
53094
53097
53100
53109
53111
53112
53115
53117
53126
53131
53135
53139
53143
53147
53152
53159
53162
53177
53184
53191
53194
53196
53197
53206
53229
53234
53235
53264
53275
53288
53289
53291
53292
53294
53297
53298
53306
53311
53314
53319
53336
53341
53351
53363
53364
53368
53384
53390
53391
53393
53402
53414
53416
53417
53419
53427
53429
53431
53436
53439
53449
53450
53456
53460
53462
53466
53467
53468
53474
53479
53480
53484
53488
53496
53500
53507
53514
53515
53521
53534
53542
53543
53544
53554
53571
53576
53578
53579
53581
53591
53594
53601
53620
53635
53648
53650
53669
53674
53676
53682
53685
53693
53698
53707
53710
53719
53733
53735
53741
53748
53758
53766
53775
53782
53784
53788
53793
53795
53813
53815
53831
53833
53842
53845
53847
53848
53864
53880
53885
53890
53899
53900
53903
53925
53944
53948
53954
53967
53977
53986
54011
54012
54015
54016
54033
54045
54053
54054
54063
54073
54075
54077
54085
54094
54098
54099
54100
54101
54108
54112
54132
54136
54137
54144
54159
54163
54169
54172
54174
54179
54182
54190
54199
54200
54201
54204
54217
54220
54222
54227
54229
54230
54237
54250
54251
54252
54258
54263
54270
54276
54281
54285
54292
54294
54298
54312
54321
54327
54329
54330
54337
54346
54354
54365
54375
54381
54382
54383
54391
54396
54398
54401
54402
54413
54415
54416
54433
54436
54439
54445
54450
54457
54458
54462
54466
54476
54481
54483
54490
54492
54506
54510
54513
54526
54531
54542
54546
54548
54553
54555
54558
54561
54566
54567
54576
54577
54581
54588
54593
54601
54602
54606
54609
54611
54625
54646
54653
54658
54664
54681
54685
54698
54727
54731
54735
54741
54748
54750
54752
54764
54766
54770
54777
54784
54785
54788
54789
54791
54794
54800
54805
54816
54818
54834
54835
54847
54859
54874
54877
54885
54888
54890
54892
54898
54905
54908
54937
54942
54968
54976
54978
54984
54990
54995
55023
55028
55030
55031
55032
55049
55051
55053
55067
55081
55083
55092
55106
55109
55110
55112
55116
55119
55121
55124
55135
55140
55148
55155
55159
55162
55173
55182
55189
55194
55195
55202
55203
55207
55218
55219
55222
55233
55238
55239
55242
55243
55246
55255
55269
55270
55273
55276
55277
55289
55291
55294
55296
55299
55307
55311
55316
55326
55330
55333
55336
55347
55360
55363
55373
55374
55376
55380
55390
55394
55395
55410
55422
55424
55428
55430
55435
55440
55441
55442
55443
55445
55459
55466
55467
55468
55469
55485
55488
55493
55497
55500
55508
55509
55510
55512
55513
55516
55520
55523
55524
55529
55542
55554
55555
55557
55564
55574
55580
55583
55586
55589
55590
55593
55611
55612
55619
55623
55626
55630
55643
55648
55660
55664
55671
55673
55676
55677
55681
55688
55690
55697
55701
55708
55709
55711
55716
55720
55732
55751
55754
55758
55759
55767
55768
55769
55771
55778
55779
55788
55790
55794
55799
55800
55803
55807
55810
55821
55831
55832
55843
55850
55856
55858
55866
55868
55881
55885
55888
55890
55912
55921
55927
55929
55930
55941
55949
55958
55968
55969
55970
55977
55979
55982
55983
55992
56021
56030
56036
56038
56049
56058
56060
56065
56066
56068
56073
56078
56088
56097
56103
56105
56106
56115
56116
56124
56132
56141
56153
56172
56183
56186
56190
56194
56201
56210
56212
56225
56227
56230
56232
56238
56241
56245
56250
56262
56276
56285
56290
56297
56300
56301
56307
56324
56330
56333
56334
56338
56339
56344
56349
56358
56374
56381
56382
56384
56393
56394
56403
56412
56415
56416
56418
56419
56423
56429
56437
56439
56441
56456
56459
56468
56474
56488
56492
56496
56497
56516
56521
56523
56525
56527
56538
56540
56546
56551
56563
56566
56570
56594
56596
56602
56604
56617
56632
56635
56645
56653
56656
56659
56660
56671
56673
56675
56681
56682
56685
56686
56687
56700
56701
56706
56707
56709
56720
56726
56728
56733
56737
56738
56744
56760
56772
56774
56777
56778
56779
56783
56784
56813
56818
56824
56825
56827
56840
56845
56851
56875
56880
56885
56887
56892
56907
56918
56932
56940
56945
56947
56948
56953
56956
56962
56968
56969
56988
56990
56993
57009
57012
57021
57024
57029
57030
57031
57037
57038
57042
57046
57048
57051
57054
57057
57060
57062
57065
57066
57081
57100
57104
57122
57123
57132
57133
57143
57152
57153
57169
57176
57179
57185
57188
57194
57202
57220
57231
57232
57248
57254
57257
57260
57263
57269
57271
57279
57300
57305
57313
57314
57317
57332
57344
57356
57358
57364
57367
57368
57374
57377
57387
57389
57401
57408
57415
57433
57450
57451
57454
57459
57469
57478
57480
57482
57489
57493
57494
57501
57508
57510
57519
57526
57530
57531
57553
57564
57567
57568
57569
57570
57574
57575
57592
57596
57601
57603
57608
57613
57626
57627
57633
57636
57640
57652
57653
57660
57661
57662
57663
57668
57674
57681
57683
57684
57687
57695
57698
57704
57705
57712
57715
57716
57724
57726
57727
57729
57738
57739
57749
57751
57755
57763
57764
57772
57787
57788
57802
57813
57820
57841
57842
57846
57857
57858
57863
57864
57871
57874
57875
57881
57886
57889
57892
57893
57901
57903
57907
57918
57938
57941
57942
57944
57949
57951
57959
57960
57973
57974
57992
57993
57997
58014
58022
58026
58030
58037
58046
58048
58049
58052
58062
58063
58064
58068
58070
58074
58078
58087
58088
58097
58099
58103
58111
58115
58117
58128
58154
58159
58161
58174
58176
58182
58184
58191
58194
58203
58204
58210
58212
58215
58217
58238
58248
58253
58261
58283
58290
58327
58330
58333
58334
58335
58336
58342
58343
58347
58348
58355
58359
58362
58373
58377
58379
58383
58385
58389
58392
58396
58407
58419
58425
58426
58440
58444
58450
58454
58476
58480
58481
58490
58496
58506
58510
58511
58512
58523
58525
58528
58531
58540
58541
58543
58544
58558
58559
58564
58565
58566
58570
58573
58574
58580
58588
58590
58604
58606
58609
58611
58627
58628
58637
58642
58648
58651
58660
58662
58668
58670
58671
58678
58681
58686
58695
58696
58698
58699
58702
58704
58706
58718
58722
58725
58726
58731
58738
58747
58757
58759
58760
58764
58766
58777
58787
58788
58789
58790
58796
58804
58809
58814
58829
58830
58833
58839
58840
58845
58846
58853
58854
58856
58860
58866
58881
58889
58896
58897
58903
58906
58913
58917
58922
58929
58942
58943
58947
58954
58957
58959
58968
58969
58970
58977
58982
58985
58986
58991
58995
58997
59004
59005
59020
59036
59039
59043
59047
59048
59054
59070
59071
59072
59079
59081
59083
59095
59102
59110
59112
59114
59127
59129
59136
59156
59182
59187
59190
59191
59196
59197
59217
59222
59243
59262
59268
59273
59278
59282
59288
59307
59315
59342
59345
59348
59349
59360
59365
59373
59375
59378
59390
59392
59393
59395
59414
59416
59420
59428
59432
59433
59434
59443
59444
59450
59455
59456
59458
59459
59460
59469
59488
59491
59498
59507
59512
59517
59518
59520
59523
59528
59531
59533
59536
59539
59545
59554
59564
59569
59573
59578
59579
59584
59594
59597
59599
59608
59609
59611
59616
59626
59636
59640
59646
59648
59649
59651
59657
59662
59670
59677
59682
59684
59690
59691
59694
59697
59698
59704
59706
59709
59716
59723
59724
59733
59739
59752
59754
59760
59761
59768
59780
59788
59804
59806
59815
59827
59841
59849
59851
59855
59859
59861
59869
59871
59873
59875
59877
59882
59885
59886
59893
59894
59896
59900
59908
59918
59921
59922
59927
59929
59933
59934
59935
59946
59947
59948
59950
59954
59957
59959
59963
59993
60001
60005
60008
60015
60018
60023
60053
60062
60079
60080
60083
60087
60091
60099
60103
60105
60109
60138
60141
60145
60151
60152
60159
60161
60169
60176
60179
60182
60189
60203
60205
60208
60209
60211
60220
60223
60227
60236
60243
60259
60261
60264
60270
60273
60277
60289
60290
60295
60297
60328
60331
60345
60356
60357
60365
60371
60373
60377
60387
60392
60408
60426
60431
60445
60450
60451
60455
60467
60472
60474
60481
60491
60496
60502
60519
60521
60522
60534
60535
60538
60541
60550
60582
60597
60604
60606
60610
60613
60627
60629
60630
60639
60662
60663
60664
60670
60672
60673
60675
60701
60706
60709
60712
60714
60720
60721
60724
60725
60728
60730
60736
60740
60749
60751
60757
60759
60762
60778
60781
60782
60808
60809
60823
60842
60848
60854
60893
60915
60917
60922
60923
60929
60935
60936
60940
60941
60946
60948
60951
60958
60965
60966
60970
60979
60980
60996
61003
61005
61021
61028
61031
61033
61038
61041
61052
61060
61066
61068
61090
61093
61100
61105
61108
61134
61147
61156
61158
61164
61168
61179
61182
61184
61208
61209
61212
61219
61230
61241
61246
61248
61254
61266
61270
61271
61285
61286
61297
61300
61305
61308
61313
61320
61325
61330
61334
61343
61350
61364
61373
61379
61380
61386
61387
61388
61392
61396
61412
61415
61417
61424
61427
61432
61435
61446
61448
61451
61456
61458
61461
61464
61471
61473
61487
61490
61492
61499
61500
61504
61507
61510
61512
61513
61515
61517
61520
61536
61538
61539
61549
61552
61553
61563
61569
61576
61578
61579
61586
61601
61606
61609
61617
61619
61628
61631
61633
61638
61639
61641
61650
61659
61666
61668
61680
61688
61695
61701
61706
61711
61713
61738
61739
61743
61745
61746
61763
61771
61785
61786
61791
61810
61814
61818
61820
61821
61822
61830
61835
61844
61848
61851
61855
61860
61870
61874
61880
61889
61891
61898
61906
61913
61925
61929
61944
61945
61946
61956
61960
61963
61968
61971
61983
61985
61987
61992
61995
62008
62013
62024
62033
62044
62061
62068
62070
62074
62076
62086
62091
62092
62093
62099
62102
62103
62104
62106
62118
62124
62130
62137
62148
62150
62159
62166
62173
62178
62180
62182
62183
62185
62205
62215
62216
62219
62228
62229
62237
62241
62242
62247
62250
62251
62252
62258
62264
62266
62269
62274
62277
62278
62282
62298
62304
62316
62317
62318
62326
62346
62361
62363
62367
62368
62369
62372
62373
62388
62394
62396
62397
62399
62402
62403
62404
62409
62410
62412
62416
62420
62429
62431
62455
62456
62459
62462
62475
62486
62487
62493
62494
62495
62509
62510
62511
62512
62513
62514
62517
62519
62520
62521
62522
62534
62544
62549
62553
62564
62577
62578
62586
62589
62591
62592
62596
62611
62612
62614
62628
62630
62633
62647
62650
62654
62655
62658
62664
62667
62671
62672
62675
62684
62686
62687
62688
62697
62700
62715
62724
62737
62743
62752
62755
62758
62764
62772
62778
62779
62802
62806
62813
62845
62857
62858
62861
62864
62868
62869
62870
62872
62892
62907
62909
62910
62911
62926
62935
62937
62944
62967
62973
62977
62978
62980
62990
62993
62998
63000
63004
63005
63016
63023
63033
63045
63046
63053
63054
63062
63064
63068
63069
63079
63084
63086
63092
63105
63107
63118
63124
63130
63143
63147
63156
63157
63158
63163
63170
63173
63182
63188
63192
63201
63202
63207
63210
63212
63214
63216
63237
63242
63243
63246
63251
63252
63256
63262
63264
63291
63294
63297
63311
63318
63328
63329
63333
63334
63338
63341
63347
63354
63355
63371
63375
63381
63382
63386
63388
63389
63394
63417
63420
63422
63425
63430
63433
63444
63448
63454
63464
63467
63469
63472
63477
63482
63485
63487
63491
63493
63497
63504
63506
63517
63522
63523
63539
63542
63543
63546
63552
63570
63572
63576
63579
63586
63596
63606
63612
63615
63624
63631
63632
63635
63647
63652
63662
63668
63672
63675
63678
63681
63684
63690
63691
63692
63696
63702
63719
63724
63737
63740
63753
63762
63776
63785
63788
63789
63798
63803
63805
63806
63815
63817
63833
63834
63842
63844
63852
63853
63857
63872
63873
63877
63878
63881
63882
63884
63885
63887
63889
63896
63901
63908
63918
63922
63925
63927
63932
63937
63946
63956
63966
63972
63977
63983
63986
63994
64004
64006
64032
64034
64035
64037
64041
64044
64045
64053
64071
64074
64075
64082
64093
64095
64099
64106
64113
64116
64118
64123
64138
64151
64159
64160
64165
64167
64181
64192
64197
64200
64206
64208
64222
64232
64234
64238
64241
64250
64251
64252
64254
64256
64258
64266
64288
64295
64297
64298
64304
64305
64313
64314
64316
64318
64319
64320
64332
64333
64337
64340
64342
64345
64363
64368
64371
64378
64383
64389
64393
64406
64409
64415
64418
64428
64440
64447
64449
64454
64457
64460
64462
64465
64477
64481
64499
64517
64520
64522
64526
64537
64544
64553
64561
64562
64563
64584
64586
64594
64606
64608
64619
64634
64637
64645
64656
64660
64667
64671
64677
64687
64700
64701
64708
64709
64716
64718
64725
64727
64729
64733
64738
64741
64746
64747
64749
64750
64754
64769
64790
64799
64804
64811
64821
64824
64833
64836
64837
64838
64851
64852
64853
64856
64859
64866
64873
64883
64891
64916
64922
64925
64927
64936
64939
64945
64947
64948
64952
64958
64961
64962
64976
64987
64992
64993
64995
64999
65001
65003
65004
65008
65015
65021
65034
65042
65049
65055
65060
65066
65073
65079
65093
65106
65108
65112
65116
65118
65119
65123
65126
65141
65157
65171
65177
65178
65183
65197
65198
65204
65207
65209
65216
65226
65237
65241
65252
65255
65257
65263
65264
65267
65277
65279
65292
65294
65299
65315
65319
65326
65333
65337
65338
65346
65351
65354
65357
65361
65363
65364
65365
65376
65381
65410
65421
65430
65455
65456
65458
65467
65469
65472
65481
65482
65484
65487
65488
65495
65500
65501
65507
65510
65513
65517
65519
65526
65530
65531
65541
65561
65563
65564
65568
65574
65581
65583
65586
65588
65604
65609
65610
65615
65620
65626
65635
65643
65644
65650
65651
65652
65660
65665
65671
65674
65681
65684
65690
65695
65700
65702
65703
65708
65712
65713
65716
65717
65725
65729
65730
65733
65737
65742
65746
65751
65761
65762
65764
65767
65772
65780
65782
65784
65785
65786
65819
65827
65837
65847
65853
65854
65865
65868
65874
65893
65895
65897
65901
65905
65911
65924
65928
65932
65933
65938
65943
65946
65951
65960
65965
65966
65978
65983
65986
65987
66011
66014
66028
66029
66031
66039
66043
66069
66076
66078
66079
66080
66083
66090
66098
66099
66111
66112
66123
66124
66125
66126
66133
66147
66148
66154
66161
66167
66172
66182
66186
66188
66207
66213
66223
66226
66228
66230
66235
66240
66247
66262
66268
66273
66275
66279
66281
66283
66284
66292
66297
66299
66305
66306
66307
66309
66318
66325
66326
66331
66335
66336
66365
66367
66368
66370
66375
66384
66399
66403
66415
66417
66425
66427
66431
66434
66437
66440
66449
66455
66456
66476
66490
66494
66504
66506
66522
66534
66540
66542
66543
66547
66560
66580
66591
66594
66601
66608
66624
66632
66633
66646
66647
66651
66660
66661
66663
66675
66685
66701
66716
66719
66721
66723
66725
66729
66736
66746
66760
66766
66769
66793
66794
66796
66798
66799
66803
66806
66825
66838
66839
66844
66846
66847
66867
66870
66871
66889
66893
66903
66910
66913
66923
66932
66934
66938
66941
66942
66946
66949
66958
66986
66993
67001
67011
67018
67020
67021
67023
67024
67025
67030
67039
67051
67052
67056
67060
67073
67076
67093
67102
67104
67108
67109
67126
67128
67131
67136
67144
67148
67149
67151
67153
67154
67162
67166
67177
67191
67196
67198
67202
67206
67213
67216
67228
67238
67242
67246
67262
67263
67268
67274
67290
67293
67311
67319
67326
67330
67338
67339
67346
67358
67364
67384
67402
67407
67414
67418
67422
67428
67429
67439
67452
67461
67477
67484
67487
67493
67496
67502
67506
67517
67519
67523
67525
67532
67557
67559
67563
67569
67573
67581
67583
67591
67598
67608
67610
67611
67612
67614
67617
67618
67625
67628
67629
67635
67636
67639
67641
67645
67656
67659
67670
67677
67689
67694
67706
67709
67719
67726
67729
67730
67739
67741
67747
67749
67755
67766
67768
67770
67777
67783
67786
67806
67811
67823
67828
67829
67835
67843
67853
67858
67859
67890
67907
67911
67917
67926
67943
67944
67946
67948
67962
67964
67973
67986
67989
68002
68004
68008
68013
68023
68027
68030
68035
68037
68041
68059
68065
68075
68081
68087
68088
68095
68098
68101
68104
68106
68111
68133
68136
68142
68169
68170
68197
68198
68199
68205
68206
68215
68217
68220
68225
68230
68235
68236
68239
68240
68242
68245
68251
68264
68266
68273
68279
68281
68285
68291
68301
68304
68310
68313
68320
68322
68324
68330
68333
68337
68350
68366
68367
68374
68376
68379
68386
68389
68392
68393
68398
68417
68420
68429
68431
68439
68445
68448
68449
68453
68476
68483
68488
68493
68494
68516
68518
68528
68530
68537
68539
68542
68547
68549
68550
68556
68565
68575
68608
68609
68610
68629
68635
68640
68643
68650
68657
68660
68662
68663
68666
68671
68675
68683
68684
68707
68725
68727
68733
68741
68754
68759
68760
68794
68804
68811
68812
68824
68834
68836
68837
68842
68857
68878
68889
68891
68900
68912
68915
68921
68926
68934
68936
68941
68942
68943
68963
68966
68976
68980
68984
68989
68991
68994
69002
69005
69012
69014
69021
69022
69028
69047
69050
69055
69060
69061
69069
69070
69083
69096
69099
69111
69116
69120
