0
12000
24000
36000
48000
60000
72000
84000
96000
108000
120000
132000
144000
156000
168000
180000
192000
204000
216000
228000
240000
252000
264000
276000
288000
300000
312000
324000
336000
348000
360000
372000
384000
396000
408000
420000
432000
444000
456000
468000
480000
492000
504000
516000
528000
540000
552000
564000
576000
588000
600000
612000
624000
636000
648000
660000
672000
684000
696000
708000
720000
732000
744000
756000
768000
780000
792000
804000
816000
828000
840000
852000
864000
876000
888000
900000
912000
924000
936000
948000
960000
972000
984000
996000
1008000
1020000
1032000
1044000
1056000
1068000
1080000
1092000
1104000
1116000
1128000
1140000
1152000
1164000
1176000
1188000
1200000
1212000
1224000
1236000
1248000
1260000
1272000
1284000
1296000
1308000
1320000
1332000
1344000
1356000
1368000
1380000
1392000
1404000
1416000
1428000
1440000
1452000
1464000
1476000
1488000
1500000
1512000
1524000
1536000
1548000
1560000
1572000
1584000
1596000
1608000
1620000
1632000
1644000
1656000
1668000
1680000
1692000
1704000
1716000
1728000
1740000
1752000
1764000
1776000
1788000
1800000
1812000
1824000
1836000
1848000
1860000
1872000
1884000
1896000
1908000
1920000
1932000
1944000
1956000
1968000
1980000
1992000
2004000
2016000
2028000
2040000
2052000
2064000
2076000
2088000
2100000
2112000
2124000
2136000
2148000
2160000
2172000
2184000
2196000
2208000
2220000
2232000
2244000
2256000
2268000
2280000
2292000
2304000
2316000
2328000
2340000
2352000
2364000
2376000
2388000
2400000
2412000
2424000
2436000
2448000
2460000
2472000
2484000
2496000
2508000
2520000
2532000
2544000
2556000
2568000
2580000
2592000
2604000
2616000
2628000
2640000
2652000
2664000
2676000
2688000
2700000
2712000
2724000
2736000
2748000
2760000
2772000
2784000
2796000
2808000
2820000
2832000
2844000
2856000
2868000
2880000
2892000
2904000
2916000
2928000
2940000
2952000
2964000
2976000
2988000
3000000
3012000
3024000
3036000
3048000
3060000
3072000
3084000
3096000
3108000
3120000
3132000
3144000
3156000
3168000
3180000
3192000
3204000
3216000
3228000
3240000
3252000
3264000
3276000
3288000
3300000
3312000
3324000
3336000
3348000
3360000
3372000
3384000
3396000
3408000
3420000
3432000
3444000
3456000
3468000
3480000
3492000
3504000
3516000
3528000
3540000
3552000
3564000
3576000
3588000
3600000
3612000
3624000
3636000
3648000
3660000
3672000
3684000
3696000
3708000
3720000
3732000
3744000
3756000
3768000
3780000
3792000
3804000
3816000
3828000
3840000
3852000
3864000
3876000
3888000
3900000
3912000
3924000
3936000
3948000
3960000
3972000
3984000
3996000
4008000
4020000
4032000
4044000
4056000
4068000
4080000
4092000
4104000
4116000
4128000
4140000
4152000
4164000
4176000
4188000
4200000
4212000
4224000
4236000
4248000
4260000
4272000
4284000
4296000
4308000
4320000
4332000
4344000
4356000
4368000
4380000
4392000
4404000
4416000
4428000
4440000
4452000
4464000
4476000
4488000
4500000
4512000
4524000
4536000
4548000
4560000
4572000
4584000
4596000
4608000
4620000
4632000
4644000
4656000
4668000
4680000
4692000
4704000
4716000
4728000
4740000
4752000
4764000
4776000
4788000
4800000
4812000
4824000
4836000
4848000
4860000
4872000
4884000
4896000
4908000
4920000
4932000
4944000
4956000
4968000
4980000
4992000
5004000
5016000
5028000
5040000
5052000
5064000
5076000
5088000
5100000
5112000
5124000
5136000
5148000
5160000
5172000
5184000
5196000
5208000
5220000
5232000
5244000
5256000
5268000
5280000
5292000
5304000
5316000
5328000
5340000
5352000
5364000
5376000
5388000
5400000
5412000
5424000
5436000
5448000
5460000
5472000
5484000
5496000
5508000
5520000
5532000
5544000
5556000
5568000
5580000
5592000
5604000
5616000
5628000
5640000
5652000
5664000
5676000
5688000
5700000
5712000
5724000
5736000
5748000
5760000
5772000
5784000
5796000
5808000
5820000
5832000
5844000
5856000
5868000
5880000
5892000
5904000
5916000
5928000
5940000
5952000
5964000
5976000
5988000
6000000
6012000
6024000
6036000
6048000
6060000
6072000
6084000
6096000
6108000
6120000
6132000
6144000
6156000
6168000
6180000
6192000
6204000
6216000
6228000
6240000
6252000
6264000
6276000
6288000
6300000
6312000
6324000
6336000
6348000
6360000
6372000
6384000
6396000
6408000
6420000
6432000
6444000
6456000
6468000
6480000
6492000
6504000
6516000
6528000
6540000
6552000
6564000
6576000
6588000
6600000
6612000
6624000
6636000
6648000
6660000
6672000
6684000
6696000
6708000
6720000
6732000
6744000
6756000
6768000
6780000
6792000
6804000
6816000
6828000
6840000
6852000
6864000
6876000
6888000
6900000
6912000
6924000
6936000
6948000
6960000
6972000
6984000
6996000
7008000
7020000
7032000
7044000
7056000
7068000
7080000
7092000
7104000
7116000
7128000
7140000
7152000
7164000
7176000
7188000
7200000
7212000
7224000
7236000
7248000
7260000
7272000
7284000
7296000
7308000
7320000
7332000
7344000
7356000
7368000
7380000
7392000
7404000
7416000
7428000
7440000
7452000
7464000
7476000
7488000
7500000
7512000
7524000
7536000
7548000
7560000
7572000
7584000
7596000
7608000
7620000
7632000
7644000
7656000
7668000
7680000
7692000
7704000
7716000
7728000
7740000
7752000
7764000
7776000
7788000
7800000
7812000
7824000
7836000
7848000
7860000
7872000
7884000
7896000
7908000
7920000
7932000
7944000
7956000
7968000
7980000
7992000
8004000
8016000
8028000
8040000
8052000
8064000
8076000
8088000
8100000
8112000
8124000
8136000
8148000
8160000
8172000
8184000
8196000
8208000
8220000
8232000
8244000
8256000
8268000
8280000
8292000
8304000
8316000
8328000
8340000
8352000
8364000
8376000
8388000
8400000
8412000
8424000
8436000
8448000
8460000
8472000
8484000
8496000
8508000
8520000
8532000
8544000
8556000
8568000
8580000
8592000
8604000
8616000
8628000
8640000
8652000
8664000
8676000
8688000
8700000
8712000
8724000
8736000
8748000
8760000
8772000
8784000
8796000
8808000
8820000
8832000
8844000
8856000
8868000
8880000
8892000
8904000
8916000
8928000
8940000
8952000
8964000
8976000
8988000
9000000
9012000
9024000
9036000
9048000
9060000
9072000
9084000
9096000
9108000
9120000
9132000
9144000
9156000
9168000
9180000
9192000
9204000
9216000
9228000
9240000
9252000
9264000
9276000
9288000
9300000
9312000
9324000
9336000
9348000
9360000
9372000
9384000
9396000
9408000
9420000
9432000
9444000
9456000
9468000
9480000
9492000
9504000
9516000
9528000
9540000
9552000
9564000
9576000
9588000
9600000
9612000
9624000
9636000
9648000
9660000
9672000
9684000
9696000
9708000
9720000
9732000
9744000
9756000
9768000
9780000
9792000
9804000
9816000
9828000
9840000
9852000
9864000
9876000
9888000
9900000
9912000
9924000
9936000
9948000
9960000
9972000
9984000
9996000
10008000
10020000
10032000
10044000
10056000
10068000
10080000
10092000
10104000
10116000
10128000
10140000
10152000
10164000
10176000
10188000
10200000
10212000
10224000
10236000
10248000
10260000
10272000
10284000
10296000
10308000
10320000
10332000
10344000
10356000
10368000
10380000
10392000
10404000
10416000
10428000
10440000
10452000
10464000
10476000
10488000
10500000
10512000
10524000
10536000
10548000
10560000
10572000
10584000
10596000
10608000
10620000
10632000
10644000
10656000
10668000
10680000
10692000
10704000
10716000
10728000
10740000
10752000
10764000
10776000
10788000
10800000
10812000
10824000
10836000
10848000
10860000
10872000
10884000
10896000
10908000
10920000
10932000
10944000
10956000
10968000
10980000
10992000
11004000
11016000
11028000
11040000
11052000
