17000
18000
19000
20000
21000
22000
23000
24000
25000
26000
27000
28000
29000
30000
31000
32000
33000
34000
35000
36000
37000
38000
39000
40000
41000
42000
43000
44000
45000
46000
47000
48000
49000
50000
51000
52000
53000
54000
55000
56000
57000
58000
59000
60000
61000
62000
63000
64000
65000
66000
67000
68000
69000
70000
71000
72000
73000
74000
75000
76000
77000
78000
79000
80000
81000
82000
83000
84000
85000
86000
87000
88000
89000
90000
91000
92000
93000
94000
95000
96000
97000
98000
99000
100000
101000
102000
103000
104000
105000
106000
107000
108000
109000
110000
111000
112000
113000
114000
115000
116000
117000
118000
119000
120000
121000
122000
123000
124000
125000
126000
127000
128000
129000
130000
131000
132000
133000
134000
135000
136000
137000
138000
139000
140000
141000
142000
143000
144000
145000
146000
147000
148000
149000
150000
151000
152000
153000
154000
155000
156000
157000
158000
159000
160000
161000
162000
163000
164000
165000
166000
167000
168000
169000
170000
171000
172000
173000
174000
175000
176000
177000
178000
179000
180000
181000
182000
183000
184000
185000
186000
187000
188000
189000
190000
191000
192000
193000
194000
195000
196000
197000
198000
199000
200000
201000
202000
203000
204000
205000
206000
207000
208000
209000
210000
211000
212000
213000
214000
215000
216000
217000
218000
219000
220000
221000
222000
223000
224000
225000
226000
227000
228000
229000
230000
231000
232000
233000
234000
235000
236000
237000
238000
239000
240000
241000
242000
243000
244000
245000
246000
247000
248000
249000
250000
251000
252000
253000
254000
255000
256000
257000
258000
259000
260000
261000
262000
263000
264000
265000
266000
267000
268000
269000
270000
271000
272000
273000
274000
275000
276000
277000
278000
279000
280000
281000
282000
283000
284000
285000
286000
287000
288000
289000
290000
291000
292000
293000
294000
295000
296000
297000
298000
299000
300000
301000
302000
303000
304000
305000
306000
307000
308000
309000
310000
311000
312000
313000
314000
315000
316000
317000
318000
319000
320000
321000
322000
323000
324000
325000
326000
327000
328000
329000
330000
331000
332000
333000
334000
335000
336000
337000
338000
339000
340000
341000
342000
343000
344000
345000
346000
347000
348000
349000
350000
351000
352000
353000
354000
355000
356000
357000
358000
359000
360000
361000
362000
363000
364000
365000
366000
367000
368000
369000
370000
371000
372000
373000
374000
375000
376000
377000
378000
379000
380000
381000
382000
383000
384000
385000
386000
387000
388000
389000
390000
391000
392000
393000
394000
395000
396000
397000
398000
399000
400000
401000
402000
403000
404000
405000
406000
407000
408000
409000
410000
411000
412000
413000
414000
415000
416000
417000
418000
419000
420000
421000
422000
423000
424000
425000
426000
427000
428000
429000
430000
431000
432000
433000
434000
435000
436000
437000
438000
439000
440000
441000
442000
443000
444000
445000
446000
447000
448000
449000
450000
451000
452000
453000
454000
455000
456000
457000
458000
459000
460000
461000
462000
463000
464000
465000
466000
467000
468000
469000
470000
471000
472000
473000
474000
475000
476000
477000
478000
479000
480000
481000
482000
483000
484000
485000
486000
487000
488000
489000
490000
491000
492000
493000
494000
495000
496000
497000
498000
499000
500000
501000
502000
503000
504000
505000
506000
507000
508000
509000
510000
511000
512000
513000
514000
515000
516000
517000
518000
519000
520000
521000
522000
523000
524000
525000
526000
527000
528000
529000
530000
531000
532000
533000
534000
535000
536000
537000
538000
539000
540000
541000
542000
543000
544000
545000
546000
547000
548000
549000
550000
551000
552000
553000
554000
555000
556000
557000
558000
559000
560000
561000
562000
563000
564000
565000
566000
567000
568000
569000
570000
571000
572000
573000
574000
575000
576000
577000
578000
579000
580000
581000
582000
583000
584000
585000
586000
587000
588000
589000
590000
591000
592000
593000
594000
595000
596000
597000
598000
599000
600000
601000
602000
603000
604000
605000
606000
607000
608000
609000
610000
611000
612000
613000
614000
615000
616000
617000
618000
619000
620000
621000
622000
623000
624000
625000
626000
627000
628000
629000
630000
631000
632000
633000
634000
635000
636000
637000
638000
639000
640000
641000
642000
643000
644000
645000
646000
647000
648000
649000
650000
651000
652000
653000
654000
655000
656000
657000
658000
659000
660000
661000
662000
663000
664000
665000
666000
667000
668000
669000
670000
671000
672000
673000
674000
675000
676000
677000
678000
679000
680000
681000
682000
683000
684000
685000
686000
687000
688000
689000
690000
691000
692000
693000
694000
695000
696000
697000
698000
699000
700000
701000
702000
703000
704000
705000
706000
707000
708000
709000
710000
711000
712000
713000
714000
715000
716000
717000
718000
719000
720000
721000
722000
723000
724000
725000
726000
727000
728000
729000
730000
731000
732000
733000
734000
735000
736000
737000
738000
739000
740000
741000
742000
743000
744000
745000
746000
747000
748000
749000
750000
751000
752000
753000
754000
755000
756000
757000
758000
759000
760000
761000
762000
763000
764000
765000
766000
767000
768000
769000
770000
771000
772000
773000
774000
775000
776000
777000
778000
779000
780000
781000
782000
783000
784000
785000
786000
787000
788000
789000
790000
791000
792000
793000
794000
795000
796000
797000
798000
799000
800000
801000
802000
803000
804000
805000
806000
807000
808000
809000
810000
811000
812000
813000
814000
815000
816000
817000
818000
819000
820000
821000
822000
823000
824000
825000
826000
827000
828000
829000
830000
831000
832000
833000
834000
835000
836000
837000
838000
839000
840000
841000
842000
843000
844000
845000
846000
847000
848000
849000
850000
851000
852000
853000
854000
855000
856000
857000
858000
859000
860000
861000
862000
863000
864000
865000
866000
867000
868000
869000
870000
871000
872000
873000
874000
875000
876000
877000
878000
879000
880000
881000
882000
883000
884000
885000
886000
887000
888000
889000
890000
891000
892000
893000
894000
895000
896000
897000
898000
899000
900000
901000
902000
903000
904000
905000
906000
907000
908000
909000
910000
911000
912000
913000
914000
915000
916000
917000
918000
919000
920000
921000
922000
923000
924000
925000
926000
927000
928000
929000
930000
931000
932000
933000
934000
935000
936000
937000
938000
939000
940000
941000
942000
943000
944000
945000
946000
947000
948000
949000
950000
951000
952000
953000
954000
955000
956000
957000
958000
959000
960000
961000
962000
963000
964000
965000
966000
967000
968000
969000
970000
971000
972000
973000
974000
975000
976000
977000
978000
979000
980000
981000
982000
983000
984000
985000
986000
987000
988000
989000
990000
991000
992000
993000
994000
995000
996000
997000
998000
999000
1000000
1001000
1002000
1003000
1004000
1005000
1006000
1007000
1008000
1009000
1010000
1011000
1012000
1013000
1014000
1015000
1016000
1017000
1018000
1019000
1020000
1021000
1022000
1023000
1024000
1025000
1026000
1027000
1028000
1029000
1030000
1031000
1032000
1033000
1034000
1035000
1036000
1037000
1038000
1039000
1040000
1041000
1042000
1043000
1044000
1045000
1046000
1047000
1048000
1049000
1050000
1051000
1052000
1053000
1054000
1055000
1056000
1057000
1058000
1059000
1060000
1061000
1062000
1063000
1064000
1065000
1066000
1067000
1068000
1069000
1070000
1071000
1072000
1073000
1074000
1075000
1076000
1077000
1078000
1079000
1080000
1081000
1082000
1083000
1084000
1085000
1086000
1087000
1088000
1089000
1090000
1091000
1092000
1093000
1094000
1095000
1096000
1097000
1098000
1099000
1100000
1101000
1102000
1103000
1104000
1105000
1106000
1107000
1108000
1109000
1110000
1111000
1112000
1113000
1114000
1115000
1116000
1117000
1118000
1119000
1120000
1121000
1122000
1123000
1124000
1125000
1126000
1127000
1128000
1129000
1130000
1131000
1132000
1133000
1134000
1135000
1136000
1137000
1138000
1139000
1140000
1141000
1142000
1143000
1144000
1145000
1146000
1147000
1148000
1149000
1150000
1151000
1152000
1153000
1154000
1155000
1156000
1157000
1158000
1159000
1160000
1161000
1162000
1163000
1164000
1165000
1166000
1167000
1168000
1169000
1170000
1171000
1172000
1173000
1174000
1175000
1176000
1177000
1178000
1179000
1180000
1181000
1182000
1183000
1184000
1185000
1186000
1187000
1188000
1189000
1190000
1191000
1192000
1193000
1194000
1195000
1196000
1197000
1198000
1199000
1200000
1201000
1202000
1203000
1204000
1205000
1206000
1207000
1208000
1209000
1210000
1211000
1212000
1213000
1214000
1215000
1216000
1217000
1218000
1219000
1220000
1221000
1222000
1223000
1224000
1225000
1226000
1227000
1228000
1229000
1230000
1231000
1232000
1233000
1234000
1235000
1236000
1237000
1238000
1239000
1240000
1241000
1242000
1243000
1244000
1245000
1246000
1247000
1248000
1249000
1250000
1251000
1252000
1253000
1254000
1255000
1256000
1257000
1258000
1259000
1260000
1261000
1262000
1263000
1264000
1265000
1266000
1267000
1268000
1269000
1270000
1271000
1272000
1273000
1274000
1275000
1276000
1277000
1278000
1279000
1280000
1281000
1282000
1283000
1284000
1285000
1286000
1287000
1288000
1289000
1290000
1291000
1292000
1293000
1294000
1295000
1296000
1297000
1298000
1299000
1300000
1301000
1302000
1303000
1304000
1305000
1306000
1307000
1308000
1309000
1310000
1311000
1312000
1313000
1314000
1315000
1316000
1317000
1318000
1319000
1320000
1321000
1322000
1323000
1324000
1325000
1326000
1327000
1328000
1329000
1330000
1331000
1332000
1333000
1334000
1335000
1336000
1337000
1338000
1339000
1340000
1341000
1342000
1343000
1344000
1345000
1346000
1347000
1348000
1349000
1350000
1351000
1352000
1353000
1354000
1355000
1356000
1357000
1358000
1359000
1360000
1361000
1362000
1363000
1364000
1365000
1366000
1367000
1368000
1369000
1370000
1371000
1372000
1373000
1374000
1375000
1376000
1377000
1378000
1379000
1380000
1381000
1382000
1383000
1384000
1385000
1386000
1387000
1388000
1389000
1390000
1391000
1392000
1393000
1394000
1395000
1396000
1397000
1398000
1399000
1400000
1401000
1402000
1403000
1404000
1405000
1406000
1407000
1408000
1409000
1410000
1411000
1412000
1413000
1414000
1415000
1416000
1417000
1418000
1419000
1420000
1421000
1422000
1423000
1424000
1425000
1426000
1427000
1428000
1429000
1430000
1431000
1432000
1433000
1434000
1435000
1436000
1437000
1438000
1439000
1440000
1441000
1442000
1443000
1444000
1445000
1446000
1447000
1448000
1449000
1450000
1451000
1452000
1453000
1454000
1455000
1456000
1457000
1458000
1459000
1460000
1461000
1462000
1463000
1464000
1465000
1466000
1467000
1468000
1469000
1470000
1471000
1472000
1473000
1474000
1475000
1476000
1477000
1478000
1479000
1480000
1481000
1482000
1483000
1484000
1485000
1486000
1487000
1488000
1489000
1490000
1491000
1492000
1493000
1494000
1495000
1496000
1497000
1498000
1499000
1500000
1501000
1502000
1503000
1504000
1505000
1506000
1507000
1508000
1509000
1510000
1511000
1512000
1513000
1514000
1515000
1516000
1517000
1518000
1519000
1520000
1521000
1522000
1523000
1524000
1525000
1526000
1527000
1528000
1529000
1530000
1531000
1532000
1533000
1534000
1535000
1536000
1537000
1538000
1539000
1540000
1541000
1542000
1543000
1544000
1545000
1546000
1547000
1548000
1549000
1550000
1551000
1552000
1553000
1554000
1555000
1556000
1557000
1558000
1559000
1560000
1561000
1562000
1563000
1564000
1565000
1566000
1567000
1568000
1569000
1570000
1571000
1572000
1573000
1574000
1575000
1576000
1577000
1578000
1579000
1580000
1581000
1582000
1583000
1584000
1585000
1586000
1587000
1588000
1589000
1590000
1591000
1592000
1593000
1594000
1595000
1596000
1597000
1598000
1599000
1600000
1601000
1602000
1603000
1604000
1605000
1606000
1607000
1608000
1609000
1610000
1611000
1612000
1613000
1614000
1615000
1616000
1617000
1618000
1619000
1620000
1621000
1622000
1623000
1624000
1625000
1626000
1627000
1628000
1629000
1630000
1631000
1632000
1633000
1634000
1635000
1636000
1637000
1638000
1639000
1640000
1641000
1642000
1643000
1644000
1645000
1646000
1647000
1648000
1649000
1650000
1651000
1652000
1653000
1654000
1655000
1656000
1657000
1658000
1659000
1660000
1661000
1662000
1663000
1664000
1665000
1666000
1667000
1668000
1669000
1670000
1671000
1672000
1673000
1674000
1675000
1676000
1677000
1678000
1679000
1680000
1681000
1682000
1683000
1684000
1685000
1686000
1687000
1688000
1689000
1690000
1691000
1692000
1693000
1694000
1695000
1696000
1697000
1698000
1699000
1700000
1701000
1702000
1703000
1704000
1705000
1706000
1707000
1708000
1709000
1710000
1711000
1712000
1713000
1714000
1715000
1716000
1717000
1718000
1719000
1720000
1721000
1722000
1723000
1724000
1725000
1726000
1727000
1728000
1729000
1730000
1731000
1732000
1733000
1734000
1735000
1736000
1737000
1738000
1739000
1740000
1741000
1742000
1743000
1744000
1745000
1746000
1747000
1748000
1749000
1750000
1751000
1752000
1753000
1754000
1755000
1756000
1757000
1758000
1759000
1760000
1761000
1762000
1763000
1764000
1765000
1766000
1767000
1768000
1769000
1770000
1771000
1772000
1773000
1774000
1775000
1776000
1777000
1778000
1779000
1780000
1781000
1782000
1783000
1784000
1785000
1786000
1787000
1788000
1789000
1790000
1791000
1792000
1793000
1794000
1795000
1796000
1797000
1798000
1799000
1800000
1801000
1802000
1803000
1804000
1805000
1806000
1807000
1808000
1809000
1810000
1811000
1812000
1813000
1814000
1815000
1816000
1817000
1818000
1819000
1820000
1821000
1822000
1823000
1824000
1825000
1826000
1827000
1828000
1829000
1830000
1831000
1832000
1833000
1834000
1835000
1836000
1837000
1838000
1839000
1840000
1841000
1842000
1843000
1844000
1845000
1846000
1847000
1848000
1849000
1850000
1851000
1852000
1853000
1854000
1855000
1856000
1857000
1858000
1859000
1860000
1861000
1862000
1863000
1864000
1865000
1866000
1867000
1868000
1869000
1870000
1871000
1872000
1873000
1874000
1875000
1876000
1877000
1878000
1879000
1880000
1881000
1882000
1883000
1884000
1885000
1886000
1887000
1888000
1889000
1890000
1891000
1892000
1893000
1894000
1895000
1896000
1897000
1898000
1899000
1900000
1901000
1902000
1903000
1904000
1905000
1906000
1907000
1908000
1909000
1910000
1911000
1912000
1913000
1914000
1915000
1916000
1917000
1918000
1919000
1920000
1921000
1922000
1923000
1924000
1925000
1926000
1927000
1928000
1929000
1930000
1931000
1932000
1933000
1934000
1935000
1936000
1937000
1938000
1939000
1940000
1941000
1942000
1943000
1944000
1945000
1946000
1947000
1948000
1949000
1950000
1951000
1952000
1953000
1954000
1955000
1956000
1957000
1958000
1959000
1960000
1961000
1962000
1963000
1964000
1965000
1966000
1967000
1968000
1969000
1970000
1971000
1972000
1973000
1974000
1975000
1976000
1977000
1978000
1979000
1980000
1981000
1982000
1983000
1984000
1985000
1986000
1987000
1988000
1989000
1990000
1991000
1992000
1993000
1994000
1995000
1996000
1997000
1998000
1999000
2000000
2001000
2002000
2003000
2004000
2005000
2006000
2007000
2008000
2009000
2010000
2011000
2012000
2013000
2014000
2015000
2016000
2017000
2018000
2019000
2020000
2021000
2022000
2023000
2024000
2025000
2026000
2027000
2028000
2029000
2030000
2031000
2032000
2033000
2034000
2035000
2036000
2037000
2038000
2039000
2040000
2041000
2042000
2043000
2044000
2045000
2046000
2047000
2048000
2049000
2050000
2051000
2052000
2053000
2054000
2055000
2056000
2057000
2058000
2059000
2060000
2061000
2062000
2063000
2064000
2065000
2066000
2067000
2068000
2069000
2070000
2071000
2072000
2073000
2074000
2075000
2076000
2077000
2078000
2079000
2080000
2081000
2082000
2083000
2084000
2085000
2086000
2087000
2088000
2089000
2090000
2091000
2092000
2093000
2094000
2095000
2096000
2097000
2098000
2099000
2100000
2101000
2102000
2103000
2104000
2105000
2106000
2107000
2108000
2109000
2110000
2111000
2112000
2113000
2114000
2115000
2116000
2117000
2118000
2119000
2120000
2121000
2122000
2123000
2124000
2125000
2126000
2127000
2128000
2129000
2130000
2131000
2132000
2133000
2134000
2135000
2136000
2137000
2138000
2139000
2140000
2141000
2142000
2143000
2144000
2145000
2146000
2147000
2148000
2149000
2150000
2151000
2152000
2153000
2154000
2155000
2156000
2157000
2158000
2159000
2160000
2161000
2162000
2163000
2164000
2165000
2166000
2167000
2168000
2169000
2170000
2171000
2172000
2173000
2174000
2175000
2176000
2177000
2178000
2179000
2180000
2181000
2182000
2183000
2184000
2185000
2186000
2187000
2188000
2189000
2190000
2191000
2192000
2193000
2194000
2195000
2196000
2197000
2198000
2199000
2200000
2201000
2202000
2203000
2204000
2205000
2206000
2207000
2208000
2209000
2210000
2211000
2212000
2213000
2214000
2215000
2216000
2217000
2218000
2219000
2220000
2221000
2222000
2223000
2224000
2225000
2226000
2227000
2228000
2229000
2230000
2231000
2232000
2233000
2234000
2235000
2236000
2237000
2238000
2239000
2240000
2241000
2242000
2243000
2244000
2245000
2246000
2247000
2248000
2249000
2250000
2251000
2252000
2253000
2254000
2255000
2256000
2257000
2258000
2259000
2260000
2261000
2262000
2263000
2264000
2265000
2266000
2267000
2268000
2269000
2270000
2271000
2272000
2273000
2274000
2275000
2276000
2277000
2278000
2279000
2280000
2281000
2282000
2283000
2284000
2285000
2286000
2287000
2288000
2289000
2290000
2291000
2292000
2293000
2294000
2295000
2296000
2297000
2298000
2299000
2300000
2301000
2302000
2303000
2304000
2305000
2306000
2307000
2308000
2309000
2310000
2311000
2312000
2313000
2314000
2315000
2316000
2317000
2318000
2319000
2320000
2321000
2322000
2323000
2324000
2325000
2326000
2327000
2328000
2329000
2330000
2331000
2332000
2333000
2334000
2335000
2336000
2337000
2338000
2339000
2340000
2341000
2342000
2343000
2344000
2345000
2346000
2347000
2348000
2349000
2350000
2351000
2352000
2353000
2354000
2355000
2356000
2357000
2358000
2359000
2360000
2361000
2362000
2363000
2364000
2365000
2366000
2367000
2368000
2369000
2370000
2371000
2372000
2373000
2374000
2375000
2376000
2377000
2378000
2379000
2380000
2381000
2382000
2383000
2384000
2385000
2386000
2387000
2388000
2389000
2390000
2391000
2392000
2393000
2394000
2395000
2396000
2397000
2398000
2399000
2400000
2401000
2402000
2403000
2404000
2405000
2406000
2407000
2408000
2409000
2410000
2411000
2412000
2413000
2414000
2415000
2416000
2417000
2418000
2419000
2420000
2421000
2422000
2423000
2424000
2425000
2426000
2427000
2428000
2429000
2430000
2431000
2432000
2433000
2434000
2435000
2436000
2437000
2438000
2439000
2440000
2441000
2442000
2443000
2444000
2445000
2446000
2447000
2448000
2449000
2450000
2451000
2452000
2453000
2454000
2455000
2456000
2457000
2458000
2459000
2460000
2461000
2462000
2463000
2464000
2465000
2466000
2467000
2468000
2469000
2470000
2471000
2472000
2473000
2474000
2475000
2476000
2477000
2478000
2479000
2480000
2481000
2482000
2483000
2484000
2485000
2486000
2487000
2488000
2489000
2490000
2491000
2492000
2493000
2494000
2495000
2496000
2497000
2498000
2499000
2500000
2501000
2502000
2503000
2504000
2505000
2506000
2507000
2508000
2509000
2510000
2511000
2512000
2513000
2514000
2515000
2516000
2517000
2518000
2519000
2520000
2521000
2522000
2523000
2524000
2525000
2526000
2527000
2528000
2529000
2530000
2531000
2532000
2533000
2534000
2535000
2536000
2537000
2538000
2539000
2540000
2541000
2542000
2543000
2544000
2545000
2546000
2547000
2548000
2549000
2550000
2551000
2552000
2553000
2554000
2555000
2556000
2557000
2558000
2559000
2560000
2561000
2562000
2563000
2564000
2565000
2566000
2567000
2568000
2569000
2570000
2571000
2572000
2573000
2574000
2575000
2576000
2577000
2578000
2579000
2580000
2581000
2582000
2583000
2584000
2585000
2586000
2587000
2588000
2589000
2590000
2591000
2592000
2593000
2594000
2595000
2596000
2597000
2598000
2599000
2600000
2601000
2602000
2603000
2604000
2605000
2606000
2607000
2608000
2609000
2610000
2611000
2612000
2613000
2614000
2615000
2616000
2617000
2618000
2619000
2620000
2621000
2622000
2623000
2624000
2625000
2626000
2627000
2628000
2629000
2630000
2631000
2632000
2633000
2634000
2635000
2636000
2637000
2638000
2639000
2640000
2641000
2642000
2643000
2644000
2645000
2646000
2647000
2648000
2649000
2650000
2651000
2652000
2653000
2654000
2655000
2656000
2657000
2658000
2659000
2660000
2661000
2662000
2663000
2664000
2665000
2666000
2667000
2668000
2669000
2670000
2671000
2672000
2673000
2674000
2675000
2676000
2677000
2678000
2679000
2680000
2681000
2682000
2683000
2684000
2685000
2686000
2687000
2688000
2689000
2690000
2691000
2692000
2693000
2694000
2695000
2696000
2697000
2698000
2699000
2700000
2701000
2702000
2703000
2704000
2705000
2706000
2707000
2708000
2709000
2710000
2711000
2712000
2713000
2714000
2715000
2716000
2717000
2718000
2719000
2720000
2721000
2722000
2723000
2724000
2725000
2726000
2727000
2728000
2729000
2730000
2731000
2732000
2733000
2734000
2735000
2736000
2737000
2738000
2739000
2740000
2741000
2742000
2743000
2744000
2745000
2746000
2747000
2748000
2749000
2750000
2751000
2752000
2753000
2754000
2755000
2756000
2757000
2758000
2759000
2760000
2761000
2762000
2763000
2764000
2765000
2766000
2767000
2768000
2769000
2770000
2771000
2772000
2773000
2774000
2775000
2776000
2777000
2778000
2779000
2780000
2781000
2782000
2783000
2784000
2785000
2786000
2787000
2788000
2789000
2790000
2791000
2792000
2793000
2794000
2795000
2796000
2797000
2798000
2799000
2800000
2801000
2802000
2803000
2804000
2805000
2806000
2807000
2808000
2809000
2810000
2811000
2812000
2813000
2814000
2815000
2816000
2817000
2818000
2819000
2820000
2821000
2822000
2823000
2824000
2825000
2826000
2827000
2828000
2829000
2830000
2831000
2832000
2833000
2834000
2835000
2836000
2837000
2838000
2839000
2840000
2841000
2842000
2843000
2844000
2845000
2846000
2847000
2848000
2849000
2850000
2851000
2852000
2853000
2854000
2855000
2856000
2857000
2858000
2859000
2860000
2861000
2862000
2863000
2864000
2865000
2866000
2867000
2868000
2869000
2870000
2871000
2872000
2873000
2874000
2875000
2876000
2877000
2878000
2879000
2880000
2881000
2882000
2883000
2884000
2885000
2886000
2887000
2888000
2889000
2890000
2891000
2892000
2893000
2894000
2895000
2896000
2897000
2898000
2899000
2900000
2901000
2902000
2903000
2904000
2905000
2906000
2907000
2908000
2909000
2910000
2911000
2912000
2913000
2914000
2915000
2916000
2917000
2918000
2919000
2920000
2921000
2922000
2923000
2924000
2925000
2926000
2927000
2928000
2929000
2930000
2931000
2932000
2933000
2934000
2935000
2936000
2937000
2938000
2939000
2940000
2941000
2942000
2943000
2944000
2945000
2946000
2947000
2948000
2949000
2950000
2951000
2952000
2953000
2954000
2955000
2956000
2957000
2958000
2959000
2960000
2961000
2962000
2963000
2964000
2965000
2966000
2967000
2968000
2969000
2970000
2971000
2972000
2973000
2974000
2975000
2976000
2977000
2978000
2979000
2980000
2981000
2982000
2983000
2984000
2985000
2986000
2987000
2988000
2989000
2990000
2991000
2992000
2993000
2994000
2995000
2996000
2997000
2998000
2999000
3000000
3001000
3002000
3003000
3004000
3005000
3006000
3007000
3008000
3009000
3010000
3011000
3012000
3013000
3014000
3015000
3016000
3017000
3018000
3019000
3020000
3021000
3022000
3023000
3024000
3025000
3026000
3027000
3028000
3029000
3030000
3031000
3032000
3033000
3034000
3035000
3036000
3037000
3038000
3039000
3040000
3041000
3042000
3043000
3044000
3045000
3046000
3047000
3048000
3049000
3050000
3051000
3052000
3053000
3054000
3055000
3056000
3057000
3058000
3059000
3060000
3061000
3062000
3063000
3064000
3065000
3066000
3067000
3068000
3069000
3070000
3071000
3072000
3073000
3074000
3075000
3076000
3077000
3078000
3079000
3080000
3081000
3082000
3083000
3084000
3085000
3086000
3087000
3088000
3089000
3090000
3091000
3092000
3093000
3094000
3095000
3096000
3097000
3098000
3099000
3100000
3101000
3102000
3103000
3104000
3105000
3106000
3107000
3108000
3109000
3110000
3111000
3112000
3113000
3114000
3115000
3116000
3117000
3118000
3119000
3120000
3121000
3122000
3123000
3124000
3125000
3126000
3127000
3128000
3129000
3130000
3131000
3132000
3133000
3134000
3135000
3136000
3137000
3138000
3139000
3140000
3141000
3142000
3143000
3144000
3145000
3146000
3147000
3148000
3149000
3150000
3151000
3152000
3153000
3154000
3155000
3156000
3157000
3158000
3159000
3160000
3161000
3162000
3163000
3164000
3165000
3166000
3167000
3168000
3169000
3170000
3171000
3172000
3173000
3174000
3175000
3176000
3177000
3178000
3179000
3180000
3181000
3182000
3183000
3184000
3185000
3186000
3187000
3188000
3189000
3190000
3191000
3192000
3193000
3194000
3195000
3196000
3197000
3198000
3199000
3200000
3201000
3202000
3203000
3204000
3205000
3206000
3207000
3208000
3209000
3210000
3211000
3212000
3213000
3214000
3215000
3216000
3217000
3218000
3219000
3220000
3221000
3222000
3223000
3224000
3225000
3226000
3227000
3228000
3229000
3230000
3231000
3232000
3233000
3234000
3235000
3236000
3237000
3238000
3239000
3240000
3241000
3242000
3243000
3244000
3245000
3246000
3247000
3248000
3249000
3250000
3251000
3252000
3253000
3254000
3255000
3256000
3257000
3258000
3259000
3260000
3261000
3262000
3263000
3264000
3265000
3266000
3267000
3268000
3269000
3270000
3271000
3272000
3273000
3274000
3275000
3276000
3277000
3278000
3279000
3280000
3281000
3282000
3283000
3284000
3285000
3286000
3287000
3288000
3289000
3290000
3291000
3292000
3293000
3294000
3295000
3296000
3297000
3298000
3299000
3300000
3301000
3302000
3303000
3304000
3305000
3306000
3307000
3308000
3309000
3310000
3311000
3312000
3313000
3314000
3315000
3316000
3317000
3318000
3319000
3320000
3321000
3322000
3323000
3324000
3325000
3326000
3327000
3328000
3329000
3330000
3331000
3332000
3333000
3334000
3335000
3336000
3337000
3338000
3339000
3340000
3341000
3342000
3343000
3344000
3345000
3346000
3347000
3348000
3349000
3350000
3351000
3352000
3353000
3354000
3355000
3356000
3357000
3358000
3359000
3360000
3361000
3362000
3363000
3364000
3365000
3366000
3367000
3368000
3369000
3370000
3371000
3372000
3373000
3374000
3375000
3376000
3377000
3378000
3379000
3380000
3381000
3382000
3383000
3384000
3385000
3386000
3387000
3388000
3389000
3390000
3391000
3392000
3393000
3394000
3395000
3396000
3397000
3398000
3399000
3400000
3401000
3402000
3403000
3404000
3405000
3406000
3407000
3408000
3409000
3410000
3411000
3412000
3413000
3414000
3415000
3416000
3417000
3418000
3419000
3420000
3421000
3422000
3423000
3424000
3425000
3426000
3427000
3428000
3429000
3430000
3431000
3432000
3433000
3434000
3435000
3436000
3437000
3438000
3439000
3440000
3441000
3442000
3443000
3444000
3445000
3446000
3447000
3448000
3449000
3450000
3451000
3452000
3453000
3454000
3455000
3456000
3457000
3458000
3459000
3460000
3461000
3462000
3463000
3464000
3465000
3466000
3467000
3468000
3469000
3470000
3471000
3472000
3473000
3474000
3475000
3476000
3477000
3478000
3479000
3480000
3481000
3482000
3483000
3484000
3485000
3486000
3487000
3488000
3489000
3490000
3491000
3492000
3493000
3494000
3495000
3496000
3497000
3498000
3499000
3500000
3501000
3502000
3503000
3504000
3505000
3506000
3507000
3508000
3509000
3510000
3511000
3512000
3513000
3514000
3515000
3516000
3517000
3518000
3519000
3520000
3521000
3522000
3523000
3524000
3525000
3526000
3527000
3528000
3529000
3530000
3531000
3532000
3533000
3534000
3535000
3536000
3537000
3538000
3539000
3540000
3541000
3542000
3543000
3544000
3545000
3546000
3547000
3548000
3549000
3550000
3551000
3552000
3553000
3554000
3555000
3556000
3557000
3558000
3559000
3560000
3561000
3562000
3563000
3564000
3565000
3566000
3567000
3568000
3569000
3570000
3571000
3572000
3573000
3574000
3575000
3576000
3577000
3578000
3579000
3580000
3581000
3582000
3583000
3584000
3585000
3586000
3587000
3588000
3589000
3590000
3591000
3592000
3593000
3594000
3595000
3596000
3597000
3598000
3599000
3600000
3601000
3602000
3603000
3604000
3605000
3606000
3607000
3608000
3609000
3610000
3611000
3612000
3613000
3614000
3615000
3616000
3617000
3618000
3619000
3620000
3621000
3622000
3623000
3624000
3625000
3626000
3627000
3628000
3629000
3630000
3631000
3632000
3633000
3634000
3635000
3636000
3637000
3638000
3639000
3640000
3641000
3642000
3643000
3644000
3645000
3646000
3647000
3648000
3649000
3650000
3651000
3652000
3653000
3654000
3655000
3656000
3657000
3658000
3659000
3660000
3661000
3662000
3663000
3664000
3665000
3666000
3667000
3668000
3669000
3670000
3671000
3672000
3673000
3674000
3675000
3676000
3677000
3678000
3679000
3680000
3681000
3682000
3683000
3684000
3685000
3686000
3687000
3688000
3689000
3690000
3691000
3692000
3693000
3694000
3695000
3696000
3697000
3698000
3699000
3700000
3701000
3702000
3703000
3704000
3705000
3706000
3707000
3708000
3709000
3710000
3711000
3712000
3713000
3714000
3715000
3716000
3717000
3718000
3719000
3720000
3721000
3722000
3723000
3724000
3725000
3726000
3727000
3728000
3729000
3730000
3731000
3732000
3733000
3734000
3735000
3736000
3737000
3738000
3739000
3740000
3741000
3742000
3743000
3744000
3745000
3746000
3747000
3748000
3749000
3750000
3751000
3752000
3753000
3754000
3755000
3756000
3757000
3758000
3759000
3760000
3761000
3762000
3763000
3764000
3765000
3766000
3767000
3768000
3769000
3770000
3771000
3772000
3773000
3774000
3775000
3776000
3777000
3778000
3779000
3780000
3781000
3782000
3783000
3784000
3785000
3786000
3787000
3788000
3789000
3790000
3791000
3792000
3793000
3794000
3795000
3796000
3797000
3798000
3799000
3800000
3801000
3802000
3803000
3804000
3805000
3806000
3807000
3808000
3809000
3810000
3811000
3812000
3813000
3814000
3815000
3816000
3817000
3818000
3819000
3820000
3821000
3822000
3823000
3824000
3825000
3826000
3827000
3828000
3829000
3830000
3831000
3832000
3833000
3834000
3835000
3836000
3837000
3838000
3839000
3840000
3841000
3842000
3843000
3844000
3845000
3846000
3847000
3848000
3849000
3850000
3851000
3852000
3853000
3854000
3855000
3856000
3857000
3858000
3859000
3860000
3861000
3862000
3863000
3864000
3865000
3866000
3867000
3868000
3869000
3870000
3871000
3872000
3873000
3874000
3875000
3876000
3877000
3878000
3879000
3880000
3881000
3882000
3883000
3884000
3885000
3886000
3887000
3888000
3889000
3890000
3891000
3892000
3893000
3894000
3895000
3896000
3897000
3898000
3899000
3900000
3901000
3902000
3903000
3904000
3905000
3906000
3907000
3908000
3909000
3910000
3911000
3912000
3913000
3914000
3915000
3916000
3917000
3918000
3919000
3920000
3921000
3922000
3923000
3924000
3925000
3926000
3927000
3928000
3929000
3930000
3931000
3932000
3933000
3934000
3935000
3936000
3937000
3938000
3939000
3940000
3941000
3942000
3943000
3944000
3945000
3946000
3947000
3948000
3949000
3950000
3951000
3952000
3953000
3954000
3955000
3956000
3957000
3958000
3959000
3960000
3961000
3962000
3963000
3964000
3965000
3966000
3967000
3968000
3969000
3970000
3971000
3972000
3973000
3974000
3975000
3976000
3977000
3978000
3979000
3980000
3981000
3982000
3983000
3984000
3985000
3986000
3987000
3988000
3989000
3990000
3991000
3992000
3993000
3994000
3995000
3996000
3997000
3998000
3999000
4000000
4001000
4002000
4003000
4004000
4005000
4006000
4007000
4008000
4009000
4010000
4011000
4012000
4013000
4014000
4015000
4016000
4017000
4018000
4019000
4020000
4021000
4022000
4023000
4024000
4025000
4026000
4027000
4028000
4029000
4030000
4031000
4032000
4033000
4034000
4035000
4036000
4037000
4038000
4039000
4040000
4041000
4042000
4043000
4044000
4045000
4046000
4047000
4048000
4049000
4050000
4051000
4052000
4053000
4054000
4055000
4056000
4057000
4058000
4059000
4060000
4061000
4062000
4063000
4064000
4065000
4066000
4067000
4068000
4069000
4070000
4071000
4072000
4073000
4074000
4075000
4076000
4077000
4078000
4079000
4080000
4081000
4082000
4083000
4084000
4085000
4086000
4087000
4088000
4089000
4090000
4091000
4092000
4093000
4094000
4095000
4096000
4097000
4098000
4099000
4100000
4101000
4102000
4103000
4104000
4105000
4106000
4107000
4108000
4109000
4110000
4111000
4112000
4113000
4114000
4115000
4116000
4117000
4118000
4119000
4120000
4121000
4122000
4123000
4124000
4125000
4126000
4127000
4128000
4129000
4130000
4131000
4132000
4133000
4134000
4135000
4136000
4137000
4138000
4139000
4140000
4141000
4142000
4143000
4144000
4145000
4146000
4147000
4148000
4149000
4150000
4151000
4152000
4153000
4154000
4155000
4156000
4157000
4158000
4159000
4160000
4161000
4162000
4163000
4164000
4165000
4166000
4167000
4168000
4169000
4170000
4171000
4172000
4173000
4174000
4175000
4176000
4177000
4178000
4179000
4180000
4181000
4182000
4183000
4184000
4185000
4186000
4187000
4188000
4189000
4190000
4191000
4192000
4193000
4194000
4195000
4196000
4197000
4198000
4199000
4200000
4201000
4202000
4203000
4204000
4205000
4206000
4207000
4208000
4209000
4210000
4211000
4212000
4213000
4214000
4215000
4216000
4217000
4218000
4219000
4220000
4221000
4222000
4223000
4224000
4225000
4226000
4227000
4228000
4229000
4230000
4231000
4232000
4233000
4234000
4235000
4236000
4237000
4238000
4239000
4240000
4241000
4242000
4243000
4244000
4245000
4246000
4247000
4248000
4249000
4250000
4251000
4252000
4253000
4254000
4255000
4256000
4257000
4258000
4259000
4260000
4261000
4262000
4263000
4264000
4265000
4266000
4267000
4268000
4269000
4270000
4271000
4272000
4273000
4274000
4275000
4276000
4277000
4278000
4279000
4280000
4281000
4282000
4283000
4284000
4285000
4286000
4287000
4288000
4289000
4290000
4291000
4292000
4293000
4294000
4295000
4296000
4297000
4298000
4299000
4300000
4301000
4302000
4303000
4304000
4305000
4306000
4307000
4308000
4309000
4310000
4311000
4312000
4313000
4314000
4315000
4316000
4317000
4318000
4319000
4320000
4321000
4322000
4323000
4324000
4325000
4326000
4327000
4328000
4329000
4330000
4331000
4332000
4333000
4334000
4335000
4336000
4337000
4338000
4339000
4340000
4341000
4342000
4343000
4344000
4345000
4346000
4347000
4348000
4349000
4350000
4351000
4352000
4353000
4354000
4355000
4356000
4357000
4358000
4359000
4360000
4361000
4362000
4363000
4364000
4365000
4366000
4367000
4368000
4369000
4370000
4371000
4372000
4373000
4374000
4375000
4376000
4377000
4378000
4379000
4380000
4381000
4382000
4383000
4384000
4385000
4386000
4387000
4388000
4389000
4390000
4391000
4392000
4393000
4394000
4395000
4396000
4397000
4398000
4399000
4400000
4401000
4402000
4403000
4404000
4405000
4406000
4407000
4408000
4409000
4410000
4411000
4412000
4413000
4414000
4415000
4416000
4417000
4418000
4419000
4420000
4421000
4422000
4423000
4424000
4425000
4426000
4427000
4428000
4429000
4430000
4431000
4432000
4433000
4434000
4435000
4436000
4437000
4438000
4439000
4440000
4441000
4442000
4443000
4444000
4445000
4446000
4447000
4448000
4449000
4450000
4451000
4452000
4453000
4454000
4455000
4456000
4457000
4458000
4459000
4460000
4461000
4462000
4463000
4464000
4465000
4466000
4467000
4468000
4469000
4470000
4471000
4472000
4473000
4474000
4475000
4476000
4477000
4478000
4479000
4480000
4481000
4482000
4483000
4484000
4485000
4486000
4487000
4488000
4489000
4490000
4491000
4492000
4493000
4494000
4495000
4496000
4497000
4498000
4499000
4500000
4501000
4502000
4503000
4504000
4505000
4506000
4507000
4508000
4509000
4510000
4511000
4512000
4513000
4514000
4515000
4516000
4517000
4518000
4519000
4520000
4521000
4522000
4523000
4524000
4525000
4526000
4527000
4528000
4529000
4530000
4531000
4532000
4533000
4534000
4535000
4536000
4537000
4538000
4539000
4540000
4541000
4542000
4543000
4544000
4545000
4546000
4547000
4548000
4549000
4550000
4551000
4552000
4553000
4554000
4555000
4556000
4557000
4558000
4559000
4560000
4561000
4562000
4563000
4564000
4565000
4566000
4567000
4568000
4569000
4570000
4571000
4572000
4573000
4574000
4575000
4576000
4577000
4578000
4579000
4580000
4581000
4582000
4583000
4584000
4585000
4586000
4587000
4588000
4589000
4590000
4591000
4592000
4593000
4594000
4595000
4596000
4597000
4598000
4599000
4600000
4601000
4602000
4603000
4604000
4605000
4606000
4607000
4608000
4609000
4610000
4611000
4612000
4613000
4614000
4615000
4616000
4617000
4618000
4619000
4620000
4621000
4622000
4623000
4624000
4625000
4626000
4627000
4628000
4629000
4630000
4631000
4632000
4633000
4634000
4635000
4636000
4637000
4638000
4639000
4640000
4641000
4642000
4643000
4644000
4645000
4646000
4647000
4648000
4649000
4650000
4651000
4652000
4653000
4654000
4655000
4656000
4657000
4658000
4659000
4660000
4661000
4662000
4663000
4664000
4665000
4666000
4667000
4668000
4669000
4670000
4671000
4672000
4673000
4674000
4675000
4676000
4677000
4678000
4679000
4680000
4681000
4682000
4683000
4684000
4685000
4686000
4687000
4688000
4689000
4690000
4691000
4692000
4693000
4694000
4695000
4696000
4697000
4698000
4699000
4700000
4701000
4702000
4703000
4704000
4705000
4706000
4707000
4708000
4709000
4710000
4711000
4712000
4713000
4714000
4715000
4716000
4717000
4718000
4719000
4720000
4721000
4722000
4723000
4724000
4725000
4726000
4727000
4728000
4729000
4730000
4731000
4732000
4733000
4734000
4735000
4736000
4737000
4738000
4739000
4740000
4741000
4742000
4743000
4744000
4745000
4746000
4747000
4748000
4749000
4750000
4751000
4752000
4753000
4754000
4755000
4756000
4757000
4758000
4759000
4760000
4761000
4762000
4763000
4764000
4765000
4766000
4767000
4768000
4769000
4770000
4771000
4772000
4773000
4774000
4775000
4776000
4777000
4778000
4779000
4780000
4781000
4782000
4783000
4784000
4785000
4786000
4787000
4788000
4789000
4790000
4791000
4792000
4793000
4794000
4795000
4796000
4797000
4798000
4799000
4800000
4801000
4802000
4803000
4804000
4805000
4806000
4807000
4808000
4809000
4810000
4811000
4812000
4813000
4814000
4815000
4816000
4817000
4818000
4819000
4820000
4821000
4822000
4823000
4824000
4825000
4826000
4827000
4828000
4829000
4830000
4831000
4832000
4833000
4834000
4835000
4836000
4837000
4838000
4839000
4840000
4841000
4842000
4843000
4844000
4845000
4846000
4847000
4848000
4849000
4850000
4851000
4852000
4853000
4854000
4855000
4856000
4857000
4858000
4859000
4860000
4861000
4862000
4863000
4864000
4865000
4866000
4867000
4868000
4869000
4870000
4871000
4872000
4873000
4874000
4875000
4876000
4877000
4878000
4879000
4880000
4881000
4882000
4883000
4884000
4885000
4886000
4887000
4888000
4889000
4890000
4891000
4892000
4893000
4894000
4895000
4896000
4897000
4898000
4899000
4900000
4901000
4902000
4903000
4904000
4905000
4906000
4907000
4908000
4909000
4910000
4911000
4912000
4913000
4914000
4915000
4916000
4917000
4918000
4919000
4920000
4921000
4922000
4923000
4924000
4925000
4926000
4927000
4928000
4929000
4930000
4931000
4932000
4933000
4934000
4935000
4936000
4937000
4938000
4939000
4940000
4941000
4942000
4943000
4944000
4945000
4946000
4947000
4948000
4949000
4950000
4951000
4952000
4953000
4954000
4955000
4956000
4957000
4958000
4959000
4960000
4961000
4962000
4963000
4964000
4965000
4966000
4967000
4968000
4969000
4970000
4971000
4972000
4973000
4974000
4975000
4976000
4977000
4978000
4979000
4980000
4981000
4982000
4983000
4984000
4985000
4986000
4987000
4988000
4989000
4990000
4991000
4992000
4993000
4994000
4995000
4996000
4997000
4998000
4999000
5000000
5001000
5002000
5003000
5004000
5005000
5006000
5007000
5008000
5009000
5010000
5011000
5012000
5013000
5014000
5015000
5016000
5017000
5018000
5019000
5020000
5021000
5022000
5023000
5024000
5025000
5026000
5027000
5028000
5029000
5030000
5031000
5032000
5033000
5034000
5035000
5036000
5037000
5038000
5039000
5040000
5041000
5042000
5043000
5044000
5045000
5046000
5047000
5048000
5049000
5050000
5051000
5052000
5053000
5054000
5055000
5056000
5057000
5058000
5059000
5060000
5061000
5062000
5063000
5064000
5065000
5066000
5067000
5068000
5069000
5070000
5071000
5072000
5073000
5074000
5075000
5076000
5077000
5078000
5079000
5080000
5081000
5082000
5083000
5084000
5085000
5086000
5087000
5088000
5089000
5090000
5091000
5092000
5093000
5094000
5095000
5096000
5097000
5098000
5099000
5100000
5101000
5102000
5103000
5104000
5105000
5106000
5107000
5108000
5109000
5110000
5111000
5112000
5113000
5114000
5115000
5116000
5117000
5118000
5119000
5120000
5121000
5122000
5123000
5124000
5125000
5126000
5127000
5128000
5129000
5130000
5131000
5132000
5133000
5134000
5135000
5136000
5137000
5138000
5139000
5140000
5141000
5142000
5143000
5144000
5145000
5146000
5147000
5148000
5149000
5150000
5151000
5152000
5153000
5154000
5155000
5156000
5157000
5158000
5159000
5160000
5161000
5162000
5163000
5164000
5165000
5166000
5167000
5168000
5169000
5170000
5171000
5172000
5173000
5174000
5175000
5176000
5177000
5178000
5179000
5180000
5181000
5182000
5183000
5184000
5185000
5186000
5187000
5188000
5189000
5190000
5191000
5192000
5193000
5194000
5195000
5196000
5197000
5198000
5199000
5200000
5201000
5202000
5203000
5204000
5205000
5206000
5207000
5208000
5209000
5210000
5211000
5212000
5213000
5214000
5215000
5216000
5217000
5218000
5219000
5220000
5221000
5222000
5223000
5224000
5225000
5226000
5227000
5228000
5229000
5230000
5231000
5232000
5233000
5234000
5235000
5236000
5237000
5238000
5239000
5240000
5241000
5242000
5243000
5244000
5245000
5246000
5247000
5248000
5249000
5250000
5251000
5252000
5253000
5254000
5255000
5256000
5257000
5258000
5259000
5260000
5261000
5262000
5263000
5264000
5265000
5266000
5267000
5268000
5269000
5270000
5271000
5272000
5273000
5274000
5275000
5276000
5277000
5278000
5279000
5280000
5281000
5282000
5283000
5284000
5285000
5286000
5287000
5288000
5289000
5290000
5291000
5292000
5293000
5294000
5295000
5296000
5297000
5298000
5299000
5300000
5301000
5302000
5303000
5304000
5305000
5306000
5307000
5308000
5309000
5310000
5311000
5312000
5313000
5314000
5315000
5316000
5317000
5318000
5319000
5320000
5321000
5322000
5323000
5324000
5325000
5326000
5327000
5328000
5329000
5330000
5331000
5332000
5333000
5334000
5335000
5336000
5337000
5338000
5339000
5340000
5341000
5342000
5343000
5344000
5345000
5346000
5347000
5348000
5349000
5350000
5351000
5352000
5353000
5354000
5355000
5356000
5357000
5358000
5359000
5360000
5361000
5362000
5363000
5364000
5365000
5366000
5367000
5368000
5369000
5370000
5371000
5372000
5373000
5374000
5375000
5376000
5377000
5378000
5379000
5380000
5381000
5382000
5383000
5384000
5385000
5386000
5387000
5388000
5389000
5390000
5391000
5392000
5393000
5394000
5395000
5396000
5397000
5398000
5399000
5400000
5401000
5402000
5403000
5404000
5405000
5406000
5407000
5408000
5409000
5410000
5411000
5412000
5413000
5414000
5415000
5416000
5417000
5418000
5419000
5420000
5421000
5422000
5423000
5424000
5425000
5426000
5427000
5428000
5429000
5430000
5431000
5432000
5433000
5434000
5435000
5436000
5437000
5438000
5439000
5440000
5441000
5442000
5443000
5444000
5445000
5446000
5447000
5448000
5449000
5450000
5451000
5452000
5453000
5454000
5455000
5456000
5457000
5458000
5459000
5460000
5461000
5462000
5463000
5464000
5465000
5466000
5467000
5468000
5469000
5470000
5471000
5472000
5473000
5474000
5475000
5476000
5477000
5478000
5479000
5480000
5481000
5482000
5483000
5484000
5485000
5486000
5487000
5488000
5489000
5490000
5491000
5492000
5493000
5494000
5495000
5496000
5497000
5498000
5499000
5500000
5501000
5502000
5503000
5504000
5505000
5506000
5507000
5508000
5509000
5510000
5511000
5512000
5513000
5514000
5515000
5516000
5517000
5518000
5519000
5520000
5521000
5522000
5523000
5524000
5525000
5526000
5527000
5528000
5529000
5530000
5531000
5532000
5533000
5534000
5535000
5536000
5537000
5538000
5539000
5540000
5541000
5542000
5543000
5544000
5545000
5546000
5547000
5548000
5549000
5550000
5551000
5552000
5553000
5554000
5555000
5556000
5557000
5558000
5559000
5560000
5561000
5562000
5563000
5564000
5565000
5566000
5567000
5568000
5569000
5570000
5571000
5572000
5573000
5574000
5575000
5576000
5577000
5578000
5579000
5580000
5581000
5582000
5583000
5584000
5585000
5586000
5587000
5588000
5589000
5590000
5591000
5592000
5593000
5594000
5595000
5596000
5597000
5598000
5599000
5600000
5601000
5602000
5603000
5604000
5605000
5606000
5607000
5608000
5609000
5610000
5611000
5612000
5613000
5614000
5615000
5616000
5617000
5618000
5619000
5620000
5621000
5622000
5623000
5624000
5625000
5626000
5627000
5628000
5629000
5630000
5631000
5632000
5633000
5634000
5635000
5636000
5637000
5638000
5639000
5640000
5641000
5642000
5643000
5644000
5645000
5646000
5647000
5648000
5649000
5650000
5651000
5652000
5653000
5654000
5655000
5656000
5657000
5658000
5659000
5660000
5661000
5662000
5663000
5664000
5665000
5666000
5667000
5668000
5669000
5670000
5671000
5672000
5673000
5674000
5675000
5676000
5677000
5678000
5679000
5680000
5681000
5682000
5683000
5684000
5685000
5686000
5687000
5688000
5689000
5690000
5691000
5692000
5693000
5694000
5695000
5696000
5697000
5698000
5699000
5700000
5701000
5702000
5703000
5704000
5705000
5706000
5707000
5708000
5709000
5710000
5711000
5712000
5713000
5714000
5715000
5716000
5717000
5718000
5719000
5720000
5721000
5722000
5723000
5724000
5725000
5726000
5727000
5728000
5729000
5730000
5731000
5732000
5733000
5734000
5735000
5736000
5737000
5738000
5739000
5740000
5741000
5742000
5743000
5744000
5745000
5746000
5747000
5748000
5749000
5750000
5751000
5752000
5753000
5754000
5755000
5756000
5757000
5758000
5759000
5760000
5761000
5762000
5763000
5764000
5765000
5766000
5767000
5768000
5769000
5770000
5771000
5772000
5773000
5774000
5775000
5776000
5777000
5778000
5779000
5780000
5781000
5782000
5783000
5784000
5785000
5786000
5787000
5788000
5789000
5790000
5791000
5792000
5793000
5794000
5795000
5796000
5797000
5798000
5799000
5800000
5801000
5802000
5803000
5804000
5805000
5806000
5807000
5808000
5809000
5810000
5811000
5812000
5813000
5814000
5815000
5816000
5817000
5818000
5819000
5820000
5821000
5822000
5823000
5824000
5825000
5826000
5827000
5828000
5829000
5830000
5831000
5832000
5833000
5834000
5835000
5836000
5837000
5838000
5839000
5840000
5841000
5842000
5843000
5844000
5845000
5846000
5847000
5848000
5849000
5850000
5851000
5852000
5853000
5854000
5855000
5856000
5857000
5858000
5859000
5860000
5861000
5862000
5863000
5864000
5865000
5866000
5867000
5868000
5869000
5870000
5871000
5872000
5873000
5874000
5875000
5876000
5877000
5878000
5879000
5880000
5881000
5882000
5883000
5884000
5885000
5886000
5887000
5888000
5889000
5890000
5891000
5892000
5893000
5894000
5895000
5896000
5897000
5898000
5899000
5900000
5901000
5902000
5903000
5904000
5905000
5906000
5907000
5908000
5909000
5910000
5911000
5912000
5913000
5914000
5915000
5916000
5917000
5918000
5919000
5920000
5921000
5922000
5923000
5924000
5925000
5926000
5927000
5928000
5929000
5930000
5931000
5932000
5933000
5934000
5935000
5936000
5937000
5938000
5939000
5940000
5941000
5942000
5943000
5944000
5945000
5946000
5947000
5948000
5949000
5950000
5951000
5952000
5953000
5954000
5955000
5956000
5957000
5958000
5959000
5960000
5961000
5962000
5963000
5964000
5965000
5966000
5967000
5968000
5969000
5970000
5971000
5972000
5973000
5974000
5975000
5976000
5977000
5978000
5979000
5980000
5981000
5982000
5983000
5984000
5985000
5986000
5987000
5988000
5989000
5990000
5991000
5992000
5993000
5994000
5995000
5996000
5997000
5998000
5999000
6000000
6001000
6002000
6003000
6004000
6005000
6006000
6007000
6008000
6009000
6010000
6011000
6012000
6013000
6014000
6015000
6016000
6017000
6018000
6019000
6020000
6021000
6022000
6023000
6024000
6025000
6026000
6027000
6028000
6029000
6030000
6031000
6032000
6033000
6034000
6035000
6036000
6037000
6038000
6039000
6040000
6041000
6042000
6043000
6044000
6045000
6046000
6047000
6048000
6049000
6050000
6051000
6052000
6053000
6054000
6055000
6056000
6057000
6058000
6059000
6060000
6061000
6062000
6063000
6064000
6065000
6066000
6067000
6068000
6069000
6070000
6071000
6072000
6073000
6074000
6075000
6076000
6077000
6078000
6079000
6080000
6081000
6082000
6083000
6084000
6085000
6086000
6087000
6088000
6089000
6090000
6091000
6092000
6093000
6094000
6095000
6096000
6097000
6098000
6099000
6100000
6101000
6102000
6103000
6104000
6105000
6106000
6107000
6108000
6109000
6110000
6111000
6112000
6113000
6114000
6115000
6116000
6117000
6118000
6119000
6120000
6121000
6122000
6123000
6124000
6125000
6126000
6127000
6128000
6129000
6130000
6131000
6132000
6133000
6134000
6135000
6136000
6137000
6138000
6139000
6140000
6141000
6142000
6143000
6144000
6145000
6146000
6147000
6148000
6149000
6150000
6151000
6152000
6153000
6154000
6155000
6156000
6157000
6158000
6159000
6160000
6161000
6162000
6163000
6164000
6165000
6166000
6167000
6168000
6169000
6170000
6171000
6172000
6173000
6174000
6175000
6176000
6177000
6178000
6179000
6180000
6181000
6182000
6183000
6184000
6185000
6186000
6187000
6188000
6189000
6190000
6191000
6192000
6193000
6194000
6195000
6196000
6197000
6198000
6199000
6200000
6201000
6202000
6203000
6204000
6205000
6206000
6207000
6208000
6209000
6210000
6211000
6212000
6213000
6214000
6215000
6216000
6217000
6218000
6219000
6220000
6221000
6222000
6223000
6224000
6225000
6226000
6227000
6228000
6229000
6230000
6231000
6232000
6233000
6234000
6235000
6236000
6237000
6238000
6239000
6240000
6241000
6242000
6243000
6244000
6245000
6246000
6247000
6248000
6249000
6250000
6251000
6252000
6253000
6254000
6255000
6256000
6257000
6258000
6259000
6260000
6261000
6262000
6263000
6264000
6265000
6266000
6267000
6268000
6269000
6270000
6271000
6272000
6273000
6274000
6275000
6276000
6277000
6278000
6279000
6280000
6281000
6282000
6283000
6284000
6285000
6286000
6287000
6288000
6289000
6290000
6291000
6292000
6293000
6294000
6295000
6296000
6297000
6298000
6299000
6300000
6301000
6302000
6303000
6304000
6305000
6306000
6307000
6308000
6309000
6310000
6311000
6312000
6313000
6314000
6315000
6316000
6317000
6318000
6319000
6320000
6321000
6322000
6323000
6324000
6325000
6326000
6327000
6328000
6329000
6330000
6331000
6332000
6333000
6334000
6335000
6336000
6337000
6338000
6339000
6340000
6341000
6342000
6343000
6344000
6345000
6346000
6347000
6348000
6349000
6350000
6351000
6352000
6353000
6354000
6355000
6356000
6357000
6358000
6359000
6360000
6361000
6362000
6363000
6364000
6365000
6366000
6367000
6368000
6369000
6370000
6371000
6372000
6373000
6374000
6375000
6376000
6377000
6378000
6379000
6380000
6381000
6382000
6383000
6384000
6385000
6386000
6387000
6388000
6389000
6390000
6391000
6392000
6393000
6394000
6395000
6396000
6397000
6398000
6399000
6400000
6401000
6402000
6403000
6404000
6405000
6406000
6407000
6408000
6409000
6410000
6411000
6412000
6413000
6414000
6415000
6416000
6417000
6418000
6419000
6420000
6421000
6422000
6423000
6424000
6425000
6426000
6427000
6428000
6429000
6430000
6431000
6432000
6433000
6434000
6435000
6436000
6437000
6438000
6439000
6440000
6441000
6442000
6443000
6444000
6445000
6446000
6447000
6448000
6449000
6450000
6451000
6452000
6453000
6454000
6455000
6456000
6457000
6458000
6459000
6460000
6461000
6462000
6463000
6464000
6465000
6466000
6467000
6468000
6469000
6470000
6471000
6472000
6473000
6474000
6475000
6476000
6477000
6478000
6479000
6480000
6481000
6482000
6483000
6484000
6485000
6486000
6487000
6488000
6489000
6490000
6491000
6492000
6493000
6494000
6495000
6496000
6497000
6498000
6499000
6500000
6501000
6502000
6503000
6504000
6505000
6506000
6507000
6508000
6509000
6510000
6511000
6512000
6513000
6514000
6515000
6516000
6517000
6518000
6519000
6520000
6521000
6522000
6523000
6524000
6525000
6526000
6527000
6528000
6529000
6530000
6531000
6532000
6533000
6534000
6535000
6536000
6537000
6538000
6539000
6540000
6541000
6542000
6543000
6544000
6545000
6546000
6547000
6548000
6549000
6550000
6551000
6552000
6553000
6554000
6555000
6556000
6557000
6558000
6559000
6560000
6561000
6562000
6563000
6564000
6565000
6566000
6567000
6568000
6569000
6570000
6571000
6572000
6573000
6574000
6575000
6576000
6577000
6578000
6579000
6580000
6581000
6582000
6583000
6584000
6585000
6586000
6587000
6588000
6589000
6590000
6591000
6592000
6593000
6594000
6595000
6596000
6597000
6598000
6599000
6600000
6601000
6602000
6603000
6604000
6605000
6606000
6607000
6608000
6609000
6610000
6611000
6612000
6613000
6614000
6615000
6616000
6617000
6618000
6619000
6620000
6621000
6622000
6623000
6624000
6625000
6626000
6627000
6628000
6629000
6630000
6631000
6632000
6633000
6634000
6635000
6636000
6637000
6638000
6639000
6640000
6641000
6642000
6643000
6644000
6645000
6646000
6647000
6648000
6649000
6650000
6651000
6652000
6653000
6654000
6655000
6656000
6657000
6658000
6659000
6660000
6661000
6662000
6663000
6664000
6665000
6666000
6667000
6668000
6669000
6670000
6671000
6672000
6673000
6674000
6675000
6676000
6677000
6678000
6679000
6680000
6681000
6682000
6683000
6684000
6685000
6686000
6687000
6688000
6689000
6690000
6691000
6692000
6693000
6694000
6695000
6696000
6697000
6698000
6699000
6700000
6701000
6702000
6703000
6704000
6705000
6706000
6707000
6708000
6709000
6710000
6711000
6712000
6713000
6714000
6715000
6716000
6717000
6718000
6719000
6720000
6721000
6722000
6723000
6724000
6725000
6726000
6727000
6728000
6729000
6730000
6731000
6732000
6733000
6734000
6735000
6736000
6737000
6738000
6739000
6740000
6741000
6742000
6743000
6744000
6745000
6746000
6747000
6748000
6749000
6750000
6751000
6752000
6753000
6754000
6755000
6756000
6757000
6758000
6759000
6760000
6761000
6762000
6763000
6764000
6765000
6766000
6767000
6768000
6769000
6770000
6771000
6772000
6773000
6774000
6775000
6776000
6777000
6778000
6779000
6780000
6781000
6782000
6783000
6784000
6785000
6786000
6787000
6788000
6789000
6790000
6791000
6792000
6793000
6794000
6795000
6796000
6797000
6798000
6799000
6800000
6801000
6802000
6803000
6804000
6805000
6806000
6807000
6808000
6809000
6810000
6811000
6812000
6813000
6814000
6815000
6816000
6817000
6818000
6819000
6820000
6821000
6822000
6823000
6824000
6825000
6826000
6827000
6828000
6829000
6830000
6831000
6832000
6833000
6834000
6835000
6836000
6837000
6838000
6839000
6840000
6841000
6842000
6843000
6844000
6845000
6846000
6847000
6848000
6849000
6850000
6851000
6852000
6853000
6854000
6855000
6856000
6857000
6858000
6859000
6860000
6861000
6862000
6863000
6864000
6865000
6866000
6867000
6868000
6869000
6870000
6871000
6872000
6873000
6874000
6875000
6876000
6877000
6878000
6879000
6880000
6881000
6882000
6883000
6884000
6885000
6886000
6887000
6888000
6889000
6890000
6891000
6892000
6893000
6894000
6895000
6896000
6897000
6898000
6899000
6900000
6901000
6902000
6903000
6904000
6905000
6906000
6907000
6908000
6909000
6910000
6911000
6912000
6913000
6914000
6915000
6916000
6917000
6918000
6919000
6920000
6921000
6922000
6923000
6924000
6925000
6926000
6927000
6928000
6929000
6930000
6931000
6932000
6933000
6934000
6935000
6936000
6937000
6938000
6939000
6940000
6941000
6942000
6943000
6944000
6945000
6946000
6947000
6948000
6949000
6950000
6951000
6952000
6953000
6954000
6955000
6956000
6957000
6958000
6959000
6960000
6961000
6962000
6963000
6964000
6965000
6966000
6967000
6968000
6969000
6970000
6971000
6972000
6973000
6974000
6975000
6976000
6977000
6978000
6979000
6980000
6981000
6982000
6983000
6984000
6985000
6986000
6987000
6988000
6989000
6990000
6991000
6992000
6993000
6994000
6995000
6996000
6997000
6998000
6999000
7000000
7001000
7002000
7003000
7004000
7005000
7006000
7007000
7008000
7009000
7010000
7011000
7012000
7013000
7014000
7015000
7016000
7017000
7018000
7019000
7020000
7021000
7022000
7023000
7024000
7025000
7026000
7027000
7028000
7029000
7030000
7031000
7032000
7033000
7034000
7035000
7036000
7037000
7038000
7039000
7040000
7041000
7042000
7043000
7044000
7045000
7046000
7047000
7048000
7049000
7050000
7051000
7052000
7053000
7054000
7055000
7056000
7057000
7058000
7059000
7060000
7061000
7062000
7063000
7064000
7065000
7066000
7067000
7068000
7069000
7070000
7071000
7072000
7073000
7074000
7075000
7076000
7077000
7078000
7079000
7080000
7081000
7082000
7083000
7084000
7085000
7086000
7087000
7088000
7089000
7090000
7091000
7092000
7093000
7094000
7095000
7096000
7097000
7098000
7099000
7100000
7101000
7102000
7103000
7104000
7105000
7106000
7107000
7108000
7109000
7110000
7111000
7112000
7113000
7114000
7115000
7116000
7117000
7118000
7119000
7120000
7121000
7122000
7123000
7124000
7125000
7126000
7127000
7128000
7129000
7130000
7131000
7132000
7133000
7134000
7135000
7136000
7137000
7138000
7139000
7140000
7141000
7142000
7143000
7144000
7145000
7146000
7147000
7148000
7149000
7150000
7151000
7152000
7153000
7154000
7155000
7156000
7157000
7158000
7159000
7160000
7161000
7162000
7163000
7164000
7165000
7166000
7167000
7168000
7169000
7170000
7171000
7172000
7173000
7174000
7175000
7176000
7177000
7178000
7179000
7180000
7181000
7182000
7183000
7184000
7185000
7186000
7187000
7188000
7189000
7190000
7191000
7192000
7193000
7194000
7195000
7196000
7197000
7198000
7199000
7200000
7201000
7202000
7203000
7204000
7205000
7206000
7207000
7208000
7209000
7210000
7211000
7212000
7213000
7214000
7215000
7216000
7217000
7218000
7219000
7220000
7221000
7222000
7223000
7224000
7225000
7226000
7227000
7228000
7229000
7230000
7231000
7232000
7233000
7234000
7235000
7236000
7237000
7238000
7239000
7240000
7241000
7242000
7243000
7244000
7245000
7246000
7247000
7248000
7249000
7250000
7251000
7252000
7253000
7254000
7255000
7256000
7257000
7258000
7259000
7260000
7261000
7262000
7263000
7264000
7265000
7266000
7267000
7268000
7269000
7270000
7271000
7272000
7273000
7274000
7275000
7276000
7277000
7278000
7279000
7280000
7281000
7282000
7283000
7284000
7285000
7286000
7287000
7288000
7289000
7290000
7291000
7292000
7293000
7294000
7295000
7296000
7297000
7298000
7299000
7300000
7301000
7302000
7303000
7304000
7305000
7306000
7307000
7308000
7309000
7310000
7311000
7312000
7313000
7314000
7315000
7316000
7317000
7318000
7319000
7320000
7321000
7322000
7323000
7324000
7325000
7326000
7327000
7328000
7329000
7330000
7331000
7332000
7333000
7334000
7335000
7336000
7337000
7338000
7339000
7340000
7341000
7342000
7343000
7344000
7345000
7346000
7347000
7348000
7349000
7350000
7351000
7352000
7353000
7354000
7355000
7356000
7357000
7358000
7359000
7360000
7361000
7362000
7363000
7364000
7365000
7366000
7367000
7368000
7369000
7370000
7371000
7372000
7373000
7374000
7375000
7376000
7377000
7378000
7379000
7380000
7381000
7382000
7383000
7384000
7385000
7386000
7387000
7388000
7389000
7390000
7391000
7392000
7393000
7394000
7395000
7396000
7397000
7398000
7399000
7400000
7401000
7402000
7403000
7404000
7405000
7406000
7407000
7408000
7409000
7410000
7411000
7412000
7413000
7414000
7415000
7416000
7417000
7418000
7419000
7420000
7421000
7422000
7423000
7424000
7425000
7426000
7427000
7428000
7429000
7430000
7431000
7432000
7433000
7434000
7435000
7436000
7437000
7438000
7439000
7440000
7441000
7442000
7443000
7444000
7445000
7446000
7447000
7448000
7449000
7450000
7451000
7452000
7453000
7454000
7455000
7456000
7457000
7458000
7459000
7460000
7461000
7462000
7463000
7464000
7465000
7466000
7467000
7468000
7469000
7470000
7471000
7472000
7473000
7474000
7475000
7476000
7477000
7478000
7479000
7480000
7481000
7482000
7483000
7484000
7485000
7486000
7487000
7488000
7489000
7490000
7491000
7492000
7493000
7494000
7495000
7496000
7497000
7498000
7499000
7500000
7501000
7502000
7503000
7504000
7505000
7506000
7507000
7508000
7509000
7510000
7511000
7512000
7513000
7514000
7515000
7516000
7517000
7518000
7519000
7520000
7521000
7522000
7523000
7524000
7525000
7526000
7527000
7528000
7529000
7530000
7531000
7532000
7533000
7534000
7535000
7536000
7537000
7538000
7539000
7540000
7541000
7542000
7543000
7544000
7545000
7546000
7547000
7548000
7549000
7550000
7551000
7552000
7553000
7554000
7555000
7556000
7557000
7558000
7559000
7560000
7561000
7562000
7563000
7564000
7565000
7566000
7567000
7568000
7569000
7570000
7571000
7572000
7573000
7574000
7575000
7576000
7577000
7578000
7579000
7580000
7581000
7582000
7583000
7584000
7585000
7586000
7587000
7588000
7589000
7590000
7591000
7592000
7593000
7594000
7595000
7596000
7597000
7598000
7599000
7600000
7601000
7602000
7603000
7604000
7605000
7606000
7607000
7608000
7609000
7610000
7611000
7612000
7613000
7614000
7615000
7616000
7617000
7618000
7619000
7620000
7621000
7622000
7623000
7624000
7625000
7626000
7627000
7628000
7629000
7630000
7631000
7632000
7633000
7634000
7635000
7636000
7637000
7638000
7639000
7640000
7641000
7642000
7643000
7644000
7645000
7646000
7647000
7648000
7649000
7650000
7651000
7652000
7653000
7654000
7655000
7656000
7657000
7658000
7659000
7660000
7661000
7662000
7663000
7664000
7665000
7666000
7667000
7668000
7669000
7670000
7671000
7672000
7673000
7674000
7675000
7676000
7677000
7678000
7679000
7680000
7681000
7682000
7683000
7684000
7685000
7686000
7687000
7688000
7689000
7690000
7691000
7692000
7693000
7694000
7695000
7696000
7697000
7698000
7699000
7700000
7701000
7702000
7703000
7704000
7705000
7706000
7707000
7708000
7709000
7710000
7711000
7712000
7713000
7714000
7715000
7716000
7717000
7718000
7719000
7720000
7721000
7722000
7723000
7724000
7725000
7726000
7727000
7728000
7729000
7730000
7731000
7732000
7733000
7734000
7735000
7736000
7737000
7738000
7739000
7740000
7741000
7742000
7743000
7744000
7745000
7746000
7747000
7748000
7749000
7750000
7751000
7752000
7753000
7754000
7755000
7756000
7757000
7758000
7759000
7760000
7761000
7762000
7763000
7764000
7765000
7766000
7767000
7768000
7769000
7770000
7771000
7772000
7773000
7774000
7775000
7776000
7777000
7778000
7779000
7780000
7781000
7782000
7783000
7784000
7785000
7786000
7787000
7788000
7789000
7790000
7791000
7792000
7793000
7794000
7795000
7796000
7797000
7798000
7799000
7800000
7801000
7802000
7803000
7804000
7805000
7806000
7807000
7808000
7809000
7810000
7811000
7812000
7813000
7814000
7815000
7816000
7817000
7818000
7819000
7820000
7821000
7822000
7823000
7824000
7825000
7826000
7827000
7828000
7829000
7830000
7831000
7832000
7833000
7834000
7835000
7836000
7837000
7838000
7839000
7840000
7841000
7842000
7843000
7844000
7845000
7846000
7847000
7848000
7849000
7850000
7851000
7852000
7853000
7854000
7855000
7856000
7857000
7858000
7859000
7860000
7861000
7862000
7863000
7864000
7865000
7866000
7867000
7868000
7869000
7870000
7871000
7872000
7873000
7874000
7875000
7876000
7877000
7878000
7879000
7880000
7881000
7882000
7883000
7884000
7885000
7886000
7887000
7888000
7889000
7890000
7891000
7892000
7893000
7894000
7895000
7896000
7897000
7898000
7899000
7900000
7901000
7902000
7903000
7904000
7905000
7906000
7907000
7908000
7909000
7910000
7911000
7912000
7913000
7914000
7915000
7916000
7917000
7918000
7919000
7920000
7921000
7922000
7923000
7924000
7925000
7926000
7927000
7928000
7929000
7930000
7931000
7932000
7933000
7934000
7935000
7936000
7937000
7938000
7939000
7940000
7941000
7942000
7943000
7944000
7945000
7946000
7947000
7948000
7949000
7950000
7951000
7952000
7953000
7954000
7955000
7956000
7957000
7958000
7959000
7960000
7961000
7962000
7963000
7964000
7965000
7966000
7967000
7968000
7969000
7970000
7971000
7972000
7973000
7974000
7975000
7976000
7977000
7978000
7979000
7980000
7981000
7982000
7983000
7984000
7985000
7986000
7987000
7988000
7989000
7990000
7991000
7992000
7993000
7994000
7995000
7996000
7997000
7998000
7999000
8000000
8001000
8002000
8003000
8004000
8005000
8006000
8007000
8008000
8009000
8010000
8011000
8012000
8013000
8014000
8015000
8016000
8017000
8018000
8019000
8020000
8021000
8022000
8023000
8024000
8025000
8026000
8027000
8028000
8029000
8030000
8031000
8032000
8033000
8034000
8035000
8036000
8037000
8038000
8039000
8040000
8041000
8042000
8043000
8044000
8045000
8046000
8047000
8048000
8049000
8050000
8051000
8052000
8053000
8054000
8055000
8056000
8057000
8058000
8059000
8060000
8061000
8062000
8063000
8064000
8065000
8066000
8067000
8068000
8069000
8070000
8071000
8072000
8073000
8074000
8075000
8076000
8077000
8078000
8079000
8080000
8081000
8082000
8083000
8084000
8085000
8086000
8087000
8088000
8089000
8090000
8091000
8092000
8093000
8094000
8095000
8096000
8097000
8098000
8099000
8100000
8101000
8102000
8103000
8104000
8105000
8106000
8107000
8108000
8109000
8110000
8111000
8112000
8113000
8114000
8115000
8116000
8117000
8118000
8119000
8120000
8121000
8122000
8123000
8124000
8125000
8126000
8127000
8128000
8129000
8130000
8131000
8132000
8133000
8134000
8135000
8136000
8137000
8138000
8139000
8140000
8141000
8142000
8143000
8144000
8145000
8146000
8147000
8148000
8149000
8150000
8151000
8152000
8153000
8154000
8155000
8156000
8157000
8158000
8159000
8160000
8161000
8162000
8163000
8164000
8165000
8166000
8167000
8168000
8169000
8170000
8171000
8172000
8173000
8174000
8175000
8176000
8177000
8178000
8179000
8180000
8181000
8182000
8183000
8184000
8185000
8186000
8187000
8188000
8189000
8190000
8191000
8192000
8193000
8194000
8195000
8196000
8197000
8198000
8199000
8200000
8201000
8202000
8203000
8204000
8205000
8206000
8207000
8208000
8209000
8210000
8211000
8212000
8213000
8214000
8215000
8216000
8217000
8218000
8219000
8220000
8221000
8222000
8223000
8224000
8225000
8226000
8227000
8228000
8229000
8230000
8231000
8232000
8233000
8234000
8235000
8236000
8237000
8238000
8239000
8240000
8241000
8242000
8243000
8244000
8245000
8246000
8247000
8248000
8249000
8250000
8251000
8252000
8253000
8254000
8255000
8256000
8257000
8258000
8259000
8260000
8261000
8262000
8263000
8264000
8265000
8266000
8267000
8268000
8269000
8270000
8271000
8272000
8273000
8274000
8275000
8276000
8277000
8278000
8279000
8280000
8281000
8282000
8283000
8284000
8285000
8286000
8287000
8288000
8289000
8290000
8291000
8292000
8293000
8294000
8295000
8296000
8297000
8298000
8299000
8300000
8301000
8302000
8303000
8304000
8305000
8306000
8307000
8308000
8309000
8310000
8311000
8312000
8313000
8314000
8315000
8316000
8317000
8318000
8319000
8320000
8321000
8322000
8323000
8324000
8325000
8326000
8327000
8328000
8329000
8330000
8331000
8332000
8333000
8334000
8335000
8336000
8337000
8338000
8339000
8340000
8341000
8342000
8343000
8344000
8345000
8346000
8347000
8348000
8349000
8350000
8351000
8352000
8353000
8354000
8355000
8356000
8357000
8358000
8359000
8360000
8361000
8362000
8363000
8364000
8365000
8366000
8367000
8368000
8369000
8370000
8371000
8372000
8373000
8374000
8375000
8376000
8377000
8378000
8379000
8380000
8381000
8382000
8383000
8384000
8385000
8386000
8387000
8388000
8389000
8390000
8391000
8392000
8393000
8394000
8395000
8396000
8397000
8398000
8399000
8400000
8401000
8402000
8403000
8404000
8405000
8406000
8407000
8408000
8409000
8410000
8411000
8412000
8413000
8414000
8415000
8416000
8417000
8418000
8419000
8420000
8421000
8422000
8423000
8424000
8425000
8426000
8427000
8428000
8429000
8430000
8431000
8432000
8433000
8434000
8435000
8436000
8437000
8438000
8439000
8440000
8441000
8442000
8443000
8444000
8445000
8446000
8447000
8448000
8449000
8450000
8451000
8452000
8453000
8454000
8455000
8456000
8457000
8458000
8459000
8460000
8461000
8462000
8463000
8464000
8465000
8466000
8467000
8468000
8469000
8470000
8471000
8472000
8473000
8474000
8475000
8476000
8477000
8478000
8479000
8480000
8481000
8482000
8483000
8484000
8485000
8486000
8487000
8488000
8489000
8490000
8491000
8492000
8493000
8494000
8495000
8496000
8497000
8498000
8499000
8500000
8501000
8502000
8503000
8504000
8505000
8506000
8507000
8508000
8509000
8510000
8511000
8512000
8513000
8514000
8515000
8516000
8517000
8518000
8519000
8520000
8521000
8522000
8523000
8524000
8525000
8526000
8527000
8528000
8529000
8530000
8531000
8532000
8533000
8534000
8535000
8536000
8537000
8538000
8539000
8540000
8541000
8542000
8543000
8544000
8545000
8546000
8547000
8548000
8549000
8550000
8551000
8552000
8553000
8554000
8555000
8556000
8557000
8558000
8559000
8560000
8561000
8562000
8563000
8564000
8565000
8566000
8567000
8568000
8569000
8570000
8571000
8572000
8573000
8574000
8575000
8576000
8577000
8578000
8579000
8580000
8581000
8582000
8583000
8584000
8585000
8586000
8587000
8588000
8589000
8590000
8591000
8592000
8593000
8594000
8595000
8596000
8597000
8598000
8599000
8600000
8601000
8602000
8603000
8604000
8605000
8606000
8607000
8608000
8609000
8610000
8611000
8612000
8613000
8614000
8615000
8616000
8617000
8618000
8619000
8620000
8621000
8622000
8623000
8624000
8625000
8626000
8627000
8628000
8629000
8630000
8631000
8632000
8633000
8634000
8635000
8636000
8637000
8638000
8639000
8640000
8641000
8642000
8643000
8644000
8645000
8646000
8647000
8648000
8649000
8650000
8651000
8652000
8653000
8654000
8655000
8656000
8657000
8658000
8659000
8660000
8661000
8662000
8663000
8664000
8665000
8666000
8667000
8668000
8669000
8670000
8671000
8672000
8673000
8674000
8675000
8676000
8677000
8678000
8679000
8680000
8681000
8682000
8683000
8684000
8685000
8686000
8687000
8688000
8689000
8690000
8691000
8692000
8693000
8694000
8695000
8696000
8697000
8698000
8699000
8700000
8701000
8702000
8703000
8704000
8705000
8706000
8707000
8708000
8709000
8710000
8711000
8712000
8713000
8714000
8715000
8716000
8717000
8718000
8719000
8720000
8721000
8722000
8723000
8724000
8725000
8726000
8727000
8728000
8729000
8730000
8731000
8732000
8733000
8734000
8735000
8736000
8737000
8738000
8739000
8740000
8741000
8742000
8743000
8744000
8745000
8746000
8747000
8748000
8749000
8750000
8751000
8752000
8753000
8754000
8755000
8756000
8757000
8758000
8759000
8760000
8761000
8762000
8763000
8764000
8765000
8766000
8767000
8768000
8769000
8770000
8771000
8772000
8773000
8774000
8775000
8776000
8777000
8778000
8779000
8780000
8781000
8782000
8783000
8784000
8785000
8786000
8787000
8788000
8789000
8790000
8791000
8792000
8793000
8794000
8795000
8796000
8797000
8798000
8799000
8800000
8801000
8802000
8803000
8804000
8805000
8806000
8807000
8808000
8809000
8810000
8811000
8812000
8813000
8814000
8815000
8816000
8817000
8818000
8819000
8820000
8821000
8822000
8823000
8824000
8825000
8826000
8827000
8828000
8829000
8830000
8831000
8832000
8833000
8834000
8835000
8836000
8837000
8838000
8839000
8840000
8841000
8842000
8843000
8844000
8845000
8846000
8847000
8848000
8849000
8850000
8851000
8852000
8853000
8854000
8855000
8856000
8857000
8858000
8859000
8860000
8861000
8862000
8863000
8864000
8865000
8866000
8867000
8868000
8869000
8870000
8871000
8872000
8873000
8874000
8875000
8876000
8877000
8878000
8879000
8880000
8881000
8882000
8883000
8884000
8885000
8886000
8887000
8888000
8889000
8890000
8891000
8892000
8893000
8894000
8895000
8896000
8897000
8898000
8899000
8900000
8901000
8902000
8903000
8904000
8905000
8906000
8907000
8908000
8909000
8910000
8911000
8912000
8913000
8914000
8915000
8916000
8917000
8918000
8919000
8920000
8921000
8922000
8923000
8924000
8925000
8926000
8927000
8928000
8929000
8930000
8931000
8932000
8933000
8934000
8935000
8936000
8937000
8938000
8939000
8940000
8941000
8942000
8943000
8944000
8945000
8946000
8947000
8948000
8949000
8950000
8951000
8952000
8953000
8954000
8955000
8956000
8957000
8958000
8959000
8960000
8961000
8962000
8963000
8964000
8965000
8966000
8967000
8968000
8969000
8970000
8971000
8972000
8973000
8974000
8975000
8976000
8977000
8978000
8979000
8980000
8981000
8982000
8983000
8984000
8985000
8986000
8987000
8988000
8989000
8990000
8991000
8992000
8993000
8994000
8995000
8996000
8997000
8998000
8999000
9000000
9001000
9002000
9003000
9004000
9005000
9006000
9007000
9008000
9009000
9010000
9011000
9012000
9013000
9014000
9015000
9016000
9017000
9018000
9019000
9020000
9021000
9022000
9023000
9024000
9025000
9026000
9027000
9028000
9029000
9030000
9031000
9032000
9033000
9034000
9035000
9036000
9037000
9038000
9039000
9040000
9041000
9042000
9043000
9044000
9045000
9046000
9047000
9048000
9049000
9050000
9051000
9052000
9053000
9054000
9055000
9056000
9057000
9058000
9059000
9060000
9061000
9062000
9063000
9064000
9065000
9066000
9067000
9068000
9069000
9070000
9071000
9072000
9073000
9074000
9075000
9076000
9077000
9078000
9079000
9080000
9081000
9082000
9083000
9084000
9085000
9086000
9087000
9088000
9089000
9090000
9091000
9092000
9093000
9094000
9095000
9096000
9097000
9098000
9099000
9100000
9101000
9102000
9103000
9104000
9105000
9106000
9107000
9108000
9109000
9110000
9111000
9112000
9113000
9114000
9115000
9116000
9117000
9118000
9119000
9120000
9121000
9122000
9123000
9124000
9125000
9126000
9127000
9128000
9129000
9130000
9131000
9132000
9133000
9134000
9135000
9136000
9137000
9138000
9139000
9140000
9141000
9142000
9143000
9144000
9145000
9146000
9147000
9148000
9149000
9150000
9151000
9152000
9153000
9154000
9155000
9156000
9157000
9158000
9159000
9160000
9161000
9162000
9163000
9164000
9165000
9166000
9167000
9168000
9169000
9170000
9171000
9172000
9173000
9174000
9175000
9176000
9177000
9178000
9179000
9180000
9181000
9182000
9183000
9184000
9185000
9186000
9187000
9188000
9189000
9190000
9191000
9192000
9193000
9194000
9195000
9196000
9197000
9198000
9199000
9200000
9201000
9202000
9203000
9204000
9205000
9206000
9207000
9208000
9209000
9210000
9211000
9212000
9213000
9214000
9215000
9216000
9217000
9218000
9219000
9220000
9221000
9222000
9223000
9224000
9225000
9226000
9227000
9228000
9229000
9230000
9231000
9232000
9233000
9234000
9235000
9236000
9237000
9238000
9239000
9240000
9241000
9242000
9243000
9244000
9245000
9246000
9247000
9248000
9249000
9250000
9251000
9252000
9253000
9254000
9255000
9256000
9257000
9258000
9259000
9260000
9261000
9262000
9263000
9264000
9265000
9266000
9267000
9268000
9269000
9270000
9271000
9272000
9273000
9274000
9275000
9276000
9277000
9278000
9279000
9280000
9281000
9282000
9283000
9284000
9285000
9286000
9287000
9288000
9289000
9290000
9291000
9292000
9293000
9294000
9295000
9296000
9297000
9298000
9299000
9300000
9301000
9302000
9303000
9304000
9305000
9306000
9307000
9308000
9309000
9310000
9311000
9312000
9313000
9314000
9315000
9316000
9317000
9318000
9319000
9320000
9321000
9322000
9323000
9324000
9325000
9326000
9327000
9328000
9329000
9330000
9331000
9332000
9333000
9334000
9335000
9336000
9337000
9338000
9339000
9340000
9341000
9342000
9343000
9344000
9345000
9346000
9347000
9348000
9349000
9350000
9351000
9352000
9353000
9354000
9355000
9356000
9357000
9358000
9359000
9360000
9361000
9362000
9363000
9364000
9365000
9366000
9367000
9368000
9369000
9370000
9371000
9372000
9373000
9374000
9375000
9376000
9377000
9378000
9379000
9380000
9381000
9382000
9383000
9384000
9385000
9386000
9387000
9388000
9389000
9390000
9391000
9392000
9393000
9394000
9395000
9396000
9397000
9398000
9399000
9400000
9401000
9402000
9403000
9404000
9405000
9406000
9407000
9408000
9409000
9410000
9411000
9412000
9413000
9414000
9415000
9416000
9417000
9418000
9419000
9420000
9421000
9422000
9423000
9424000
9425000
9426000
9427000
9428000
9429000
9430000
9431000
9432000
9433000
9434000
9435000
9436000
9437000
9438000
9439000
9440000
9441000
9442000
9443000
9444000
9445000
9446000
9447000
9448000
9449000
9450000
9451000
9452000
9453000
9454000
9455000
9456000
9457000
9458000
9459000
9460000
9461000
9462000
9463000
9464000
9465000
9466000
9467000
9468000
9469000
9470000
9471000
9472000
9473000
9474000
9475000
9476000
9477000
9478000
9479000
9480000
9481000
9482000
9483000
9484000
9485000
9486000
9487000
9488000
9489000
9490000
9491000
9492000
9493000
9494000
9495000
9496000
9497000
9498000
9499000
9500000
9501000
9502000
9503000
9504000
9505000
9506000
9507000
9508000
9509000
9510000
9511000
9512000
9513000
9514000
9515000
9516000
9517000
9518000
9519000
9520000
9521000
9522000
9523000
9524000
9525000
9526000
9527000
9528000
9529000
9530000
9531000
9532000
9533000
9534000
9535000
9536000
9537000
9538000
9539000
9540000
9541000
9542000
9543000
9544000
9545000
9546000
9547000
9548000
9549000
9550000
9551000
9552000
9553000
9554000
9555000
9556000
9557000
9558000
9559000
9560000
9561000
9562000
9563000
9564000
9565000
9566000
9567000
9568000
9569000
9570000
9571000
9572000
9573000
9574000
9575000
9576000
9577000
9578000
9579000
9580000
9581000
9582000
9583000
9584000
9585000
9586000
9587000
9588000
9589000
9590000
9591000
9592000
9593000
9594000
9595000
9596000
9597000
9598000
9599000
9600000
9601000
9602000
9603000
9604000
9605000
9606000
9607000
9608000
9609000
9610000
9611000
9612000
9613000
9614000
9615000
9616000
9617000
9618000
9619000
9620000
9621000
9622000
9623000
9624000
9625000
9626000
9627000
9628000
9629000
9630000
9631000
9632000
9633000
9634000
9635000
9636000
9637000
9638000
9639000
9640000
9641000
9642000
9643000
9644000
9645000
9646000
9647000
9648000
9649000
9650000
9651000
9652000
9653000
9654000
9655000
9656000
9657000
9658000
9659000
9660000
9661000
9662000
9663000
9664000
9665000
9666000
9667000
9668000
9669000
9670000
9671000
9672000
9673000
9674000
9675000
9676000
9677000
9678000
9679000
9680000
9681000
9682000
9683000
9684000
9685000
9686000
9687000
9688000
9689000
9690000
9691000
9692000
9693000
9694000
9695000
9696000
9697000
9698000
9699000
9700000
9701000
9702000
9703000
9704000
9705000
9706000
9707000
9708000
9709000
9710000
9711000
9712000
9713000
9714000
9715000
9716000
9717000
9718000
9719000
9720000
9721000
9722000
9723000
9724000
9725000
9726000
9727000
9728000
9729000
9730000
9731000
9732000
9733000
9734000
9735000
9736000
9737000
9738000
9739000
9740000
9741000
9742000
9743000
9744000
9745000
9746000
9747000
9748000
9749000
9750000
9751000
9752000
9753000
9754000
9755000
9756000
9757000
9758000
9759000
9760000
9761000
9762000
9763000
9764000
9765000
9766000
9767000
9768000
9769000
9770000
9771000
9772000
9773000
9774000
9775000
9776000
9777000
9778000
9779000
9780000
9781000
9782000
9783000
9784000
9785000
9786000
9787000
9788000
9789000
9790000
9791000
9792000
9793000
9794000
9795000
9796000
9797000
9798000
9799000
9800000
9801000
9802000
9803000
9804000
9805000
9806000
9807000
9808000
9809000
9810000
9811000
9812000
9813000
9814000
9815000
9816000
9817000
9818000
9819000
9820000
9821000
9822000
9823000
9824000
9825000
9826000
9827000
9828000
9829000
9830000
9831000
9832000
9833000
9834000
9835000
9836000
9837000
9838000
9839000
9840000
9841000
9842000
9843000
9844000
9845000
9846000
9847000
9848000
9849000
9850000
9851000
9852000
9853000
9854000
9855000
9856000
9857000
9858000
9859000
9860000
9861000
9862000
9863000
9864000
9865000
9866000
9867000
9868000
9869000
9870000
9871000
9872000
9873000
9874000
9875000
9876000
9877000
9878000
9879000
9880000
9881000
9882000
9883000
9884000
9885000
9886000
9887000
9888000
9889000
9890000
9891000
9892000
9893000
9894000
9895000
9896000
9897000
9898000
9899000
9900000
9901000
9902000
9903000
9904000
9905000
9906000
9907000
9908000
9909000
9910000
9911000
9912000
9913000
9914000
9915000
9916000
9917000
9918000
9919000
9920000
9921000
9922000
9923000
9924000
9925000
9926000
9927000
9928000
9929000
9930000
9931000
9932000
9933000
9934000
9935000
9936000
9937000
9938000
9939000
9940000
9941000
9942000
9943000
9944000
9945000
9946000
9947000
9948000
9949000
9950000
9951000
9952000
9953000
9954000
9955000
9956000
9957000
9958000
9959000
9960000
9961000
9962000
9963000
9964000
9965000
9966000
9967000
9968000
9969000
9970000
9971000
9972000
9973000
9974000
9975000
9976000
9977000
9978000
9979000
9980000
9981000
9982000
9983000
9984000
9985000
9986000
9987000
9988000
9989000
9990000
9991000
9992000
9993000
9994000
9995000
9996000
9997000
9998000
9999000
10000000
10001000
10002000
10003000
10004000
10005000
10006000
10007000
10008000
10009000
10010000
10011000
10012000
10013000
10014000
10015000
10016000
10017000
10018000
10019000
10020000
10021000
10022000
10023000
10024000
10025000
10026000
10027000
10028000
10029000
10030000
10031000
10032000
10033000
10034000
10035000
10036000
10037000
10038000
10039000
10040000
10041000
10042000
10043000
10044000
10045000
10046000
10047000
10048000
10049000
10050000
10051000
10052000
10053000
10054000
10055000
10056000
10057000
10058000
10059000
10060000
10061000
10062000
10063000
10064000
10065000
10066000
10067000
10068000
10069000
10070000
10071000
10072000
10073000
10074000
10075000
10076000
10077000
10078000
10079000
10080000
10081000
10082000
10083000
10084000
10085000
10086000
10087000
10088000
10089000
10090000
10091000
10092000
10093000
10094000
10095000
10096000
10097000
10098000
10099000
10100000
10101000
10102000
10103000
10104000
10105000
10106000
10107000
10108000
10109000
10110000
10111000
10112000
10113000
10114000
10115000
10116000
10117000
10118000
10119000
10120000
10121000
10122000
10123000
10124000
10125000
10126000
10127000
10128000
10129000
10130000
10131000
10132000
10133000
10134000
10135000
10136000
10137000
10138000
10139000
10140000
10141000
10142000
10143000
10144000
10145000
10146000
10147000
10148000
10149000
10150000
10151000
10152000
10153000
10154000
10155000
10156000
10157000
10158000
10159000
10160000
10161000
10162000
10163000
10164000
10165000
10166000
10167000
10168000
10169000
10170000
10171000
10172000
10173000
10174000
10175000
10176000
10177000
10178000
10179000
10180000
10181000
10182000
10183000
10184000
10185000
10186000
10187000
10188000
10189000
10190000
10191000
10192000
10193000
10194000
10195000
10196000
10197000
10198000
10199000
10200000
10201000
10202000
10203000
10204000
10205000
10206000
10207000
10208000
10209000
10210000
10211000
10212000
10213000
10214000
10215000
10216000
10217000
10218000
10219000
10220000
10221000
10222000
10223000
10224000
10225000
10226000
10227000
10228000
10229000
10230000
10231000
10232000
10233000
10234000
10235000
10236000
10237000
10238000
10239000
10240000
10241000
10242000
10243000
10244000
10245000
10246000
10247000
10248000
10249000
10250000
10251000
10252000
10253000
10254000
10255000
10256000
10257000
10258000
10259000
10260000
10261000
10262000
10263000
10264000
10265000
10266000
10267000
10268000
10269000
10270000
10271000
10272000
10273000
10274000
10275000
10276000
10277000
10278000
10279000
10280000
10281000
10282000
10283000
10284000
10285000
10286000
10287000
10288000
10289000
10290000
10291000
10292000
10293000
10294000
10295000
10296000
10297000
10298000
10299000
10300000
10301000
10302000
10303000
10304000
10305000
10306000
10307000
10308000
10309000
10310000
10311000
10312000
10313000
10314000
10315000
10316000
10317000
10318000
10319000
10320000
10321000
10322000
10323000
10324000
10325000
10326000
10327000
10328000
10329000
10330000
10331000
10332000
10333000
10334000
10335000
10336000
10337000
10338000
10339000
10340000
10341000
10342000
10343000
10344000
10345000
10346000
10347000
10348000
10349000
10350000
10351000
10352000
10353000
10354000
10355000
10356000
10357000
10358000
10359000
10360000
10361000
10362000
10363000
10364000
10365000
10366000
10367000
10368000
10369000
10370000
10371000
10372000
10373000
10374000
10375000
10376000
10377000
10378000
10379000
10380000
10381000
10382000
10383000
10384000
10385000
10386000
10387000
10388000
10389000
10390000
10391000
10392000
10393000
10394000
10395000
10396000
10397000
10398000
10399000
10400000
10401000
10402000
10403000
10404000
10405000
10406000
10407000
10408000
10409000
10410000
10411000
10412000
10413000
10414000
10415000
10416000
10417000
10418000
10419000
10420000
10421000
10422000
10423000
10424000
10425000
10426000
10427000
10428000
10429000
10430000
10431000
10432000
10433000
10434000
10435000
10436000
10437000
10438000
10439000
10440000
10441000
10442000
10443000
10444000
10445000
10446000
10447000
10448000
10449000
10450000
10451000
10452000
10453000
10454000
10455000
10456000
10457000
10458000
10459000
10460000
10461000
10462000
10463000
10464000
10465000
10466000
10467000
10468000
10469000
10470000
10471000
10472000
10473000
10474000
10475000
10476000
10477000
10478000
10479000
10480000
10481000
10482000
10483000
10484000
10485000
10486000
10487000
10488000
10489000
10490000
10491000
10492000
10493000
10494000
10495000
10496000
10497000
10498000
10499000
10500000
10501000
10502000
10503000
10504000
10505000
10506000
10507000
10508000
10509000
10510000
10511000
10512000
10513000
10514000
10515000
10516000
10517000
10518000
10519000
10520000
10521000
10522000
10523000
10524000
10525000
10526000
10527000
10528000
10529000
10530000
10531000
10532000
10533000
10534000
10535000
10536000
10537000
10538000
10539000
10540000
10541000
10542000
10543000
10544000
10545000
10546000
10547000
10548000
10549000
10550000
10551000
10552000
10553000
10554000
10555000
10556000
10557000
10558000
10559000
10560000
10561000
10562000
10563000
10564000
10565000
10566000
10567000
10568000
10569000
10570000
10571000
10572000
10573000
10574000
10575000
10576000
10577000
10578000
10579000
10580000
10581000
10582000
10583000
10584000
10585000
10586000
10587000
10588000
10589000
10590000
10591000
10592000
10593000
10594000
10595000
10596000
10597000
10598000
10599000
10600000
10601000
10602000
10603000
10604000
10605000
10606000
10607000
10608000
10609000
10610000
10611000
10612000
10613000
10614000
10615000
10616000
10617000
10618000
10619000
10620000
10621000
10622000
10623000
10624000
10625000
10626000
10627000
10628000
10629000
10630000
10631000
10632000
10633000
10634000
10635000
10636000
10637000
10638000
10639000
10640000
10641000
10642000
10643000
10644000
10645000
10646000
10647000
10648000
10649000
10650000
10651000
10652000
10653000
10654000
10655000
10656000
10657000
10658000
10659000
10660000
10661000
10662000
10663000
10664000
10665000
10666000
10667000
10668000
10669000
10670000
10671000
10672000
10673000
10674000
10675000
10676000
10677000
10678000
10679000
10680000
10681000
10682000
10683000
10684000
10685000
10686000
10687000
10688000
10689000
10690000
10691000
10692000
10693000
10694000
10695000
10696000
10697000
10698000
10699000
10700000
10701000
10702000
10703000
10704000
10705000
10706000
10707000
10708000
10709000
10710000
10711000
10712000
10713000
10714000
10715000
10716000
10717000
10718000
10719000
10720000
10721000
10722000
10723000
10724000
10725000
10726000
10727000
10728000
10729000
10730000
10731000
10732000
10733000
10734000
10735000
10736000
10737000
10738000
10739000
10740000
10741000
10742000
10743000
10744000
10745000
10746000
10747000
10748000
10749000
10750000
10751000
10752000
10753000
10754000
10755000
10756000
10757000
10758000
10759000
10760000
10761000
10762000
10763000
10764000
10765000
10766000
10767000
10768000
10769000
10770000
10771000
10772000
10773000
10774000
10775000
10776000
10777000
10778000
10779000
10780000
10781000
10782000
10783000
10784000
10785000
10786000
10787000
10788000
10789000
10790000
10791000
10792000
10793000
10794000
10795000
10796000
10797000
10798000
10799000
10800000
10801000
10802000
10803000
10804000
10805000
10806000
10807000
10808000
10809000
10810000
10811000
10812000
10813000
10814000
10815000
10816000
10817000
10818000
10819000
10820000
10821000
10822000
10823000
10824000
10825000
10826000
10827000
10828000
10829000
10830000
10831000
10832000
10833000
10834000
10835000
10836000
10837000
10838000
10839000
10840000
10841000
10842000
10843000
10844000
10845000
10846000
10847000
10848000
10849000
10850000
10851000
10852000
10853000
10854000
10855000
10856000
10857000
10858000
10859000
10860000
10861000
10862000
10863000
10864000
10865000
10866000
10867000
10868000
10869000
10870000
10871000
10872000
10873000
10874000
10875000
10876000
10877000
10878000
10879000
10880000
10881000
10882000
10883000
10884000
10885000
10886000
10887000
10888000
10889000
10890000
10891000
10892000
10893000
10894000
10895000
10896000
10897000
10898000
10899000
10900000
10901000
10902000
10903000
10904000
10905000
10906000
10907000
10908000
10909000
10910000
10911000
10912000
10913000
10914000
10915000
10916000
10917000
10918000
10919000
10920000
10921000
10922000
10923000
10924000
10925000
10926000
10927000
10928000
10929000
10930000
10931000
10932000
10933000
10934000
10935000
10936000
10937000
10938000
10939000
10940000
10941000
10942000
10943000
10944000
10945000
10946000
10947000
10948000
10949000
10950000
10951000
10952000
10953000
10954000
10955000
10956000
10957000
10958000
10959000
10960000
10961000
10962000
10963000
10964000
10965000
10966000
10967000
10968000
10969000
10970000
10971000
10972000
10973000
10974000
10975000
10976000
10977000
10978000
10979000
10980000
10981000
10982000
10983000
10984000
10985000
10986000
10987000
10988000
10989000
10990000
10991000
10992000
10993000
10994000
10995000
10996000
10997000
10998000
10999000
11000000
11001000
11002000
11003000
11004000
11005000
11006000
11007000
11008000
11009000
11010000
11011000
11012000
11013000
11014000
11015000
11016000
11017000
11018000
11019000
11020000
11021000
11022000
11023000
11024000
11025000
11026000
11027000
11028000
11029000
11030000
11031000
11032000
11033000
11034000
11035000
11036000
11037000
11038000
11039000
11040000
11041000
11042000
11043000
11044000
11045000
11046000
11047000
11048000
11049000
11050000
11051000
11052000
11053000
11054000
11055000
11056000
11057000
11058000
11059000
11060000
