12000
17000
22000
27000
32000
37000
42000
47000
52000
57000
62000
67000
72000
77000
82000
87000
92000
97000
102000
107000
112000
117000
122000
127000
132000
137000
142000
147000
152000
157000
162000
167000
172000
177000
182000
187000
192000
197000
202000
207000
212000
217000
222000
227000
232000
237000
242000
247000
252000
257000
262000
267000
272000
277000
282000
287000
292000
297000
302000
307000
312000
317000
322000
327000
332000
337000
342000
347000
352000
357000
362000
367000
372000
377000
382000
387000
392000
397000
402000
407000
412000
417000
422000
427000
432000
437000
442000
447000
452000
457000
462000
467000
472000
477000
482000
487000
492000
497000
502000
507000
512000
517000
522000
527000
532000
537000
542000
547000
552000
557000
562000
567000
572000
577000
582000
587000
592000
597000
602000
607000
612000
617000
622000
627000
632000
637000
642000
647000
652000
657000
662000
667000
672000
677000
682000
687000
692000
697000
702000
707000
712000
717000
722000
727000
732000
737000
742000
747000
752000
757000
762000
767000
772000
777000
782000
787000
792000
797000
802000
807000
812000
817000
822000
827000
832000
837000
842000
847000
852000
857000
862000
867000
872000
877000
882000
887000
892000
897000
902000
907000
912000
917000
922000
927000
932000
937000
942000
947000
952000
957000
962000
967000
972000
977000
982000
987000
992000
997000
1002000
1007000
1012000
1017000
1022000
1027000
1032000
1037000
1042000
1047000
1052000
1057000
1062000
1067000
1072000
1077000
1082000
1087000
1092000
1097000
1102000
1107000
1112000
1117000
1122000
1127000
1132000
1137000
1142000
1147000
1152000
1157000
1162000
1167000
1172000
1177000
1182000
1187000
1192000
1197000
1202000
1207000
1212000
1217000
1222000
1227000
1232000
1237000
1242000
1247000
1252000
1257000
1262000
1267000
1272000
1277000
1282000
1287000
1292000
1297000
1302000
1307000
1312000
1317000
1322000
1327000
1332000
1337000
1342000
1347000
1352000
1357000
1362000
1367000
1372000
1377000
1382000
1387000
1392000
1397000
1402000
1407000
1412000
1417000
1422000
1427000
1432000
1437000
1442000
1447000
1452000
1457000
1462000
1467000
1472000
1477000
1482000
1487000
1492000
1497000
1502000
1507000
1512000
1517000
1522000
1527000
1532000
1537000
1542000
1547000
1552000
1557000
1562000
1567000
1572000
1577000
1582000
1587000
1592000
1597000
1602000
1607000
1612000
1617000
1622000
1627000
1632000
1637000
1642000
1647000
1652000
1657000
1662000
1667000
1672000
1677000
1682000
1687000
1692000
1697000
1702000
1707000
1712000
1717000
1722000
1727000
1732000
1737000
1742000
1747000
1752000
1757000
1762000
1767000
1772000
1777000
1782000
1787000
1792000
1797000
1802000
1807000
1812000
1817000
1822000
1827000
1832000
1837000
1842000
1847000
1852000
1857000
1862000
1867000
1872000
1877000
1882000
1887000
1892000
1897000
1902000
1907000
1912000
1917000
1922000
1927000
1932000
1937000
1942000
1947000
1952000
1957000
1962000
1967000
1972000
1977000
1982000
1987000
1992000
1997000
2002000
2007000
2012000
2017000
2022000
2027000
2032000
2037000
2042000
2047000
2052000
2057000
2062000
2067000
2072000
2077000
2082000
2087000
2092000
2097000
2102000
2107000
2112000
2117000
2122000
2127000
2132000
2137000
2142000
2147000
2152000
2157000
2162000
2167000
2172000
2177000
2182000
2187000
2192000
2197000
2202000
2207000
2212000
2217000
2222000
2227000
2232000
2237000
2242000
2247000
2252000
2257000
2262000
2267000
2272000
2277000
2282000
2287000
2292000
2297000
2302000
2307000
2312000
2317000
2322000
2327000
2332000
2337000
2342000
2347000
2352000
2357000
2362000
2367000
2372000
2377000
2382000
2387000
2392000
2397000
2402000
2407000
2412000
2417000
2422000
2427000
2432000
2437000
2442000
2447000
2452000
2457000
2462000
2467000
2472000
2477000
2482000
2487000
2492000
2497000
2502000
2507000
2512000
2517000
2522000
2527000
2532000
2537000
2542000
2547000
2552000
2557000
2562000
2567000
2572000
2577000
2582000
2587000
2592000
2597000
2602000
2607000
2612000
2617000
2622000
2627000
2632000
2637000
2642000
2647000
2652000
2657000
2662000
2667000
2672000
2677000
2682000
2687000
2692000
2697000
2702000
2707000
2712000
2717000
2722000
2727000
2732000
2737000
2742000
2747000
2752000
2757000
2762000
2767000
2772000
2777000
2782000
2787000
2792000
2797000
2802000
2807000
2812000
2817000
2822000
2827000
2832000
2837000
2842000
2847000
2852000
2857000
2862000
2867000
2872000
2877000
2882000
2887000
2892000
2897000
2902000
2907000
2912000
2917000
2922000
2927000
2932000
2937000
2942000
2947000
2952000
2957000
2962000
2967000
2972000
2977000
2982000
2987000
2992000
2997000
3002000
3007000
3012000
3017000
3022000
3027000
3032000
3037000
3042000
3047000
3052000
3057000
3062000
3067000
3072000
3077000
3082000
3087000
3092000
3097000
3102000
3107000
3112000
3117000
3122000
3127000
3132000
3137000
3142000
3147000
3152000
3157000
3162000
3167000
3172000
3177000
3182000
3187000
3192000
3197000
3202000
3207000
3212000
3217000
3222000
3227000
3232000
3237000
3242000
3247000
3252000
3257000
3262000
3267000
3272000
3277000
3282000
3287000
3292000
3297000
3302000
3307000
3312000
3317000
3322000
3327000
3332000
3337000
3342000
3347000
3352000
3357000
3362000
3367000
3372000
3377000
3382000
3387000
3392000
3397000
3402000
3407000
3412000
3417000
3422000
3427000
3432000
3437000
3442000
3447000
3452000
3457000
3462000
3467000
3472000
3477000
3482000
3487000
3492000
3497000
3502000
3507000
3512000
3517000
3522000
3527000
3532000
3537000
3542000
3547000
3552000
3557000
3562000
3567000
3572000
3577000
3582000
3587000
3592000
3597000
3602000
3607000
3612000
3617000
3622000
3627000
3632000
3637000
3642000
3647000
3652000
3657000
3662000
3667000
3672000
3677000
3682000
3687000
3692000
3697000
3702000
3707000
3712000
3717000
3722000
3727000
3732000
3737000
3742000
3747000
3752000
3757000
3762000
3767000
3772000
3777000
3782000
3787000
3792000
3797000
3802000
3807000
3812000
3817000
3822000
3827000
3832000
3837000
3842000
3847000
3852000
3857000
3862000
3867000
3872000
3877000
3882000
3887000
3892000
3897000
3902000
3907000
3912000
3917000
3922000
3927000
3932000
3937000
3942000
3947000
3952000
3957000
3962000
3967000
3972000
3977000
3982000
3987000
3992000
3997000
4002000
4007000
4012000
4017000
4022000
4027000
4032000
4037000
4042000
4047000
4052000
4057000
4062000
4067000
4072000
4077000
4082000
4087000
4092000
4097000
4102000
4107000
4112000
4117000
4122000
4127000
4132000
4137000
4142000
4147000
4152000
4157000
4162000
4167000
4172000
4177000
4182000
4187000
4192000
4197000
4202000
4207000
4212000
4217000
4222000
4227000
4232000
4237000
4242000
4247000
4252000
4257000
4262000
4267000
4272000
4277000
4282000
4287000
4292000
4297000
4302000
4307000
4312000
4317000
4322000
4327000
4332000
4337000
4342000
4347000
4352000
4357000
4362000
4367000
4372000
4377000
4382000
4387000
4392000
4397000
4402000
4407000
4412000
4417000
4422000
4427000
4432000
4437000
4442000
4447000
4452000
4457000
4462000
4467000
4472000
4477000
4482000
4487000
4492000
4497000
4502000
4507000
4512000
4517000
4522000
4527000
4532000
4537000
4542000
4547000
4552000
4557000
4562000
4567000
4572000
4577000
4582000
4587000
4592000
4597000
4602000
4607000
4612000
4617000
4622000
4627000
4632000
4637000
4642000
4647000
4652000
4657000
4662000
4667000
4672000
4677000
4682000
4687000
4692000
4697000
4702000
4707000
4712000
4717000
4722000
4727000
4732000
4737000
4742000
4747000
4752000
4757000
4762000
4767000
4772000
4777000
4782000
4787000
4792000
4797000
4802000
4807000
4812000
4817000
4822000
4827000
4832000
4837000
4842000
4847000
4852000
4857000
4862000
4867000
4872000
4877000
4882000
4887000
4892000
4897000
4902000
4907000
4912000
4917000
4922000
4927000
4932000
4937000
4942000
4947000
4952000
4957000
4962000
4967000
4972000
4977000
4982000
4987000
4992000
4997000
5002000
5007000
5012000
5017000
5022000
5027000
5032000
5037000
5042000
5047000
5052000
5057000
5062000
5067000
5072000
5077000
5082000
5087000
5092000
5097000
5102000
5107000
5112000
5117000
5122000
5127000
5132000
5137000
5142000
5147000
5152000
5157000
5162000
5167000
5172000
5177000
5182000
5187000
5192000
5197000
5202000
5207000
5212000
5217000
5222000
5227000
5232000
5237000
5242000
5247000
5252000
5257000
5262000
5267000
5272000
5277000
5282000
5287000
5292000
5297000
5302000
5307000
5312000
5317000
5322000
5327000
5332000
5337000
5342000
5347000
5352000
5357000
5362000
5367000
5372000
5377000
5382000
5387000
5392000
5397000
5402000
5407000
5412000
5417000
5422000
5427000
5432000
5437000
5442000
5447000
5452000
5457000
5462000
5467000
5472000
5477000
5482000
5487000
5492000
5497000
5502000
5507000
5512000
5517000
5522000
5527000
5532000
5537000
5542000
5547000
5552000
5557000
5562000
5567000
5572000
5577000
5582000
5587000
5592000
5597000
5602000
5607000
5612000
5617000
5622000
5627000
5632000
5637000
5642000
5647000
5652000
5657000
5662000
5667000
5672000
5677000
5682000
5687000
5692000
5697000
5702000
5707000
5712000
5717000
5722000
5727000
5732000
5737000
5742000
5747000
5752000
5757000
5762000
5767000
5772000
5777000
5782000
5787000
5792000
5797000
5802000
5807000
5812000
5817000
5822000
5827000
5832000
5837000
5842000
5847000
5852000
5857000
5862000
5867000
5872000
5877000
5882000
5887000
5892000
5897000
5902000
5907000
5912000
5917000
5922000
5927000
5932000
5937000
5942000
5947000
5952000
5957000
5962000
5967000
5972000
5977000
5982000
5987000
5992000
5997000
6002000
6007000
6012000
6017000
6022000
6027000
6032000
6037000
6042000
6047000
6052000
6057000
6062000
6067000
6072000
6077000
6082000
6087000
6092000
6097000
6102000
6107000
6112000
6117000
6122000
6127000
6132000
6137000
6142000
6147000
6152000
6157000
6162000
6167000
6172000
6177000
6182000
6187000
6192000
6197000
6202000
6207000
6212000
6217000
6222000
6227000
6232000
6237000
6242000
6247000
6252000
6257000
6262000
6267000
6272000
6277000
6282000
6287000
6292000
6297000
6302000
6307000
6312000
6317000
6322000
6327000
6332000
6337000
6342000
6347000
6352000
6357000
6362000
6367000
6372000
6377000
6382000
6387000
6392000
6397000
6402000
6407000
6412000
6417000
6422000
6427000
6432000
6437000
6442000
6447000
6452000
6457000
6462000
6467000
6472000
6477000
6482000
6487000
6492000
6497000
6502000
6507000
6512000
6517000
6522000
6527000
6532000
6537000
6542000
6547000
6552000
6557000
6562000
6567000
6572000
6577000
6582000
6587000
6592000
6597000
6602000
6607000
6612000
6617000
6622000
6627000
6632000
6637000
6642000
6647000
6652000
6657000
6662000
6667000
6672000
6677000
6682000
6687000
6692000
6697000
6702000
6707000
6712000
6717000
6722000
6727000
6732000
6737000
6742000
6747000
6752000
6757000
6762000
6767000
6772000
6777000
6782000
6787000
6792000
6797000
6802000
6807000
6812000
6817000
6822000
6827000
6832000
6837000
6842000
6847000
6852000
6857000
6862000
6867000
6872000
6877000
6882000
6887000
6892000
6897000
6902000
6907000
6912000
6917000
6922000
6927000
6932000
6937000
6942000
6947000
6952000
6957000
6962000
6967000
6972000
6977000
6982000
6987000
6992000
6997000
7002000
7007000
7012000
7017000
7022000
7027000
7032000
7037000
7042000
7047000
7052000
7057000
7062000
7067000
7072000
7077000
7082000
7087000
7092000
7097000
7102000
7107000
7112000
7117000
7122000
7127000
7132000
7137000
7142000
7147000
7152000
7157000
7162000
7167000
7172000
7177000
7182000
7187000
7192000
7197000
7202000
7207000
7212000
7217000
7222000
7227000
7232000
7237000
7242000
7247000
7252000
7257000
7262000
7267000
7272000
7277000
7282000
7287000
7292000
7297000
7302000
7307000
7312000
7317000
7322000
7327000
7332000
7337000
7342000
7347000
7352000
7357000
7362000
7367000
7372000
7377000
7382000
7387000
7392000
7397000
7402000
7407000
7412000
7417000
7422000
7427000
7432000
7437000
7442000
7447000
7452000
7457000
7462000
7467000
7472000
7477000
7482000
7487000
7492000
7497000
7502000
7507000
7512000
7517000
7522000
7527000
7532000
7537000
7542000
7547000
7552000
7557000
7562000
7567000
7572000
7577000
7582000
7587000
7592000
7597000
7602000
7607000
7612000
7617000
7622000
7627000
7632000
7637000
7642000
7647000
7652000
7657000
7662000
7667000
7672000
7677000
7682000
7687000
7692000
7697000
7702000
7707000
7712000
7717000
7722000
7727000
7732000
7737000
7742000
7747000
7752000
7757000
7762000
7767000
7772000
7777000
7782000
7787000
7792000
7797000
7802000
7807000
7812000
7817000
7822000
7827000
7832000
7837000
7842000
7847000
7852000
7857000
7862000
7867000
7872000
7877000
7882000
7887000
7892000
7897000
7902000
7907000
7912000
7917000
7922000
7927000
7932000
7937000
7942000
7947000
7952000
7957000
7962000
7967000
7972000
7977000
7982000
7987000
7992000
7997000
8002000
8007000
8012000
8017000
8022000
8027000
8032000
8037000
8042000
8047000
8052000
8057000
8062000
8067000
8072000
8077000
8082000
8087000
8092000
8097000
8102000
8107000
8112000
8117000
8122000
8127000
8132000
8137000
8142000
8147000
8152000
8157000
8162000
8167000
8172000
8177000
8182000
8187000
8192000
8197000
8202000
8207000
8212000
8217000
8222000
8227000
8232000
8237000
8242000
8247000
8252000
8257000
8262000
8267000
8272000
8277000
8282000
8287000
8292000
8297000
8302000
8307000
8312000
8317000
8322000
8327000
8332000
8337000
8342000
8347000
8352000
8357000
8362000
8367000
8372000
8377000
8382000
8387000
8392000
8397000
8402000
8407000
8412000
8417000
8422000
8427000
8432000
8437000
8442000
8447000
8452000
8457000
8462000
8467000
8472000
8477000
8482000
8487000
8492000
8497000
8502000
8507000
8512000
8517000
8522000
8527000
8532000
8537000
8542000
8547000
8552000
8557000
8562000
8567000
8572000
8577000
8582000
8587000
8592000
8597000
8602000
8607000
8612000
8617000
8622000
8627000
8632000
8637000
8642000
8647000
8652000
8657000
8662000
8667000
8672000
8677000
8682000
8687000
8692000
8697000
8702000
8707000
8712000
8717000
8722000
8727000
8732000
8737000
8742000
8747000
8752000
8757000
8762000
8767000
8772000
8777000
8782000
8787000
8792000
8797000
8802000
8807000
8812000
8817000
8822000
8827000
8832000
8837000
8842000
8847000
8852000
8857000
8862000
8867000
8872000
8877000
8882000
8887000
8892000
8897000
8902000
8907000
8912000
8917000
8922000
8927000
8932000
8937000
8942000
8947000
8952000
8957000
8962000
8967000
8972000
8977000
8982000
8987000
8992000
8997000
9002000
9007000
9012000
9017000
9022000
9027000
9032000
9037000
9042000
9047000
9052000
9057000
9062000
9067000
9072000
9077000
9082000
9087000
9092000
9097000
9102000
9107000
9112000
9117000
9122000
9127000
9132000
9137000
9142000
9147000
9152000
9157000
9162000
9167000
9172000
9177000
9182000
9187000
9192000
9197000
9202000
9207000
9212000
9217000
9222000
9227000
9232000
9237000
9242000
9247000
9252000
9257000
9262000
9267000
9272000
9277000
9282000
9287000
9292000
9297000
9302000
9307000
9312000
9317000
9322000
9327000
9332000
9337000
9342000
9347000
9352000
9357000
9362000
9367000
9372000
9377000
9382000
9387000
9392000
9397000
9402000
9407000
9412000
9417000
9422000
9427000
9432000
9437000
9442000
9447000
9452000
9457000
9462000
9467000
9472000
9477000
9482000
9487000
9492000
9497000
9502000
9507000
9512000
9517000
9522000
9527000
9532000
9537000
9542000
9547000
9552000
9557000
9562000
9567000
9572000
9577000
9582000
9587000
9592000
9597000
9602000
9607000
9612000
9617000
9622000
9627000
9632000
9637000
9642000
9647000
9652000
9657000
9662000
9667000
9672000
9677000
9682000
9687000
9692000
9697000
9702000
9707000
9712000
9717000
9722000
9727000
9732000
9737000
9742000
9747000
9752000
9757000
9762000
9767000
9772000
9777000
9782000
9787000
9792000
9797000
9802000
9807000
9812000
9817000
9822000
9827000
9832000
9837000
9842000
9847000
9852000
9857000
9862000
9867000
9872000
9877000
9882000
9887000
9892000
9897000
9902000
9907000
9912000
9917000
9922000
9927000
9932000
9937000
9942000
9947000
9952000
9957000
9962000
9967000
9972000
9977000
9982000
9987000
9992000
9997000
10002000
10007000
10012000
10017000
10022000
10027000
10032000
10037000
10042000
10047000
10052000
10057000
10062000
10067000
10072000
10077000
10082000
10087000
10092000
10097000
10102000
10107000
10112000
10117000
10122000
10127000
10132000
10137000
10142000
10147000
10152000
10157000
10162000
10167000
10172000
10177000
10182000
10187000
10192000
10197000
10202000
10207000
10212000
10217000
10222000
10227000
10232000
10237000
10242000
10247000
10252000
10257000
10262000
10267000
10272000
10277000
10282000
10287000
10292000
10297000
10302000
10307000
10312000
10317000
10322000
10327000
10332000
10337000
10342000
10347000
10352000
10357000
10362000
10367000
10372000
10377000
10382000
10387000
10392000
10397000
10402000
10407000
10412000
10417000
10422000
10427000
10432000
10437000
10442000
10447000
10452000
10457000
10462000
10467000
10472000
10477000
10482000
10487000
10492000
10497000
10502000
10507000
10512000
10517000
10522000
10527000
10532000
10537000
10542000
10547000
10552000
10557000
10562000
10567000
10572000
10577000
10582000
10587000
10592000
10597000
10602000
10607000
10612000
10617000
10622000
10627000
10632000
10637000
10642000
10647000
10652000
10657000
10662000
10667000
10672000
10677000
10682000
10687000
10692000
10697000
10702000
10707000
10712000
10717000
10722000
10727000
10732000
10737000
10742000
10747000
10752000
10757000
10762000
10767000
10772000
10777000
10782000
10787000
10792000
10797000
10802000
10807000
10812000
10817000
10822000
10827000
10832000
10837000
10842000
10847000
10852000
10857000
10862000
10867000
10872000
10877000
10882000
10887000
10892000
10897000
10902000
10907000
10912000
10917000
10922000
10927000
10932000
10937000
10942000
10947000
10952000
10957000
10962000
10967000
10972000
10977000
10982000
10987000
10992000
10997000
11002000
11007000
11012000
11017000
11022000
11027000
11032000
11037000
11042000
11047000
11052000
11057000
