0
25000
50000
75000
100000
125000
150000
175000
200000
225000
250000
275000
300000
325000
350000
375000
400000
425000
450000
475000
500000
525000
550000
575000
600000
625000
650000
675000
700000
725000
750000
775000
800000
825000
850000
875000
900000
925000
950000
975000
1000000
1025000
1050000
1075000
1100000
1125000
1150000
1175000
1200000
1225000
1250000
1275000
1300000
1325000
1350000
1375000
1400000
1425000
1450000
1475000
1500000
1525000
1550000
1575000
1600000
1625000
1650000
1675000
1700000
1725000
1750000
1775000
1800000
1825000
1850000
1875000
1900000
1925000
1950000
1975000
2000000
2025000
2050000
2075000
2100000
2125000
2150000
2175000
2200000
2225000
2250000
2275000
2300000
2325000
2350000
2375000
2400000
2425000
2450000
2475000
2500000
2525000
2550000
2575000
2600000
2625000
2650000
2675000
2700000
2725000
2750000
2775000
2800000
2825000
2850000
2875000
2900000
2925000
2950000
2975000
3000000
3025000
3050000
3075000
3100000
3125000
3150000
3175000
3200000
3225000
3250000
3275000
3300000
3325000
3350000
3375000
3400000
3425000
3450000
3475000
3500000
3525000
3550000
3575000
3600000
3625000
3650000
3675000
3700000
3725000
3750000
3775000
3800000
3825000
3850000
3875000
3900000
3925000
3950000
3975000
4000000
4025000
4050000
4075000
4100000
4125000
4150000
4175000
4200000
4225000
4250000
4275000
4300000
4325000
4350000
4375000
4400000
4425000
4450000
4475000
4500000
4525000
4550000
4575000
4600000
4625000
4650000
4675000
4700000
4725000
4750000
4775000
4800000
4825000
4850000
4875000
4900000
4925000
4950000
4975000
5000000
5025000
5050000
5075000
5100000
5125000
5150000
5175000
5200000
5225000
5250000
5275000
5300000
5325000
5350000
5375000
5400000
5425000
5450000
5475000
5500000
5525000
5550000
5575000
5600000
5625000
5650000
5675000
5700000
5725000
5750000
5775000
5800000
5825000
5850000
5875000
5900000
5925000
5950000
5975000
6000000
6025000
6050000
6075000
6100000
6125000
6150000
6175000
6200000
6225000
6250000
6275000
6300000
6325000
6350000
6375000
6400000
6425000
6450000
6475000
6500000
6525000
6550000
6575000
6600000
6625000
6650000
6675000
6700000
6725000
6750000
6775000
6800000
6825000
6850000
6875000
6900000
6925000
6950000
6975000
7000000
7025000
7050000
7075000
7100000
7125000
7150000
7175000
7200000
7225000
7250000
7275000
7300000
7325000
7350000
7375000
7400000
7425000
7450000
7475000
7500000
7525000
7550000
7575000
7600000
7625000
7650000
7675000
7700000
7725000
7750000
7775000
7800000
7825000
7850000
7875000
7900000
7925000
7950000
7975000
8000000
8025000
8050000
8075000
8100000
8125000
8150000
8175000
8200000
8225000
8250000
8275000
8300000
8325000
8350000
8375000
8400000
8425000
8450000
8475000
8500000
8525000
8550000
8575000
8600000
8625000
8650000
8675000
8700000
8725000
8750000
8775000
8800000
8825000
8850000
8875000
8900000
8925000
8950000
8975000
9000000
9025000
9050000
9075000
9100000
9125000
9150000
9175000
9200000
9225000
9250000
9275000
9300000
9325000
9350000
9375000
9400000
9425000
9450000
9475000
9500000
9525000
9550000
9575000
9600000
9625000
9650000
9675000
9700000
9725000
9750000
9775000
9800000
9825000
9850000
9875000
9900000
9925000
9950000
9975000
10000000
10025000
10050000
10075000
10100000
10125000
10150000
10175000
10200000
10225000
10250000
10275000
10300000
10325000
10350000
10375000
10400000
10425000
10450000
10475000
10500000
10525000
10550000
10575000
10600000
10625000
10650000
10675000
10700000
10725000
10750000
10775000
10800000
10825000
10850000
10875000
10900000
10925000
10950000
10975000
11000000
11025000
11050000
