6
17
45
55
69
77
93
94
138
152
156
164
166
196
225
227
233
258
259
262
265
271
272
273
275
290
304
314
316
324
336
352
370
380
382
383
388
402
407
416
418
421
433
443
446
493
494
496
499
506
507
529
530
533
538
540
551
562
583
596
605
615
619
621
626
632
656
660
662
665
671
676
682
697
702
703
712
723
726
728
737
752
760
762
763
772
774
778
798
817
829
833
835
838
854
879
880
888
889
894
900
904
911
916
920
924
952
954
959
961
964
969
974
986
990
1003
1026
1048
1053
1055
1063
1064
1075
1096
1120
1130
1151
1167
1178
1185
1192
1203
1208
1217
1226
1232
1240
1300
1303
1340
1341
1350
1358
1363
1377
1379
1382
1389
1398
1403
1405
1417
1419
1440
1452
1453
1455
1463
1479
1488
1501
1502
1503
1516
1520
1545
1557
1560
1561
1575
1577
1591
1592
1602
1609
1613
1635
1638
1644
1655
1661
1668
1675
1716
1727
1728
1742
1754
1755
1764
1794
1797
1805
1811
1822
1824
1827
1831
1852
1865
1877
1910
1912
1915
1923
1924
1949
1959
1968
1969
1978
1995
2010
2021
2043
2045
2049
2053
2073
2080
2086
2102
2105
2112
2132
2155
2166
2168
2173
2175
2187
2209
2216
2219
2221
2224
2242
2244
2249
2271
2273
2289
2294
2319
2321
2335
2367
2370
2371
2376
2391
2400
2401
2409
2443
2487
2500
2515
2533
2539
2540
2548
2558
2575
2624
2626
2654
2657
2667
2690
2692
2712
2730
2731
2733
2746
2749
2767
2781
2783
2791
2797
2874
2875
2883
2900
2901
2906
2931
2938
2941
2972
2980
3000
3008
3015
3016
3037
3052
3063
3066
3067
3069
3110
3113
3119
3167
3189
3190
3195
3197
3203
3205
3226
3235
3237
3255
3267
3282
3290
3296
3315
3345
3346
3357
3365
3387
3389
3397
3405
3410
3426
3430
3431
3451
3481
3497
3507
3509
3523
3528
3539
3541
3567
3571
3577
3609
3612
3625
3629
3656
3661
3669
3677
3678
3682
3686
3701
3702
3703
3704
3706
3722
3723
3724
3733
3734
3737
3751
3753
3759
3769
3772
3783
3790
3791
3806
3809
3823
3827
3840
3851
3856
3868
3875
3881
3886
3887
3890
3928
3929
3962
3976
3997
4001
4006
4012
4046
4050
4059
4063
4066
4068
4072
4080
4087
4093
4103
4110
4121
4141
4145
4157
4162
4171
4216
4228
4234
4240
4249
4265
4266
4267
4280
4282
4299
4315
4317
4321
4343
4345
4359
4379
4383
4384
4394
4415
4420
4423
4424
4425
4448
4463
4483
4491
4495
4502
4507
4518
4523
4526
4535
4559
4560
4569
4570
4580
4587
4595
4605
4634
4635
4640
4644
4650
4663
4670
4676
4686
4689
4692
4709
4719
4730
4737
4758
4770
4775
4779
4782
4783
4797
4809
4825
4835
4837
4843
4849
4857
4869
4889
4891
4899
4909
4914
4917
4918
4920
4941
4946
4998
4999
5009
5040
5057
5060
5069
5072
5074
5076
5079
5091
5092
5100
5104
5109
5121
5149
5153
5160
5170
5190
5204
5217
5226
5242
5250
5265
5274
5292
5293
5323
5327
5336
5343
5346
5349
5350
5352
5359
5366
5387
5399
5400
5405
5407
5410
5411
5412
5413
5421
5438
5460
5467
5471
5477
5488
5493
5506
5517
5538
5560
5566
5579
5581
5582
5585
5590
5603
5611
5615
5616
5626
5633
5641
5696
5710
5723
5725
5730
5731
5745
5757
5763
5795
5800
5804
5805
5810
5818
5832
5836
5849
5858
5860
5871
5884
5885
5887
5889
5912
5936
5949
5960
5964
5966
5975
5982
5999
6019
6029
6049
6064
6066
6071
6074
6076
6078
6082
6084
6092
6111
6132
6139
6152
6155
6156
6157
6165
6170
6175
6179
6195
6201
6207
6210
6218
6236
6242
6257
6265
6270
6273
6313
6330
6344
6352
6394
6395
6399
6406
6409
6411
6413
6422
6441
6447
6455
6456
6459
6461
6469
6470
6473
6475
6487
6488
6501
6510
6511
6513
6533
6534
6544
6546
6550
6551
6574
6591
6593
6607
6613
6616
6628
6638
6648
6651
6659
6664
6666
6669
6670
6674
6679
6703
6713
6718
6722
6724
6735
6746
6750
6753
6756
6763
6781
6783
6784
6788
6806
6815
6816
6830
6833
6834
6848
6868
6872
6885
6893
6895
6904
6914
6916
6922
6923
6925
6930
6934
6937
6971
6991
7006
7012
7022
7062
7065
7080
7083
7089
7097
7099
7156
7164
7169
7174
7179
7186
7199
7224
7231
7268
7270
7277
7280
7282
7288
7291
7308
7312
7322
7330
7372
7381
7388
7392
7394
7395
7410
7411
7418
7451
7462
7465
7470
7473
7481
7487
7509
7513
7515
7536
7545
7547
7565
7583
7587
7589
7594
7600
7602
7604
7618
7629
7644
7647
7661
7670
7672
7684
7704
7717
7723
7728
7733
7734
7735
7737
7748
7752
7759
7770
7778
7780
7793
7811
7831
7848
7850
7855
7872
7879
7883
7884
7885
7903
7908
7912
7914
7920
7928
7931
7943
7954
7966
7977
7979
7993
7995
8011
8014
8024
8036
8038
8047
8074
8075
8087
8107
8119
8124
8125
8131
8138
8142
8159
8163
8164
8169
8173
8182
8185
8193
8234
8243
8262
8266
8317
8319
8320
8323
8350
8370
8374
8397
8414
8431
8432
8453
8462
8481
8487
8511
8520
8521
8529
8532
8535
8553
8558
8560
8570
8579
8601
8608
8615
8617
8627
8632
8636
8640
8645
8646
8650
8658
8660
8679
8681
8682
8688
8707
8711
8714
8736
8740
8746
8748
8762
8766
8784
8800
8820
8826
8829
8833
8834
8842
8845
8847
8851
8922
8931
8938
8946
8949
8957
8960
8961
8963
8972
8980
8982
9003
9004
9017
9021
9032
9033
9038
9048
9050
9051
9057
9060
9071
9086
9095
9096
9098
9123
9134
9147
9149
9159
9182
9194
9204
9210
9218
9252
9258
9268
9278
9283
9293
9311
9314
9320
9330
9340
9351
9364
9365
9372
9376
9386
9389
9403
9412
9422
9424
9433
9436
9452
9468
9469
9477
9492
9501
9519
9537
9549
9563
9574
9592
9606
9608
9623
9628
9643
9648
9649
9653
9659
9663
9699
9725
9776
9803
9814
9836
9841
9850
9857
9884
9889
9895
9896
9905
9912
9914
9917
9931
9937
9943
9985
9988
9989
9999
10001
10006
10018
10019
10020
10030
10038
10046
10054
10056
10063
10072
10073
10074
10076
10087
10097
10110
10119
10134
10158
10178
10201
10208
10227
10252
10260
10261
10263
10274
10277
10284
10300
10304
10308
10320
10339
10341
10349
10365
10366
10369
10383
10386
10402
10407
10417
10421
10424
10426
10492
10500
10523
10528
10548
10551
10553
10562
10583
10585
10593
10603
10628
10635
10645
10659
10686
10688
10697
10717
10734
10757
10768
10770
10774
10778
10784
10785
10809
10813
10817
10828
10833
10851
10866
10872
10888
10894
10917
10928
10937
10945
10958
10964
10970
10978
10986
10988
11024
11041
11042
11054
11062
11069
11080
11081
11085
11119
11120
11123
11135
11142
11148
11150
11156
11161
11162
11166
11170
11191
11216
11234
11246
11247
11250
11259
11285
11290
11315
11318
11322
11347
11350
11360
11376
11392
11393
11396
11398
11432
11438
11441
11454
11455
11458
11467
11477
11478
11497
11530
11541
11545
11552
11553
11568
11574
11576
11581
11589
11591
11600
11610
11621
11625
11627
11654
11671
11681
11683
11687
11701
11702
11708
11722
11734
11751
11767
11772
11776
11779
11786
11788
11791
11801
11813
11814
11822
11835
11840
11849
11864
11893
11901
11904
11942
11944
11949
11951
11963
11979
11981
11984
11995
12005
12035
12041
12082
12099
12101
12113
12119
12134
12138
12142
12145
12163
12173
12189
12211
12215
12216
12219
12225
12261
12266
12268
12276
12290
12302
12305
12307
12321
12333
12378
12397
12410
12426
12445
12466
12475
12497
12513
12521
12541
12556
12557
12559
12564
12587
12588
12595
12600
12601
12631
12640
12648
12670
12674
12697
12699
12704
12724
12767
12773
12776
12783
12790
12792
12794
12800
12813
12818
12834
12851
12860
12865
12868
12899
12901
12904
12908
12926
12928
12930
12939
12960
12962
12973
12981
12984
12987
12998
13040
13075
13087
13095
13099
13100
13107
13117
13134
13144
13151
13159
13173
13190
13208
13238
13242
13250
13262
13269
13277
13310
13312
13319
13321
13357
13362
13372
13376
13396
13412
13423
13441
13450
13457
13464
13476
13492
13494
13501
13502
13510
13528
13529
13531
13544
13545
13601
13627
13642
13665
13669
13676
13682
13712
13717
13719
13736
13740
13753
13766
13791
13809
13815
13843
13844
13853
13861
13870
13879
13884
13887
13892
13919
13944
13950
13970
13999
14011
14012
14019
14030
14049
14064
14078
14087
14091
14104
14112
14119
14140
14146
14161
14170
14173
14179
14192
14193
14209
14234
14237
14245
14249
14269
14275
14276
14290
14296
14297
14300
14316
14318
14332
14333
14339
14340
14351
14364
14367
14374
14391
14449
14451
14456
14469
14479
14491
14498
14502
14512
14517
14549
14557
14562
14564
14565
14570
14582
14623
14629
14640
14646
14651
14669
14693
14735
14743
14745
14750
14755
14789
14792
14798
14815
14826
14849
14852
14854
14863
14873
14875
14879
14890
14898
14903
14916
14928
14932
14934
14948
14989
14996
15007
15011
15020
15026
15030
15032
15033
15038
15070
15072
15084
15091
15099
15109
15117
15119
15128
15144
15164
15182
15184
15189
15236
15242
15270
15275
15281
15291
15321
15337
15338
15339
15342
15358
15382
15386
15395
15400
15402
15408
15418
15427
15443
15457
15469
15481
15485
15492
15496
15500
15505
15509
15510
15518
15520
15534
15543
15547
15551
15567
15578
15617
15621
15643
15645
15650
15689
15695
15696
15700
15701
15712
15727
15731
15733
15735
15739
15740
15749
15759
15767
15773
15782
15787
15794
15802
15810
15819
15824
15877
15883
15889
15892
15914
15923
15927
15932
15936
15938
15948
15951
15952
15954
15967
15970
15973
15978
15985
15990
15992
16023
16026
16076
16084
16094
16098
16118
16125
16127
16131
16133
16138
16161
16166
16185
16196
16205
16214
16216
16239
16244
16250
16270
16288
16291
16292
16325
16334
16368
16377
16386
16400
16417
16430
16443
16456
16482
16493
16507
16515
16531
16538
16549
16550
16552
16561
16577
16590
16591
16604
16611
16613
16615
16620
16625
16626
16641
16651
16660
16682
16690
16693
16701
16705
16717
16719
16722
16731
16741
16748
16749
16754
16756
16765
16778
16810
16822
16835
16844
16850
16853
16854
16860
16866
16868
16880
16892
16895
16897
16902
16937
16940
16950
16955
16956
16970
16972
16983
17014
17022
17030
17036
17046
17073
17076
17082
17105
17112
17122
17127
17133
17143
17144
17147
17181
17184
17185
17188
17218
17232
17246
17288
17293
17306
17322
17330
17335
17401
17403
17427
17436
17447
17454
17456
17460
17480
17482
17497
17498
17504
17533
17535
17541
17546
17550
17557
17563
17574
17582
17601
17605
17613
17619
17628
17640
17660
17676
17678
17692
17693
17701
17704
17706
17719
17725
17727
17728
17731
17734
17743
17770
17771
17791
17793
17802
17813
17816
17838
17841
17846
17874
17877
17896
17909
17920
17939
17946
17950
17954
17966
17974
17982
17985
17996
18011
18028
18029
18030
18041
18044
18053
18057
18066
18083
18088
18111
18143
18150
18151
18161
18168
18196
18220
18222
18230
18247
18257
18264
18275
18278
18279
18280
18281
18287
18290
18291
18334
18337
18344
18348
18364
18370
18376
18378
18393
18418
18432
18444
18447
18448
18451
18453
18479
18488
18498
18517
18519
18537
18539
18553
18556
18563
18582
18589
18595
18618
18627
18635
18647
18657
18670
18697
18706
18708
18710
18737
18741
18743
18759
18772
18789
18795
18808
18816
18817
18818
18827
18828
18846
18849
18851
18854
18877
18880
18881
18904
18919
18923
18955
18988
18991
19003
19007
19008
19014
19045
19056
19060
19064
19065
19077
19080
19084
19095
19103
19106
19127
19146
19151
19155
19159
19168
19176
19181
19197
19202
19206
19232
19237
19238
19242
19260
19267
19271
19274
19277
19279
19283
19289
19306
19329
19335
19349
19352
19366
19377
19378
19379
19381
19388
19392
19406
19413
19416
19443
19457
19460
19475
19496
19502
19503
19514
19515
19520
19528
19541
19555
19560
19570
19572
19580
19583
19596
19605
19607
19618
19619
19642
19655
19680
19684
19693
19694
19695
19706
19708
19719
19741
19775
19779
19784
19799
19809
19830
19846
19849
19861
19873
19885
19890
19907
19910
19913
19952
19976
19986
20004
20008
20030
20046
20049
20050
20064
20069
20074
20075
20088
20093
20098
20101
20110
20111
20118
20120
20130
20134
20140
20166
20170
20180
20182
20189
20195
20201
20205
20216
20219
20223
20231
20261
20271
20275
20287
20301
20306
20338
20341
20346
20353
20354
20401
20411
20420
20421
20422
20434
20441
20445
20452
20456
20465
20470
20505
20506
20518
20519
20532
20553
20566
20570
20583
20587
20599
20602
20611
20621
20626
20630
20634
20639
20662
20672
20680
20685
20687
20688
20691
20697
20725
20755
20772
20774
20782
20783
20805
20808
20822
20829
20842
20850
20867
20894
20902
20905
20911
20917
20927
20930
20931
20934
20954
20965
20971
20985
20996
20998
21010
21021
21033
21038
21057
21062
21063
21092
21121
21125
21141
21144
21148
21173
21185
21209
21268
21269
21272
21276
21286
21289
21292
21299
21302
21312
21326
21335
21354
21361
21368
21369
21372
21374
21382
21387
21401
21412
21413
21442
21447
21450
21454
21463
21471
21472
21475
21486
21517
21536
21562
21575
21585
21602
21626
21630
21649
21671
21688
21690
21697
21702
21710
21713
21719
21724
21726
21731
21737
21738
21752
21758
21763
21767
21775
21776
21783
21804
21818
21827
21838
21839
21843
21859
21865
21870
21875
21895
21902
21903
21924
21926
21987
22010
22032
22042
22048
22068
22091
22112
22121
22123
22129
22172
22186
22190
22191
22193
22206
22210
22224
22226
22234
22237
22252
22256
22272
22281
22285
22291
22293
22300
22350
22356
22359
22393
22394
22396
22404
22413
22423
22431
22438
22450
22462
22466
22469
22470
22475
22480
22514
22520
22523
22542
22554
22577
22600
22601
22628
22632
22639
22646
22649
22655
22698
22705
22708
22721
22732
22740
22746
22776
22789
22799
22806
22807
22814
22844
22849
22862
22867
22870
22882
22897
22900
22914
22922
22934
22945
22950
22955
22969
22990
22993
23000
23011
23022
23027
23036
23057
23058
23060
23062
23065
23066
23098
23102
23126
23127
23135
23137
23162
23163
23165
23182
23184
23194
23199
23200
23202
23227
23233
23246
23247
23256
23261
23276
23285
23308
23315
23354
23368
23372
23386
23394
23395
23412
23432
23449
23457
23458
23474
23480
23498
23512
23528
23540
23560
23573
23592
23598
23599
23617
23623
23628
23631
23648
23654
23655
23686
23687
23689
23712
23715
23723
23733
23749
23763
23779
23783
23787
23792
23798
23801
23804
23811
23818
23830
23842
23864
23882
23889
23897
23910
23922
23926
23934
23961
23967
23987
23996
24013
24015
24016
24022
24028
24035
24044
24046
24048
24057
24063
24065
24067
24082
24085
24103
24107
24110
24119
24120
24128
24143
24145
24161
24165
24170
24186
24197
24203
24206
24212
24228
24251
24257
24263
24267
24314
24316
24319
24323
24336
24381
24385
24391
24398
24399
24416
24423
24424
24425
24435
24452
24490
24493
24507
24526
24541
24566
24582
24591
24607
24623
24636
24643
24651
24661
24669
24680
24706
24719
24731
24740
24743
24753
24760
24761
24771
24772
24776
24780
24808
24812
24832
24836
24880
24890
24895
24905
24906
24908
24911
24930
24938
24942
24958
24974
24977
25004
25013
25024
25038
25042
25054
25060
25100
25108
25115
25119
25130
25134
25143
25145
25157
25163
25165
25208
25212
25218
25239
25249
25268
25272
25274
25275
25285
25294
25298
25311
25330
25333
25334
25336
25340
25341
25346
25371
25380
25398
25401
25410
25416
25422
25436
25447
25456
25469
25497
25499
25502
25522
25525
25533
25538
25549
25562
25570
25578
25584
25588
25605
25607
25619
25621
25624
25628
25635
25639
25645
25652
25662
25671
25682
25691
25693
25726
25737
25745
25758
25760
25768
25773
25788
25809
25810
25813
25815
25818
25823
25829
25831
25855
25861
25863
25864
25867
25870
25881
25888
25892
25907
25909
25914
25928
25931
25940
25974
25976
25980
25984
25990
25999
26004
26007
26014
26038
26040
26062
26076
26091
26115
26117
26138
26147
26157
26161
26174
26176
26182
26185
26204
26223
26235
26237
26239
26248
26258
26271
26291
26296
26338
26347
26350
26375
26386
26388
26397
26400
26402
26408
26424
26426
26429
26431
26433
26436
26448
26493
26533
26545
26563
26574
26591
26600
26603
26614
26637
26640
26665
26667
26671
26678
26679
26688
26696
26709
26717
26725
26727
26728
26761
26765
26789
26802
26803
26805
26809
26823
26827
26840
26856
26872
26890
26897
26899
26922
26935
26937
26946
26957
26980
27005
27033
27040
27053
27069
27075
27085
27091
27097
27118
27120
27124
27129
27141
27150
27173
27179
27182
27184
27191
27192
27193
27198
27218
27251
27255
27259
27262
27267
27268
27270
27271
27275
27286
27294
27295
27310
27319
27321
27322
27323
27328
27346
27352
27356
27385
27392
27395
27411
27437
27444
27454
27462
27467
27470
27471
27475
27476
27493
27496
27504
27506
27531
27568
27582
27594
27609
27613
27616
27617
27634
27640
27652
27664
27670
27671
27673
27687
27695
27719
27741
27748
27765
27771
27799
27801
27820
27827
27836
27852
27855
27867
27872
27901
27911
27917
27928
27956
27971
27974
27998
28000
28006
28015
28055
28058
28061
28067
28088
28092
28093
28108
28113
28118
28123
28131
28140
28148
28152
28177
28181
28198
28199
28204
28218
28238
28239
28240
28243
28249
28251
28259
28261
28289
28307
28309
28324
28342
28350
28364
28395
28414
28416
28417
28436
28451
28506
28524
28525
28539
28543
28553
28557
28565
28569
28610
28612
28618
28648
28650
28653
28658
28663
28668
28675
28687
28701
28706
28710
28719
28720
28733
28734
28736
28737
28738
28741
28761
28771
28772
28778
28779
28782
28802
28805
28823
28829
28852
28858
28862
28864
28873
28878
28897
28906
28916
28926
28931
28957
28974
28978
28984
29020
29028
29070
29072
29077
29079
29084
29086
29092
29094
29125
29126
29138
29141
29143
29156
29166
29179
29194
29205
29236
29247
29253
29258
29302
29308
29314
29323
29326
29327
29343
29347
29349
29352
29354
29363
29367
29370
29395
29399
29409
29411
29444
29445
29479
29482
29485
29486
29489
29490
29493
29498
29507
29517
29523
29531
29541
29544
29570
29591
29607
29611
29622
29625
29629
29638
29655
29658
29659
29675
29694
29701
29710
29724
29725
29744
29745
29771
29778
29781
29789
29797
29799
29801
29810
29814
29821
29852
29856
29860
29883
29887
29895
29923
29924
29928
29929
29945
29956
29957
29970
29971
29974
29977
29997
30007
30011
30024
30025
30043
30045
30048
30051
30052
30054
30058
30067
30075
30110
30114
30132
30133
30143
30150
30169
30178
30180
30189
30194
30218
30223
30228
30254
30255
30258
30260
30266
30270
30275
30284
30308
30314
30320
30340
30353
30357
30373
30391
30419
30433
30451
30500
30557
30558
30570
30584
30590
30609
30650
30660
30674
30679
30683
30688
30695
30697
30698
30724
30740
30752
30753
30766
30778
30792
30794
30816
30825
30827
30828
30833
30840
30843
30853
30857
30858
30863
30865
30929
30934
30941
30945
30948
30956
30958
30965
30979
31012
31025
31028
31036
31039
31051
31060
31076
31082
31083
31096
31106
31136
31137
31139
31150
31166
31170
31178
31184
31189
31195
31199
31210
31218
31225
31227
31242
31243
31246
31259
31268
31269
31270
31275
31278
31279
31280
31288
31289
31313
31327
31336
31341
31355
31391
31396
31399
31401
31412
31423
31426
31461
31464
31467
31470
31480
31488
31490
31492
31503
31504
31507
31512
31513
31517
31521
31535
31548
31559
31567
31568
31603
31615
31617
31656
31659
31666
31679
31701
31703
31722
31732
31733
31748
31753
31764
31767
31768
31769
31770
31784
31790
31796
31798
31818
31819
31829
31845
31847
31857
31862
31865
31882
31886
31908
31911
31918
31923
31929
31940
31949
31974
31975
32002
32003
32008
32020
32022
32051
32052
32057
32060
32081
32085
32093
32100
32103
32114
32122
32125
32136
32141
32142
32149
32171
32172
32175
32184
32206
32207
32211
32236
32237
32255
32272
32301
32310
32332
32356
32406
32419
32429
32442
32458
32514
32531
32532
32544
32560
32584
32597
32609
32617
32620
32622
32638
32639
32647
32652
32655
32680
32704
32718
32722
32724
32736
32744
32746
32750
32754
32765
32769
32778
32782
32786
32809
32828
32841
32851
32878
32889
32902
32916
32924
32932
32943
32945
32946
32947
32961
32975
32976
32993
32999
33005
33006
33009
33020
33033
33034
33074
33094
33096
33103
33105
33106
33108
33130
33151
33156
33161
33162
33184
33193
33212
33224
33232
33243
33246
33249
33251
33255
33259
33265
33266
33268
33272
33284
33308
33352
33353
33372
33385
33388
33392
33411
33428
33449
33451
33452
33461
33476
33482
33533
33537
33551
33563
33574
33579
33585
33599
33600
33616
33618
33623
33625
33632
33633
33639
33643
33646
33649
33668
33689
33691
33697
33720
33723
33730
33742
33744
33748
33764
33766
33800
33811
33814
33830
33834
33838
33839
33840
33841
33847
33853
33863
33866
33892
33896
33903
33913
33917
33931
33939
33940
33941
33944
33948
33952
33956
33971
33990
34017
34021
34031
34032
34033
34034
34036
34055
34056
34058
34065
34068
34072
34075
34083
34088
34091
34119
34122
34130
34143
34150
34154
34184
34197
34203
34231
34237
34240
34252
34257
34294
34295
34308
34323
34329
34334
34348
34352
34359
34380
34381
34387
34409
34411
34424
34430
34455
34457
34492
34503
34524
34528
34530
34550
34552
34564
34567
34572
34589
34618
34620
34644
34654
34661
34671
34684
34689
34706
34719
34738
34751
34757
34767
34774
34777
34783
34804
34807
34821
34826
34829
34841
34842
34853
34891
34892
34897
34903
34906
34913
34927
34978
34981
34987
34993
34996
34999
35007
35010
35024
35035
35041
35065
35066
35071
35077
35079
35085
35092
35110
35131
35136
35141
35156
35166
35171
35184
35198
35207
35224
35245
35255
35264
35271
35272
35325
35339
35355
35356
35360
35366
35400
35407
35412
35413
35420
35424
35425
35427
35433
35434
35436
35439
35458
35461
35462
35465
35474
35475
35481
35487
35489
35497
35506
35508
35513
35524
35525
35532
35550
35582
35583
35590
35594
35616
35619
35621
35629
35633
35641
35658
35666
35674
35691
35704
35757
35775
35788
35798
35805
35813
35820
35823
35836
35848
35852
35858
35860
35876
35886
35893
35897
35907
35933
35935
35951
35964
35967
35981
35982
35984
35995
36004
36016
36019
36042
36055
36075
36077
36081
36085
36099
36100
36102
36105
36122
36125
36130
36135
36149
36153
36157
36162
36223
36225
36226
36232
36237
36269
36273
36294
36296
36301
36326
36375
36397
36402
36403
36427
36441
36444
36447
36449
36464
36475
36483
36490
36503
36512
36513
36518
36525
36535
36545
36552
36554
36578
36583
36585
36590
36604
36608
36609
36642
36657
36658
36661
36663
36670
36686
36700
36703
36736
36752
36757
36768
36769
36776
36779
36806
36823
36824
36825
36838
36841
36850
36892
36893
36919
36938
36939
36955
36956
36972
36976
36984
36985
37001
37015
37054
37064
37066
37068
37074
37083
37091
37092
37095
37098
37105
37107
37148
37149
37152
37159
37163
37165
37187
37192
37196
37200
37204
37221
37242
37248
37251
37253
37273
37310
37328
37335
37352
37353
37354
37371
37408
37409
37413
37424
37443
37450
37480
37483
37488
37496
37504
37518
37526
37532
37571
37574
37575
37585
37587
37598
37599
37605
37608
37613
37614
37616
37620
37623
37666
37669
37670
37673
37689
37733
37755
37760
37771
37772
37773
37774
37777
37787
37792
37794
37801
37805
37813
37822
37826
37834
37837
37847
37864
37882
37883
37894
37897
37903
37913
37914
37917
37929
37938
37947
37952
37957
37965
37976
37983
37990
38000
38014
38015
38017
38025
38040
38046
38060
38061
38067
38088
38097
38119
38120
38121
38123
38128
38141
38153
38157
38165
38168
38177
38181
38191
38213
38249
38253
38255
38259
38272
38280
38283
38318
38329
38332
38339
38348
38360
38370
38371
38388
38391
38392
38399
38422
38423
38427
38444
38455
38464
38470
38531
38542
38549
38564
38565
38566
38570
38587
38606
38607
38623
38627
38628
38638
38641
38648
38661
38677
38683
38691
38706
38713
38734
38737
38794
38805
38810
38813
38820
38822
38829
38833
38845
38847
38863
38866
38915
38919
38932
38933
38952
38956
38973
39002
39016
39026
39028
39037
39039
39044
39053
39059
39065
39070
39075
39080
39086
39094
39100
39103
39117
39141
39159
39198
39218
39220
39225
39231
39263
39268
39277
39278
39295
39304
39320
39355
39359
39389
39390
39421
39430
39432
39439
39447
39459
39465
39483
39495
39504
39513
39521
39523
39530
39556
39557
39564
39568
39576
39579
39584
39586
39599
39626
39645
39648
39657
39677
39688
39707
39726
39727
39749
39774
39776
39783
39809
39812
39819
39843
39844
39846
39851
39867
39907
39912
39922
39930
39938
39939
39948
39950
39952
39972
39995
40001
40013
40022
40033
40046
40051
40062
40073
40097
40098
40099
40105
40112
40128
40133
40136
40154
40155
40160
40162
40168
40173
40193
40202
40222
40224
40232
40233
40240
40248
40274
40279
40298
40306
40335
40362
40364
40383
40384
40390
40404
40440
40459
40492
40526
40538
40544
40550
40558
40564
40576
40581
40586
40593
40597
40603
40618
40661
40680
40681
40688
40694
40699
40702
40714
40741
40769
40772
40788
40802
40822
40823
40827
40833
40836
40845
40847
40852
40855
40859
40901
40904
40915
40928
40931
40942
40962
40968
40973
40977
40992
40994
40998
41008
41025
41045
41054
41055
41062
41072
41073
41083
41106
41133
41137
41148
41150
41157
41161
41190
41216
41220
41234
41238
41240
41256
41273
41274
41293
41295
41314
41321
41352
41359
41376
41382
41397
41408
41409
41410
41449
41450
41469
41480
41485
41495
41506
41509
41511
41518
41546
41560
41601
41603
41626
41635
41658
41665
41676
41695
41699
41704
41716
41717
41750
41778
41779
41784
41816
41821
41822
41824
41849
41859
41886
41887
41890
41894
41897
41906
41908
41926
41940
41950
41952
41955
41978
41993
42001
42004
42012
42020
42022
42043
42058
42062
42068
42081
42082
42093
42110
42123
42162
42171
42173
42175
42201
42203
42217
42227
42244
42258
42261
42272
42273
42276
42287
42290
42302
42303
42312
42313
42314
42318
42319
42326
42344
42347
42352
42362
42371
42392
42401
42408
42410
42411
42413
42415
42441
42455
42458
42460
42466
42475
42484
42494
42504
42516
42521
42539
42552
42556
42576
42578
42581
42607
42614
42616
42630
42649
42655
42663
42697
42701
42704
42716
42719
42726
42744
42747
42751
42753
42758
42763
42770
42774
42775
42792
42797
42807
42822
42827
42836
42848
42849
42874
42879
42905
42916
42925
42931
42935
42947
42950
42951
42952
42970
43001
43005
43016
43017
43049
43058
43067
43075
43076
43083
43085
43124
43125
43126
43137
43146
43149
43155
43160
43189
43197
43201
43206
43214
43219
43233
43244
43251
43257
43273
43277
43280
43287
43318
43336
43341
43347
43357
43378
43380
43381
43388
43389
43401
43409
43412
43413
43430
43431
43434
43435
43444
43446
43447
43455
43460
43468
43473
43475
43488
43492
43501
43513
43517
43529
43548
43549
43550
43555
43571
43576
43578
43591
43596
43631
43634
43635
43642
43644
43646
43648
43653
43660
43678
43695
43712
43715
43718
43747
43748
43749
43762
43767
43784
43789
43791
43793
43795
43804
43808
43850
43859
43862
43871
43903
43908
43917
43921
43926
43928
43956
43960
43982
44003
44004
44010
44031
44037
44046
44056
44059
44060
44071
44093
44110
44111
44114
44118
44146
44149
44151
44159
44166
44215
44220
44250
44252
44266
44270
44275
44320
44351
44365
44377
44400
44405
44412
44438
44442
44446
44462
44467
44484
44488
44497
44509
44541
44554
44575
44576
44584
44597
44601
44607
44617
44618
44630
44637
44644
44647
44668
44682
44689
44692
44714
44716
44756
44771
44775
44782
44807
44811
44818
44844
44851
44853
44859
44867
44868
44869
44873
44879
44883
44884
44897
44898
44905
44910
44912
44913
44918
44929
44940
44949
44963
44966
44978
44990
44994
44999
45004
45025
45029
45049
45066
45067
45080
45086
45118
45136
45150
45166
45189
45194
45195
45197
45210
45212
45215
45218
45220
45221
45227
45233
45247
45249
45251
45277
45280
45287
45290
45295
45297
45301
45321
45322
45324
45325
45332
45345
45355
45360
45365
45376
45384
45388
45405
45406
45417
45425
45427
45450
45452
45463
45488
45494
45500
45516
45534
45539
45552
45562
45565
45586
45596
45604
45613
45617
45626
45639
45641
45650
45654
45668
45687
45692
45694
45696
45766
45778
45792
45797
45816
45822
45824
45838
45841
45848
45853
45866
45893
45910
45919
45928
45939
45959
45976
46012
46018
46021
46024
46025
46034
46049
46059
46066
46070
46074
46076
46087
46120
46129
46150
46151
46157
46167
46200
46205
46213
46214
46231
46233
46243
46244
46252
46256
46266
46270
46293
46300
46302
46306
46308
46312
46324
46326
46335
46340
46341
46346
46354
46383
46385
46389
46390
46395
46402
46415
46424
46440
46443
46486
46509
46512
46521
46530
46535
46540
46543
46547
46551
46554
46560
46569
46571
46573
46588
46599
46609
46622
46627
46632
46651
46656
46657
46668
46682
46696
46709
46710
46711
46719
46741
46749
46756
46758
46783
46799
46824
46841
46854
46858
46864
46868
46877
46879
46890
46893
46911
46920
46931
46955
46976
46980
46984
46986
46988
46991
46995
46997
47002
47013
47026
47032
47034
47041
47047
47050
47063
47086
47107
47116
47122
47126
47129
47137
47158
47176
47180
47195
47215
47243
47245
47254
47263
47285
47291
47300
47303
47318
47332
47345
47349
47355
47357
47361
47364
47368
47373
47382
47391
47403
47409
47425
47426
47427
47429
47431
47443
47445
47447
47453
47466
47469
47478
47479
47487
47490
47526
47532
47555
47558
47570
47579
47587
47591
47601
47603
47604
47605
47621
47646
47647
47651
47664
47673
47680
47681
47686
47692
47696
47712
47719
47720
47728
47731
47736
47740
47753
47781
47789
47798
47804
47805
47825
47831
47833
47834
47880
47884
47903
47904
47918
47919
47923
47930
47934
47948
47987
47994
48002
48009
48028
48029
48030
48038
48041
48050
48061
48065
48080
48096
48103
48110
48138
48145
48154
48160
48194
48208
48216
48240
48252
48261
48270
48284
48304
48340
48345
48356
48359
48360
48376
48384
48391
48393
48394
48406
48409
48411
48419
48426
48427
48432
48443
48445
48465
48467
48473
48475
48476
48477
48480
48493
48519
48520
48533
48535
48541
48546
48548
48549
48554
48576
48590
48597
48600
48630
48640
48651
48652
48657
48668
48673
48703
48711
48725
48733
48738
48759
48763
48764
48765
48769
48774
48782
48790
48798
48803
48810
48841
48844
48849
48865
48870
48872
48891
48898
48901
48902
48926
48951
48961
48976
48986
49001
49018
49028
49033
49052
49054
49055
49070
49080
49084
49095
49101
49102
49117
49125
49130
49136
49143
49151
49166
49169
49178
49204
49214
49215
49220
49224
49242
49258
49260
49293
49299
49319
49323
49337
49338
49356
49366
49368
49373
49387
49445
49448
49459
49472
49475
49478
49479
49493
49495
49509
49511
49521
49527
49548
49561
49569
49585
49589
49626
49638
49641
49650
49663
49688
49701
49708
49713
49718
49728
49747
49778
49784
49787
49793
49795
49808
49824
49827
49829
49834
49837
49841
49850
49857
49860
49870
49885
49892
49934
49954
49971
49972
49978
50011
50021
50024
50028
50050
50068
50075
50081
50094
50096
50099
50101
50137
50157
50163
50194
50202
50209
50211
50221
50225
50239
50273
50301
50303
50312
50323
50327
50329
50330
50341
50345
50350
50360
50364
50366
50381
50382
50408
50409
50412
50433
50434
50436
50441
50445
50450
50458
50485
50494
50499
50502
50504
50519
50520
50528
50547
50553
50554
50556
50564
50567
50574
50582
50590
50595
50627
50631
50633
50648
50649
50656
50661
50664
50667
50680
50685
50687
50691
50698
50720
50726
50745
50763
50815
50816
50818
50821
50822
50826
50829
50841
50848
50852
50868
50869
50892
50922
50927
50929
50940
50948
50962
50968
50986
51000
51003
51006
51013
51016
51040
51046
51048
51050
51082
51094
51097
51099
51111
51116
51127
51149
51168
51180
51192
51198
51205
51211
51217
51229
51234
51253
51266
51284
51308
51323
51342
51355
51388
51398
51409
51415
51416
51419
51431
51441
51445
51448
51453
51457
51460
51500
51502
51506
51521
51524
51530
51540
51559
51575
51600
51606
51613
51614
51617
51623
51629
51632
51638
51651
51655
51699
51706
51715
51716
51734
51737
51740
51742
51750
51766
51767
51771
51772
51773
51781
51810
51816
51820
51821
51827
51856
51858
51863
51896
51901
51908
51921
51944
51950
51970
51978
51979
51992
52014
52029
52070
52077
52096
52124
52130
52136
52148
52151
52169
52178
52194
52202
52215
52227
52238
52242
52248
52255
52259
52268
52280
52281
52294
52298
52301
52319
52343
52345
52351
52353
52369
52381
52392
52406
52407
52410
52425
52428
52460
52487
52489
52508
52510
52513
52527
52555
52583
52603
52611
52623
52639
52648
52665
52671
52674
52680
52692
52711
52713
52721
52730
52736
52739
52746
52749
52753
52773
52785
52793
52813
52836
52844
52883
52902
52918
52931
52937
52938
52940
52954
52956
52959
52973
52995
52998
53006
53023
53025
53030
53048
53054
53070
53072
53074
53076
53098
53100
53103
53108
53109
53115
53124
53144
53151
53157
53167
53176
53178
53186
53206
53220
53265
53292
53296
53308
53334
53339
53340
53341
53356
53362
53381
53423
53432
53443
53449
53455
53458
53473
53488
53490
53494
53499
53542
53550
53551
53571
53573
53576
53588
53609
53611
53615
53617
53637
53640
53651
53663
53674
53694
53696
53698
53700
53708
53713
53729
53731
53740
53741
53750
53752
53762
53769
53772
53774
53795
53800
53812
53821
53823
53837
53847
53854
53860
53875
53894
53895
53907
53909
53919
53922
53927
53944
53973
53977
53978
53991
53999
54011
54015
54023
54030
54039
54041
54054
54065
54069
54089
54096
54111
54113
54123
54124
54135
54157
54158
54161
54176
54200
54206
54212
54214
54230
54232
54239
54250
54258
54269
54270
54271
54272
54286
54297
54309
54310
54321
54330
54339
54354
54377
54380
54403
54415
54439
54447
54458
54489
54490
54492
54513
54521
54533
54534
54542
54546
54555
54559
54568
54573
54589
54591
54612
54615
54618
54629
54631
54645
54648
54651
54663
54664
54671
54687
54702
54777
54785
54786
54789
54798
54801
54813
54827
54828
54838
54848
54854
54856
54871
54884
54885
54910
54916
54918
54971
54978
55009
55016
55023
55024
55025
55039
55040
55041
55055
55067
55072
55073
55093
55101
55103
55121
55123
55125
55146
55153
55156
55168
55173
55185
55187
55199
55202
55207
55210
55221
55236
55238
55255
55261
55277
55283
55292
55314
55315
55323
55324
55350
55352
55359
55376
55404
55405
55416
55418
55420
55433
55456
55473
55488
55498
55505
55512
55520
55530
55538
55554
55587
55594
55596
55599
55605
55614
55618
55629
55640
55647
55648
55665
55674
55677
55687
55692
55695
55700
55731
55733
55745
55760
55766
55775
55782
55785
55796
55799
55818
55822
55825
55834
55835
55847
55857
55879
55897
55898
55900
55905
55909
55910
55911
55939
55941
55957
55958
55971
55977
55998
56002
56008
56014
56015
56027
56036
56038
56041
56046
56049
56051
56057
56064
56068
56088
56093
56094
56111
56115
56133
56138
56143
56156
56169
56176
56184
56201
56204
56210
56219
56221
56223
56232
56234
56243
56276
56295
56297
56299
56302
56303
56305
56315
56335
56338
56340
56355
56357
56372
56378
56384
56388
56391
56419
56429
56437
56446
56450
56452
56453
56454
56465
56469
56485
56493
56502
56513
56517
56558
56561
56563
56593
56601
56619
56627
56663
56664
56672
56674
56676
56683
56684
56693
56719
56753
56770
56772
56778
56788
56791
56808
56810
56816
56817
56827
56835
56838
56845
56851
56852
56857
56858
56859
56861
56866
56901
56913
56921
56931
56965
56967
57007
57016
57033
57054
57066
57067
57078
57099
57102
57103
57128
57130
57133
57135
57144
57156
57176
57177
57189
57192
57202
57205
57206
57207
57208
57213
57240
57254
57270
57292
57294
57306
57324
57340
57347
57359
57364
57372
57374
57375
57380
57418
57428
57448
57458
57467
57468
57484
57494
57497
57510
57516
57517
57519
57540
57541
57543
57548
57560
57565
57571
57572
57573
57577
57580
57586
57597
57602
57607
57609
57612
57625
57631
57653
57656
57657
57663
57665
57668
57675
57677
57680
57714
57718
57721
57748
57749
57753
57788
57791
57794
57795
57797
57807
57812
57824
57841
57845
57860
57873
57889
57905
57907
57913
57928
57935
57941
57970
57990
58010
58017
58068
58091
58100
58117
58119
58120
58133
58154
58156
58167
58182
58194
58214
58242
58266
58280
58293
58323
58379
58393
58396
58398
58400
58412
58414
58424
58427
58432
58435
58443
58453
58455
58472
58474
58496
58497
58524
58538
58539
58544
58547
58549
58559
58564
58578
58595
58597
58610
58618
58627
58633
58643
58650
58693
58700
58710
58715
58716
58719
58731
58734
58736
58741
58743
58744
58751
58753
58758
58767
58778
58790
58792
58804
58818
58822
58823
58876
58891
58893
58900
58905
58910
58913
58918
58921
58927
58944
58951
58972
58981
58985
58993
58996
59005
59007
59017
59023
59031
59032
59033
59034
59037
59061
59081
59082
59085
59097
59109
59117
59118
59122
59140
59151
59164
59177
59202
59210
59214
59230
59251
59255
59263
59273
59287
59292
59295
59296
59315
59363
59373
59381
59387
59405
59421
59425
59426
59444
59445
59447
59453
59465
59479
59494
59501
59508
59509
59510
59531
59561
59562
59565
59574
59576
59577
59587
59594
59595
59599
59627
59633
59650
59655
59665
59710
59714
59718
59748
59757
59790
59794
59811
59816
59822
59828
59829
59840
59850
59855
59856
59862
59864
59865
59866
59867
59871
59877
59886
59889
59891
59892
59933
59941
59976
59998
60001
60029
60032
60046
60048
60053
60055
60061
60064
60068
60071
60076
60085
60091
60102
60106
60110
60120
60128
60129
60142
60150
60157
60163
60195
60200
60232
60236
60238
60253
60261
60263
60279
60282
60305
60323
60332
60333
60336
60342
60348
60350
60357
60371
60374
60379
60381
60393
60399
60401
60408
60410
60440
60480
60492
60500
60504
60505
60516
60534
60539
60541
60550
60551
60557
60561
60574
60595
60600
60604
60612
60617
60633
60635
60640
60641
60642
60652
60653
60659
60666
60671
60692
60705
60707
60720
60727
60740
60743
60770
60794
60823
60846
60867
60886
60892
60893
60895
60904
60912
60988
60989
60990
61004
61020
61021
61022
61031
61040
61048
61050
61058
61063
61070
61083
61084
61094
61112
61113
61118
61120
61140
61148
61154
61181
61186
61187
61196
61197
61204
61207
61219
61233
61239
61243
61300
61303
61308
61311
61326
61336
61338
61341
61347
61388
61402
61430
61454
61469
61494
61500
61504
61511
61517
61526
61528
61530
61533
61551
61565
61569
61571
61581
61592
61617
61624
61625
61643
61673
61709
61728
61738
61745
61753
61763
61765
61800
61805
61827
61828
61830
61860
61865
61884
61897
61949
61956
61959
61973
61986
61995
62000
62001
62012
62013
62018
62026
62028
62034
62037
62041
62052
62062
62066
62073
62085
62101
62156
62169
62174
62177
62205
62206
62225
62227
62240
62241
62256
62261
62281
62290
62309
62313
62316
62330
62332
62335
62337
62339
62389
62390
62393
62398
62405
62417
62423
62444
62457
62459
62462
62467
62481
62512
62516
62522
62550
62632
62633
62664
62676
62695
62700
62717
62721
62746
62747
62759
62805
62838
62841
62853
62860
62870
62872
62881
62884
62885
62939
62964
62970
62973
62992
62994
62995
62999
63025
63040
63056
63058
63060
63063
63068
63083
63084
63095
63104
63111
63117
63134
63139
63147
63168
63175
63187
63188
63206
63228
63255
63260
63267
63279
63288
63295
63309
63328
63329
63339
63345
63346
63355
63363
63368
63380
63382
63387
63390
63393
63413
63436
63440
63448
63450
63455
63459
63462
63463
63473
63474
63481
63486
63489
63518
63534
63539
63582
63590
63599
63613
63618
63640
63643
63645
63647
63666
63668
63677
63679
63695
63726
63738
63740
63741
63748
63754
63761
63766
63778
63805
63806
63813
63829
63834
63857
63867
63881
63892
63893
63896
63898
63912
63936
63940
63945
63949
63953
63983
63986
63993
63997
64000
64010
64012
64021
64022
64024
64027
64038
64049
64051
64056
64105
64109
64122
64139
64155
64157
64162
64185
64195
64198
64261
64265
64275
64291
64310
64311
64317
64327
64347
64354
64355
64356
64368
64371
64376
64380
64390
64411
64416
64463
64472
64496
64498
64523
64530
64543
64546
64547
64584
64603
64618
64619
64624
64637
64638
64659
64666
64681
64688
64692
64698
64711
64728
64730
64745
64750
64779
64781
64788
64789
64800
64807
64812
64820
64830
64844
64848
64849
64869
64875
64881
64882
64907
64910
64917
64918
64920
64934
64945
64951
64964
64970
64971
64973
64974
64976
64978
64982
64986
64993
64996
65006
65024
65034
65051
65054
65062
65063
65064
65069
65089
65104
65109
65125
65140
65143
65155
65161
65164
65165
65167
65189
65193
65195
65201
65205
65206
65229
65232
65255
65264
65272
65278
65304
65307
65309
65313
65316
65340
65341
65351
65352
65354
65355
65364
65371
65389
65415
65425
65429
65440
65443
65445
65450
65468
65481
65483
65540
65554
65589
65618
65621
65632
65641
65645
65649
65661
65675
65679
65691
65696
65697
65700
65704
65705
65713
65726
65728
65730
65732
65736
65756
65766
65767
65774
65794
65796
65824
65825
65833
65852
65866
65872
65874
65877
65893
65894
65907
65911
65938
65941
65943
65944
65945
65949
65950
65951
65955
65968
65970
65983
65989
66009
66051
66056
66072
66081
66099
66103
66113
66114
66115
66118
66130
66144
66146
66161
66163
66175
66186
66189
66195
66197
66198
66203
66207
66213
66224
66227
66229
66241
66248
66255
66266
66267
66270
66272
66288
66290
66294
66332
66385
66389
66421
66422
66429
66477
66502
66508
66512
66518
66527
66533
66549
66550
66563
66567
66591
66613
66617
66628
66634
66658
66670
66681
66689
66692
66695
66699
66717
66750
66764
66801
66837
66839
66851
66852
66855
66858
66861
66865
66904
66914
66918
66927
66938
66973
66976
66985
66990
66992
67016
67021
67025
67033
67043
67060
67099
67101
67111
67114
67131
67143
67151
67168
67188
67205
67215
67242
67277
67278
67280
67291
67299
67313
67314
67329
67339
67351
67357
67402
67414
67424
67436
67437
67460
67477
67487
67508
67540
67542
67543
67567
67570
67594
67641
67645
67652
67655
67663
67675
67687
67701
67712
67720
67723
67745
67747
67759
67805
67807
67810
67843
67848
67850
67851
67861
67883
67893
67896
67910
67935
67938
67940
67944
67955
67962
67967
67988
67993
68009
68024
68035
68041
68050
68052
68053
68062
68070
68081
68115
68118
68121
68135
68141
68142
68143
68144
68159
68170
68178
68185
68200
68210
68214
68222
68226
68233
68235
68237
68240
68247
68256
68266
68274
68283
68285
68288
68296
68303
68308
68311
68313
68317
68325
68331
68333
68344
68352
68357
68362
68372
68379
68382
68384
68395
68398
68407
68408
68418
68420
68431
68433
68439
68514
68516
68534
68553
68605
68610
68615
68627
68636
68653
68654
68656
68661
68696
68701
68719
68751
68754
68765
68767
68771
68782
68785
68788
