3
6
8
9
17
20
31
45
55
61
69
75
77
79
80
85
88
93
94
114
121
130
135
138
149
152
156
157
164
166
168
186
195
196
206
224
225
227
228
230
233
258
259
262
263
265
271
272
273
274
275
282
289
290
304
314
316
324
326
336
348
352
359
366
370
376
378
380
382
383
388
397
402
406
407
416
418
421
433
440
443
444
446
454
456
467
468
486
493
494
496
499
502
506
507
515
518
522
525
527
529
530
531
533
534
538
540
548
551
555
560
562
567
572
583
585
596
605
610
615
619
621
626
632
646
650
656
660
662
665
671
676
679
682
697
702
703
712
713
723
726
728
737
740
752
760
762
763
770
772
774
778
785
789
796
798
807
812
813
817
820
829
833
835
838
854
865
879
880
884
888
889
894
900
904
909
911
912
916
920
924
931
950
952
954
959
961
962
964
969
972
974
981
986
990
1003
1011
1016
1022
1025
1026
1048
1053
1055
1062
1063
1064
1067
1075
1084
1096
1097
1101
1107
1120
1128
1130
1137
1149
1151
1159
1167
1178
1181
1184
1185
1192
1203
1208
1217
1226
1229
1232
1239
1240
1255
1269
1271
1280
1281
1282
1290
1300
1303
1304
1325
1339
1340
1341
1350
1352
1358
1359
1362
1363
1365
1377
1379
1382
1389
1398
1403
1405
1417
1419
1440
1448
1449
1452
1453
1454
1455
1461
1463
1472
1476
1479
1480
1483
1488
1501
1502
1503
1511
1516
1520
1522
1532
1540
1545
1555
1557
1560
1561
1575
1577
1583
1585
1586
1587
1589
1591
1592
1596
1602
1609
1610
1613
1635
1638
1642
1643
1644
1655
1661
1663
1668
1674
1675
1691
1693
1694
1700
1701
1710
1716
1719
1727
1728
1730
1738
1742
1754
1755
1756
1757
1758
1764
1769
1785
1794
1797
1801
1805
1811
1816
1822
1824
1827
1831
1832
1842
1852
1865
1877
1878
1880
1881
1889
1892
1894
1896
1905
1910
1912
1915
1923
1924
1949
1950
1954
1959
1968
1969
1978
1995
2009
2010
2019
2021
2022
2027
2029
2033
2043
2045
2049
2053
2062
2071
2073
2080
2086
2102
2105
2112
2128
2131
2132
2150
2155
2162
2166
2168
2169
2173
2175
2181
2182
2187
2209
2216
2219
2221
2224
2230
2240
2242
2244
2249
2253
2271
2273
2277
2289
2294
2298
2319
2321
2324
2328
2329
2335
2343
2359
2367
2370
2371
2376
2383
2390
2391
2400
2401
2403
2409
2410
2424
2427
2433
2442
2443
2451
2467
2471
2480
2487
2497
2500
2506
2511
2512
2513
2515
2525
2533
2539
2540
2548
2558
2559
2561
2562
2569
2575
2594
2603
2622
2624
2626
2643
2644
2654
2657
2663
2667
2690
2692
2712
2723
2726
2730
2731
2733
2744
2746
2749
2763
2767
2769
2773
2781
2783
2791
2797
2799
2801
2815
2817
2834
2853
2854
2858
2860
2870
2874
2875
2883
2886
2891
2895
2900
2901
2906
2914
2921
2931
2935
2938
2941
2972
2974
2980
2991
3000
3008
3009
3015
3016
3022
3037
3052
3063
3066
3067
3069
3073
3110
3113
3119
3128
3136
3146
3167
3174
3175
3181
3182
3189
3190
3191
3195
3197
3199
3203
3205
3226
3229
3231
3235
3237
3238
3255
3260
3267
3279
3282
3285
3287
3288
3290
3296
3315
3319
3342
3345
3346
3349
3357
3359
3363
3364
3365
3382
3387
3389
3390
3396
3397
3398
3405
3410
3413
3414
3417
3426
3430
3431
3433
3442
3451
3460
3463
3470
3481
3486
3491
3497
3505
3507
3509
3522
3523
3527
3528
3539
3541
3559
3567
3571
3572
3575
3577
3600
3609
3611
3612
3615
3625
3629
3656
3661
3668
3669
3674
3677
3678
3679
3682
3686
3700
3701
3702
3703
3704
3706
3718
3722
3723
3724
3733
3734
3737
3742
3747
3749
3751
3753
3759
3769
3772
3783
3785
3790
3791
3804
3806
3809
3816
3823
3827
3840
3845
3851
3856
3867
3868
3870
3875
3881
3886
3887
3890
3898
3908
3918
3928
3929
3931
3945
3962
3968
3969
3974
3976
3979
3983
3997
3999
4001
4004
4006
4012
4046
4050
4059
4063
4066
4068
4072
4074
4079
4080
4085
4086
4087
4093
4103
4106
4110
4121
4122
4141
4145
4148
4152
4157
4162
4171
4194
4199
4201
4203
4207
4215
4216
4217
4228
4234
4240
4249
4254
4262
4265
4266
4267
4280
4282
4299
4315
4317
4321
4330
4337
4339
4343
4345
4351
4359
4366
4368
4371
4379
4383
4384
4394
4402
4413
4415
4418
4420
4423
4424
4425
4433
4440
4441
4448
4458
4463
4483
4491
4495
4502
4503
4507
4510
4511
4514
4518
4523
4526
4527
4533
4535
4541
4545
4559
4560
4569
4570
4580
4587
4592
4595
4600
4605
4610
4618
4634
4635
4640
4644
4650
4658
4659
4663
4670
4676
4686
4687
4689
4690
4692
4709
4711
4712
4715
4719
4730
4731
4737
4744
4750
4756
4758
4760
4765
4770
4772
4773
4775
4779
4780
4782
4783
4797
4798
4809
4814
4825
4827
4835
4837
4843
4849
4851
4857
4869
4875
4878
4880
4889
4891
4899
4901
4909
4914
4917
4918
4920
4925
4941
4946
4952
4971
4998
4999
5009
5011
5017
5040
5049
5057
5060
5069
5072
5074
5076
5079
5091
5092
5095
5100
5104
5109
5121
5125
5130
5138
5149
5153
5160
5161
5164
5170
5189
5190
5204
5206
5212
5217
5218
5226
5242
5243
5248
5250
5261
5265
5274
5285
5286
5288
5289
5292
5293
5322
5323
5327
5336
5343
5346
5349
5350
5352
5354
5359
5363
5366
5371
5373
5384
5386
5387
5399
5400
5405
5407
5409
5410
5411
5412
5413
5421
5432
5438
5451
5453
5460
5467
5471
5475
5477
5484
5488
5493
5496
5506
5513
5517
5537
5538
5556
5559
5560
5566
5570
5572
5574
5576
5578
5579
5581
5582
5585
5590
5591
5603
5605
5606
5611
5615
5616
5626
5633
5635
5641
5642
5676
5691
5696
5697
5702
5707
5710
5715
5723
5725
5726
5730
5731
5745
5754
5757
5763
5769
5777
5778
5782
5785
5791
5795
5800
5804
5805
5807
5810
5818
5819
5832
5836
5849
5852
5857
5858
5860
5871
5881
5884
5885
5887
5889
5909
5912
5921
5923
5936
5948
5949
5960
5962
5964
5966
5975
5982
5984
5988
5999
6000
6003
6004
6007
6019
6026
6029
6049
6055
6064
6066
6069
6071
6074
6076
6077
6078
6082
6084
6089
6092
6100
6104
6110
6111
6130
6132
6139
6151
6152
6155
6156
6157
6164
6165
6170
6175
6176
6179
6186
6195
6201
6207
6209
6210
6215
6218
6224
6227
6229
6233
6236
6242
6248
6257
6265
6270
6273
6280
6284
6285
6290
6294
6303
6308
6313
6315
6325
6330
6344
6347
6352
6359
6377
6390
6392
6394
6395
6399
6406
6409
6410
6411
6413
6421
6422
6423
6441
6447
6455
6456
6459
6461
6469
6470
6471
6473
6475
6487
6488
6491
6501
6510
6511
6513
6515
6516
6533
6534
6538
6544
6546
6550
6551
6558
6569
6574
6580
6591
6593
6599
6600
6604
6606
6607
6613
6614
6616
6628
6638
6648
6651
6653
6659
6664
6666
6669
6670
6674
6679
6703
6713
6716
6718
6722
6724
6730
6732
6733
6734
6735
6746
6750
6753
6756
6757
6763
6773
6777
6781
6783
6784
6787
6788
6797
6804
6806
6811
6815
6816
6830
6833
6834
6848
6856
6863
6868
6872
6884
6885
6893
6895
6904
6908
6914
6916
6922
6923
6925
6930
6934
6937
6944
6949
6952
6971
6976
6991
6993
7006
7010
7012
7022
7041
7051
7060
7062
7065
7080
7083
7085
7086
7089
7090
7092
7097
7099
7122
7128
7133
7134
7144
7156
7162
7164
7169
7171
7174
7179
7183
7186
7190
7199
7213
7216
7224
7231
7233
7259
7260
7261
7262
7268
7269
7270
7277
7280
7282
7287
7288
7291
7308
7310
7312
7322
7330
7331
7347
7365
7372
7377
7381
7388
7389
7392
7394
7395
7396
7400
7401
7410
7411
7418
7427
7438
7442
7451
7458
7462
7465
7470
7471
7473
7481
7487
7493
7496
7509
7513
7514
7515
7521
7523
7527
7536
7544
7545
7547
7561
7564
7565
7583
7587
7589
7594
7600
7602
7603
7604
7618
7629
7630
7644
7645
7647
7651
7658
7661
7664
7670
7672
7684
7687
7692
7698
7700
7704
7705
7709
7717
7722
7723
7728
7733
7734
7735
7737
7747
7748
7752
7755
7756
7759
7768
7770
7772
7778
7780
7781
7783
7790
7793
7797
7798
7800
7811
7815
7831
7837
7845
7848
7850
7855
7856
7859
7867
7869
7872
7879
7883
7884
7885
7903
7908
7912
7914
7920
7928
7931
7935
7941
7942
7943
7950
7954
7962
7966
7977
7979
7982
7990
7993
7995
8007
8011
8014
8021
8024
8036
8037
8038
8040
8047
8057
8059
8074
8075
8077
8087
8089
8105
8107
8118
8119
8124
8125
8131
8134
8138
8140
8142
8159
8161
8162
8163
8164
8168
8169
8173
8182
8185
8187
8193
8205
8223
8234
8236
8238
8241
8243
8254
8262
8265
8266
8280
8285
8287
8315
8317
8319
8320
8323
8328
8333
8339
8348
8350
8360
8370
8374
8376
8397
8403
8414
8416
8419
8428
8431
8432
8434
8440
8453
8460
8462
8481
8487
8492
8499
8511
8513
8520
8521
8529
8532
8535
8545
8551
8553
8557
8558
8560
8561
8569
8570
8573
8576
8579
8581
8601
8608
8615
8617
8619
8626
8627
8632
8636
8640
8642
8645
8646
8650
8658
8660
8679
8681
8682
8687
8688
8707
8711
8714
8736
8740
8746
8748
8758
8762
8766
8769
8776
8784
8800
8805
8820
8822
8826
8829
8831
8833
8834
8842
8845
8847
8848
8851
8852
8856
8864
8866
8867
8868
8875
8898
8904
8905
8916
8922
8931
8938
8944
8946
8949
8957
8960
8961
8963
8972
8976
8980
8982
9002
9003
9004
9015
9017
9020
9021
9032
9033
9038
9048
9050
9051
9053
9057
9060
9071
9075
9086
9095
9096
9098
9105
9123
9134
9142
9146
9147
9149
9150
9155
9159
9166
9175
9182
9184
9192
9194
9203
9204
9210
9218
9234
9243
9246
9252
9258
9268
9276
9278
9279
9281
9282
9283
9293
9300
9302
9308
9311
9314
9320
9326
9329
9330
9335
9340
9350
9351
9352
9359
9364
9365
9372
9376
9377
9386
9389
9394
9400
9403
9412
9413
9422
9424
9433
9436
9449
9452
9456
9468
9469
9471
9476
9477
9492
9501
9508
9519
9535
9537
9549
9563
9574
9590
9592
9605
9606
9608
9612
9621
9623
9628
9641
9643
9648
9649
9651
9652
9653
9659
9663
9677
9690
9697
9699
9711
9719
9721
9725
9737
9741
9772
9776
9803
9809
9814
9815
9820
9825
9831
9833
9836
9841
9844
9850
9857
9867
9872
9877
9884
9889
9894
9895
9896
9905
9912
9914
9917
9927
9931
9937
9943
9967
9980
9985
9988
9989
9992
9999
10000
10001
10003
10006
10018
10019
10020
10030
10038
10045
10046
10048
10054
10056
10063
10072
10073
10074
10076
10086
10087
10097
10098
10110
10112
10119
10134
10139
10145
10148
10158
10165
10175
10176
10178
10185
10188
10201
10208
10210
10221
10224
10227
10235
10238
10252
10260
10261
10263
10274
10275
10277
10284
10286
10287
10300
10304
10308
10313
10318
10320
10327
10337
10338
10339
10341
10349
10365
10366
10369
10373
10383
10386
10390
10402
10407
10410
10416
10417
10421
10424
10426
10429
10440
10442
10471
10473
10476
10492
10496
10500
10507
10521
10523
10528
10531
10532
10548
10551
10552
10553
10556
10562
10563
10583
10585
10586
10593
10596
10603
10621
10622
10628
10630
10635
10637
10638
10645
10654
10659
10664
10673
10674
10675
10682
10684
10686
10688
10691
10692
10697
10709
10717
10725
10728
10731
10732
10734
10737
10742
10757
10768
10770
10774
10778
10784
10785
10787
10801
10806
10809
10813
10816
10817
10818
10827
10828
10830
10833
10836
10851
10866
10872
10883
10888
10894
10899
10902
10914
10917
10924
10925
10928
10937
10945
10958
10960
10963
10964
10967
10970
10975
10978
10982
10983
10986
10988
10990
11005
11024
11030
11034
11038
11041
11042
11052
11054
11061
11062
11064
11069
11072
11080
11081
11085
11096
11101
11102
11106
11114
11119
11120
11123
11135
11141
11142
11148
11150
11151
11156
11160
11161
11162
11166
11167
11170
11177
11191
11195
11216
11219
11230
11234
11235
11246
11247
11250
11259
11263
11270
11285
11290
11292
11300
11314
11315
11318
11322
11325
11330
11333
11335
11345
11347
11350
11358
11360
11363
11366
11370
11376
11384
11385
11392
11393
11396
11398
11411
11432
11438
11439
11440
11441
11442
11446
11453
11454
11455
11457
11458
11467
11477
11478
11482
11489
11497
11498
11503
11507
11518
11521
11530
11533
11541
11545
11552
11553
11556
11558
11568
11574
11576
11580
11581
11588
11589
11591
11600
11601
11602
11603
11604
11610
11621
11622
11625
11627
11633
11642
11647
11648
11650
11653
11654
11656
11660
11664
11669
11671
11674
11677
11680
11681
11683
11685
11687
11688
11701
11702
11708
11710
11722
11726
11731
11734
11739
11746
11751
11758
11760
11767
11772
11776
11779
11786
11788
11791
11792
11797
11801
11802
11813
11814
11822
11835
11840
11849
11864
11873
11876
11881
11893
11897
11901
11903
11904
11929
11933
11942
11944
11949
11951
11953
11960
11963
11966
11979
11981
11984
11995
12005
12032
12035
12041
12060
12061
12063
12067
12082
12099
12101
12113
12118
12119
12134
12136
12138
12142
12145
12147
12149
12163
12171
12173
12174
12181
12183
12187
12188
12189
12199
12201
12202
12211
12215
12216
12219
12222
12225
12235
12245
12254
12261
12262
12266
12268
12271
12274
12276
12283
12290
12296
12298
12302
12303
12305
12307
12311
12321
12333
12344
12368
12374
12378
12390
12392
12397
12410
12424
12426
12445
12456
12457
12466
12468
12469
12475
12484
12497
12513
12521
12527
12538
12539
12541
12548
12556
12557
12559
12561
12564
12565
12587
12588
12595
12596
12600
12601
12604
12610
12616
12631
12640
12645
12648
12670
12674
12677
12680
12682
12697
12699
12704
12711
12720
12724
12732
12742
12743
12767
12772
12773
12776
12783
12790
12791
12792
12794
12800
12801
12813
12818
12827
12834
12851
12860
12865
12868
12872
12877
12880
12889
12894
12895
12898
12899
12901
12904
12906
12908
12921
12926
12928
12930
12935
12937
12939
12940
12956
12960
12962
12966
12970
12973
12981
12984
12987
12998
13014
13019
13029
13040
13046
13051
13052
13066
13067
13075
13087
13092
13095
13099
13100
13102
13104
13107
13113
13117
13133
13134
13144
13148
13151
13159
13171
13173
13190
13192
13208
13225
13230
13235
13238
13242
13248
13250
13262
13269
13272
13277
13300
13307
13310
13312
13319
13321
13340
13353
13357
13362
13370
13372
13376
13396
13412
13420
13423
13437
13441
13450
13457
13464
13467
13469
13476
13491
13492
13494
13501
13502
13510
13528
13529
13531
13544
13545
13550
13552
13569
13570
13589
13590
13601
13627
13642
13647
13665
13666
13669
13674
13675
13676
13682
13697
13711
13712
13717
13719
13736
13740
13753
13766
13788
13791
13803
13807
13809
13815
13826
13843
13844
13845
13852
13853
13861
13870
13879
13884
13887
13888
13892
13919
13944
13950
13970
13972
13981
13983
13999
14008
14011
14012
14019
14024
14026
14030
14049
14050
14053
14063
14064
14078
14087
14091
14093
14096
14103
14104
14105
14109
14112
14119
14138
14140
14145
14146
14161
14163
14170
14173
14179
14189
14192
14193
14196
14207
14208
14209
14234
14237
14245
14249
14269
14273
14274
14275
14276
14277
14290
14295
14296
14297
14300
14311
14316
14318
14323
14332
14333
14339
14340
14342
14351
14353
14356
14364
14367
14368
14371
14373
14374
14376
14378
14385
14391
14406
14426
14442
14449
14451
14453
14456
14466
14469
14479
14483
14487
14491
14498
14502
14505
14510
14512
14517
14544
14549
14555
14557
14562
14564
14565
14568
14569
14570
14575
14577
14582
14588
14595
14596
14606
14608
14623
14627
14629
14640
14646
14651
14669
14670
14676
14685
14693
14705
14735
14743
14745
14750
14753
14755
14772
14782
14783
14789
14791
14792
14796
14798
14815
14826
14827
14839
14849
14852
14854
14863
14873
14875
14879
14884
14886
14890
14898
14901
14903
14904
14916
14925
14927
14928
14932
14934
14942
14948
14952
14957
14975
14989
14991
14996
15007
15011
15020
15026
15030
15032
15033
15038
15048
15067
15070
15072
15084
15091
15099
15100
15107
15109
15117
15119
15128
15132
15133
15144
15147
15164
15165
15174
15182
15184
15189
15196
15199
15200
15217
15236
15242
15245
15266
15270
15275
15276
15281
15288
15291
15298
15312
15318
15321
15326
15332
15333
15337
15338
15339
15342
15357
15358
15360
15382
15386
15390
15395
15400
15402
15408
15418
15421
15427
15438
15443
15446
15450
15457
15469
15474
15477
15481
15482
15485
15492
15496
15500
15505
15506
15509
15510
15518
15520
15534
15543
15547
15551
15553
15555
15564
15567
15571
15577
15578
15581
15583
15584
15585
15594
15605
15617
15618
15621
15627
15634
15641
15643
15644
15645
15650
15655
15678
15685
15689
15695
15696
15700
15701
15712
15715
15727
15731
15733
15735
15737
15739
15740
15745
15749
15759
15767
15773
15781
15782
15786
15787
15791
15794
15802
15810
15819
15821
15824
15867
15877
15881
15883
15884
15889
15892
15904
15905
15914
15920
15923
15927
15932
15936
15938
15940
15943
15945
15948
15949
15951
15952
15953
15954
15958
15962
15966
15967
15970
15973
15976
15978
15985
15990
15992
16004
16005
16014
16023
16026
16042
16058
16061
16075
16076
16077
16084
16094
16098
16107
16118
16120
16125
16127
16130
16131
16133
16138
16152
16161
16162
16166
16180
16185
16191
16193
16196
16201
16205
16210
16214
16216
16230
16232
16239
16244
16249
16250
16251
16270
16271
16272
16278
16279
16288
16291
16292
16304
16319
16322
16325
16334
16368
16377
16381
16386
16388
16391
16396
16400
16407
16417
16420
16428
16430
16443
16446
16456
16467
16482
16491
16493
16502
16507
16515
16521
16531
16538
16546
16548
16549
16550
16552
16555
16558
16561
16566
16575
16577
16590
16591
16601
16602
16604
16611
16613
16614
16615
16620
16625
16626
16641
16651
16660
16665
16682
16690
16693
16697
16701
16702
16705
16717
16719
16722
16731
16733
16736
16741
16743
16748
16749
16754
16756
16759
16765
16767
16775
16778
16790
16791
16810
16822
16827
16832
16835
16844
16850
16853
16854
16858
16860
16866
16868
16869
16872
16880
16884
16887
16892
16893
16895
16897
16902
16903
16906
16912
16918
16926
16937
16938
16940
16941
16947
16950
16955
16956
16970
16972
16983
16999
17012
17014
17022
17024
17030
17036
17046
17047
17073
17076
17082
17105
17112
17122
17126
17127
17133
17143
17144
17147
17151
17164
17172
17181
17184
17185
17188
17189
17190
17199
17218
17221
17223
17225
17229
17232
17235
17242
17246
17264
17272
17288
17293
17306
17315
17322
17325
17330
17335
17339
17351
17361
17368
17389
17392
17398
17401
17403
17412
17427
17436
17437
17442
17443
17447
17454
17456
17460
17462
17466
17469
17471
17480
17482
17485
17488
17497
17498
17499
17504
17507
17533
17535
17541
17544
17546
17548
17550
17557
17560
17563
17574
17577
17579
17582
17596
17601
17605
17611
17613
17614
17619
17627
17628
17640
17642
17660
17663
17671
17676
17678
17686
17690
17692
17693
17696
17701
17704
17706
17716
17719
17721
17724
17725
17727
17728
17731
17734
17741
17743
17746
17752
17759
17770
17771
17777
17779
17788
17791
17793
17794
17795
17802
17810
17813
17816
17838
17840
17841
17842
17846
17852
17862
17873
17874
17877
17881
17888
17896
17900
17909
17916
17920
17934
17939
17944
17946
17950
17954
17960
17962
17964
17966
17969
17974
17980
17982
17985
17996
18005
18011
18012
18028
18029
18030
18039
18041
18044
18053
18057
18066
18071
18083
18087
18088
18105
18111
18121
18134
18136
18143
18146
18150
18151
18152
18160
18161
18165
18168
18191
18196
18199
18218
18220
18222
18227
18230
18233
18247
18257
18264
18275
18278
18279
18280
18281
18282
18287
18289
18290
18291
18297
18301
18312
18325
18334
18337
18344
18348
18364
18370
18376
18378
18382
18393
18396
18397
18406
18418
18428
18429
18432
18444
18447
18448
18451
18453
18470
18479
18488
18494
18498
18503
18508
18510
18516
18517
18519
18537
18538
18539
18551
18553
18556
18558
18563
18575
18582
18589
18593
18595
18615
18618
18627
18635
18644
18647
18652
18657
18669
18670
18697
18701
18706
18708
18710
18726
18734
18737
18738
18741
18743
18745
18752
18755
18759
18769
18772
18789
18793
18795
18807
18808
18816
18817
18818
18827
18828
18846
18849
18851
18854
18870
18874
18875
18877
18880
18881
18888
18904
18919
18923
18936
18949
18955
18961
18982
18988
18991
19003
19006
19007
19008
19009
19014
19023
19045
19056
19060
19064
19065
19074
19077
19078
19079
19080
19084
19095
19099
19103
19106
19109
19113
19114
19120
19127
19135
19146
19151
19153
19155
19159
19166
19168
19176
19179
19181
19188
19197
19202
19203
19206
19212
19217
19232
19234
19237
19238
19242
19248
19249
19260
19267
19271
19274
19277
19279
19283
19289
19290
19306
19312
19314
19323
19328
19329
19334
19335
19336
19342
19349
19352
19358
19366
19377
19378
19379
19381
19388
19390
19392
19406
19413
19416
19435
19443
19454
19457
19460
19475
19478
19480
19489
19496
19502
19503
19506
19514
19515
19520
19525
19528
19541
19555
19556
19560
19563
19570
19572
19580
19581
19583
19594
19596
19605
19607
19609
19612
19618
19619
19621
19625
19642
19646
19651
19655
19659
19661
19663
19670
19680
19684
19693
19694
19695
19706
19708
19714
19719
19741
19746
19755
19767
19775
19779
19784
19794
19798
19799
19803
19805
19807
19809
19824
19826
19830
19836
19839
19844
19846
19849
19861
19871
19873
19885
19890
19899
19907
19910
19913
19925
19942
19948
19950
19952
19959
19976
19985
19986
19988
19996
20004
20008
20025
20030
20033
20038
20042
20046
20049
20050
20052
20053
20064
20067
20069
20072
20074
20075
20088
20093
20097
20098
20101
20110
20111
20118
20119
20120
20123
20130
20132
20134
20140
20148
20149
20166
20170
20179
20180
20182
20189
20190
20193
20195
20201
20205
20209
20216
20219
20221
20223
20231
20253
20261
20267
20271
20272
20275
20277
20285
20287
20289
20290
20293
20301
20303
20306
20320
20332
20338
20341
20346
20350
20352
20353
20354
20366
20371
20376
20377
20389
20401
20411
20420
20421
20422
20434
20441
20445
20452
20456
20465
20470
20505
20506
20508
20518
20519
20532
20537
20540
20544
20546
20549
20553
20561
20566
20570
20583
20587
20591
20599
20602
20611
20615
20621
20626
20630
20634
20639
20647
20661
20662
20666
20672
20680
20683
20685
20687
20688
20691
20697
20720
20725
20738
20755
20766
20771
20772
20774
20776
20782
20783
20805
20807
20808
20818
20819
20822
20823
20829
20836
20839
20841
20842
20847
20850
20867
20888
20894
20902
20905
20911
20917
20927
20930
20931
20934
20954
20965
20966
20971
20985
20991
20996
20998
21007
21010
21013
21021
21030
21033
21037
21038
21045
21049
21050
21051
21057
21062
21063
21074
21092
21094
21102
21121
21125
21131
21141
21144
21146
21148
21152
21173
21180
21185
21199
21209
21248
21256
21257
21263
21268
21269
21272
21274
21276
21283
21286
21287
21289
21292
21293
21299
21302
21307
21310
21312
21326
21335
21341
21349
21352
21354
21361
21368
21369
21371
21372
21374
21382
21387
21391
21396
21400
21401
21409
21412
21413
21417
21418
21423
21424
21428
21436
21442
21447
21450
21454
21463
21471
21472
21475
21476
21478
21486
21488
21493
21502
21510
21511
21517
21527
21536
21541
21556
21562
21572
21575
21585
21586
21589
21594
21595
21602
21604
21626
21630
21649
21663
21671
21677
21678
21685
21688
21690
21691
21696
21697
21702
21706
21710
21713
21719
21721
21724
21725
21726
21731
21736
21737
21738
21750
21752
21758
21761
21763
21766
21767
21771
21772
21775
21776
21778
21779
21783
21785
21788
21791
21799
21804
21807
21818
21825
21827
21838
21839
21843
21859
21860
21865
21870
21875
21881
21883
21888
21892
21895
21902
21903
21908
21916
21918
21919
21924
21926
21929
21952
21953
21987
22010
22031
22032
22034
22042
22048
22063
22064
22068
22072
22073
22082
22090
22091
22097
22112
22121
22123
22129
22138
22172
22186
22190
22191
22193
22206
22210
22222
22224
22226
22234
22235
22237
22240
22252
22255
22256
22272
22281
22282
22285
22291
22293
22300
22315
22319
22350
22351
22356
22359
22367
22393
22394
22396
22398
22404
22413
22423
22431
22438
22450
22461
22462
22466
22469
22470
22475
22480
22485
22494
22514
22515
22516
22520
22523
22536
22542
22548
22551
22554
22566
22570
22577
22588
22600
22601
22607
22617
22628
22632
22639
22646
22649
22655
22658
22660
22668
22672
22676
22681
22691
22698
22705
22708
22721
22726
22732
22740
22746
22750
22763
22774
22776
22784
22786
22789
22793
22799
22804
22806
22807
22814
22824
22825
22833
22841
22844
22849
22852
22862
22866
22867
22868
22870
22877
22882
22897
22900
22906
22912
22914
22916
22922
22927
22934
22945
22950
22953
22955
22959
22964
22966
22968
22969
22981
22990
22993
22995
23000
23008
23011
23017
23022
23027
23029
23036
23049
23057
23058
23060
23062
23064
23065
23066
23069
23079
23091
23092
23098
23102
23126
23127
23131
23135
23137
23138
23152
23155
23160
23161
23162
23163
23165
23169
23182
23183
23184
23186
23194
23199
23200
23202
23218
23226
23227
23229
23233
23244
23246
23247
23256
23258
23261
23276
23285
23300
23308
23315
23316
23327
23328
23341
23354
23355
23357
23368
23372
23386
23394
23395
23401
23407
23408
23409
23412
23414
23419
23432
23433
23449
23453
23457
23458
23459
23460
23474
23480
23482
23483
23498
23507
23512
23518
23528
23540
23542
23548
23550
23560
23573
23577
23592
23593
23598
23599
23611
23617
23620
23623
23628
23631
23634
23648
23652
23654
23655
23669
23680
23686
23687
23689
23697
23704
23708
23712
23715
23720
23723
23733
23735
23749
23763
23777
23779
23783
23787
23792
23798
23800
23801
23804
23811
23818
23830
23840
23842
23864
23874
23882
23888
23889
23892
23897
23898
23909
23910
23916
23919
23922
23924
23926
23930
23934
23938
23946
23957
23958
23961
23966
23967
23987
23996
24004
24013
24015
24016
24022
24026
24027
24028
24035
24044
24046
24048
24057
24063
24065
24067
24075
24082
24085
24096
24103
24107
24109
24110
24119
24120
24128
24143
24145
24152
24161
24165
24170
24182
24184
24186
24197
24203
24206
24212
24218
24223
24225
24228
24231
24247
24249
24251
24254
24255
24257
24258
24263
24267
24273
24300
24304
24314
24316
24319
24323
24332
24336
24345
24348
24351
24381
24385
24391
24393
24398
24399
24401
24402
24416
24420
24423
24424
24425
24431
24435
24436
24452
24453
24466
24478
24490
24493
24499
24507
24511
24526
24534
24541
24551
24555
24566
24582
24590
24591
24607
24611
24618
24623
24632
24636
24643
24651
24661
24669
24680
24706
24708
24712
24716
24717
24719
24722
24731
24735
24740
24743
24748
24752
24753
24758
24760
24761
24771
24772
24776
24780
24788
24793
24799
24804
24808
24809
24812
24832
24836
24846
24869
24875
24880
24882
24890
24895
24902
24905
24906
24908
24911
24920
24930
24936
24938
24942
24950
24954
24958
24973
24974
24977
24980
24997
25004
25011
25013
25015
25023
25024
25038
25040
25042
25054
25055
25060
25089
25100
25108
25109
25110
25114
25115
25119
25130
25134
25143
25145
25157
25159
25163
25165
25188
25194
25208
25209
25210
25212
25213
25218
25222
25226
25238
25239
25242
25249
25266
25268
25272
25274
25275
25281
25285
25291
25294
25297
25298
25301
25307
25311
25315
25321
25324
25330
25331
25333
25334
25336
25340
25341
25346
25348
25365
25368
25369
25371
25375
25376
25378
25380
25398
25401
25410
25411
25416
25420
25422
25424
25432
25436
25444
25447
25455
25456
25462
25464
25469
25476
25477
25487
25496
25497
25499
25502
25517
25522
25525
25529
25533
25538
25549
25562
25570
25578
25584
25588
25594
25605
25607
25613
25619
25621
25624
25626
25628
25635
25639
25645
25648
25652
25657
25662
25671
25677
25678
25682
25683
25691
25693
25703
25706
25710
25726
25728
25737
25745
25753
25758
25760
25768
25770
25773
25788
25793
25796
25809
25810
25811
25813
25815
25818
25823
25829
25831
25854
25855
25861
25863
25864
25867
25870
25876
25881
25888
25892
25899
25906
25907
25909
25910
25914
25928
25930
25931
25940
25944
25974
25976
25980
25984
25990
25999
26004
26007
26009
26013
26014
26033
26038
26040
26047
26059
26062
26072
26075
26076
26091
26094
26099
26108
26115
26117
26118
26131
26138
26147
26157
26160
26161
26167
26174
26176
26178
26182
26185
26187
26203
26204
26207
26211
26221
26223
26233
26234
26235
26237
26239
26243
26248
26258
26259
26266
26271
26274
26278
26287
26291
26296
26315
26318
26330
26331
26334
26338
26347
26350
26352
26374
26375
26386
26388
26389
26390
26396
26397
26399
26400
26402
26408
26409
26418
26424
26426
26429
26431
26433
26436
26448
26453
26454
26476
26480
26493
26501
26509
26512
26525
26533
26542
26545
26548
26549
26551
26563
26571
26573
26574
26591
26600
26603
26609
26612
26614
26635
26637
26640
26641
26642
26647
26650
26665
26667
26671
26672
26678
26679
26688
26692
26696
26697
26709
26714
26715
26717
26719
26725
26727
26728
26761
26765
26769
26773
26789
26791
26802
26803
26804
26805
26809
26813
26823
26825
26827
26828
26840
26841
26842
26844
26855
26856
26861
26864
26869
26872
26882
26890
26897
26899
26901
26913
26916
26922
26929
26935
26937
26946
26953
26957
26961
26980
27001
27005
27007
27033
27040
27041
27049
27050
27053
27066
27069
27073
27075
27085
27091
27097
27118
27120
27124
27127
27128
27129
27136
27141
27143
27150
27159
27164
27173
27176
27179
27180
27182
27184
27185
27189
27191
27192
27193
27198
27207
27218
27238
27243
27251
27255
27259
27262
27267
27268
27270
27271
27275
27283
27284
27286
27294
27295
27296
27310
27319
27321
27322
27323
27328
27346
27348
27352
27356
27380
27385
27388
27392
27395
27396
27399
27404
27411
27427
27428
27437
27441
27444
27454
27460
27462
27465
27467
27470
27471
27475
27476
27482
27493
27496
27504
27506
27515
27520
27531
27554
27557
27568
27571
27582
27594
27609
27613
27616
27617
27634
27640
27652
27661
27664
27670
27671
27673
27687
27695
27705
27718
27719
27724
27741
27742
27748
27765
27768
27771
27788
27789
27790
27791
27796
27799
27801
27809
27817
27820
27827
27831
27836
27839
27850
27852
27855
27867
27871
27872
27897
27901
27903
27906
27911
27917
27919
27928
27956
27971
27974
27975
27984
27998
28000
28002
28006
28015
28025
28031
28035
28037
28038
28045
28050
28055
28058
28061
28067
28070
28088
28092
28093
28108
28113
28116
28118
28123
28131
28140
28148
28151
28152
28177
28181
28188
28191
28198
28199
28200
28204
28212
28214
28218
28224
28238
28239
28240
28243
28249
28251
28258
28259
28261
28264
28274
28287
28289
28291
28301
28307
28309
28313
28324
28342
28350
28353
28354
28364
28376
28384
28395
28407
28414
28415
28416
28417
28419
28425
28436
28451
28468
28473
28476
28491
28506
28517
28520
28524
28525
28530
28531
28539
28540
28543
28546
28553
28557
28565
28567
28569
28607
28610
28612
28618
28635
28648
28650
28651
28653
28654
28658
28663
28668
28675
28687
28690
28701
28702
28706
28710
28719
28720
28730
28733
28734
28736
28737
28738
28740
28741
28757
28761
28765
28767
28771
28772
28774
28777
28778
28779
28782
28789
28792
28802
28805
28823
28829
28852
28858
28862
28864
28866
28873
28878
28881
28890
28892
28897
28898
28906
28916
28918
28926
28931
28940
28946
28957
28961
28973
28974
28978
28984
28995
28996
28998
29001
29011
29020
29028
29040
29048
29055
29056
29057
29070
29072
29077
29079
29083
29084
29086
29092
29094
29110
29114
29125
29126
29136
29138
29141
29143
29144
29148
29156
29166
29175
29179
29194
29205
29217
29234
29236
29247
29253
29258
29273
29282
29285
29299
29300
29302
29304
29308
29309
29314
29317
29323
29326
29327
29328
29341
29343
29347
29349
29350
29352
29354
29355
29356
29357
29358
29363
29367
29370
29372
29395
29398
29399
29404
29406
29409
29411
29415
29426
29427
29444
29445
29449
29471
29479
29481
29482
29485
29486
29487
29489
29490
29493
29498
29500
29507
29508
29514
29517
29523
29531
29539
29541
29544
29550
29567
29570
29580
29582
29589
29591
29604
29607
29610
29611
29622
29625
29629
29637
29638
29641
29655
29658
29659
29672
29675
29693
29694
29701
29710
29718
29724
29725
29741
29744
29745
29758
29761
29764
29768
29771
29778
29781
29783
29789
29793
29797
29799
29801
29802
29803
29810
29814
29818
29821
29835
29847
29852
29856
29860
29861
29865
29883
29887
29892
29895
29903
29905
29914
29919
29923
29924
29927
29928
29929
29931
29934
29937
29945
29956
29957
29958
29970
29971
29972
29974
29977
29982
29987
29989
29997
30007
30008
30011
30017
30024
30025
30034
30036
30043
30044
30045
30048
30051
30052
30054
30057
30058
30062
30067
30068
30075
30077
30087
30090
30100
30101
30110
30113
30114
30132
30133
30141
30143
30144
30149
30150
30153
30169
30172
30178
30180
30188
30189
30193
30194
30204
30212
30218
30223
30228
30234
30243
30254
30255
30256
30258
30260
30266
30270
30275
30284
30306
30308
30314
30320
30328
30340
30353
30354
30357
30358
30359
30373
30380
30391
30401
30419
30433
30438
30451
30489
30500
30509
30513
30525
30528
30553
30557
30558
30566
30570
30574
30584
30590
30593
30609
30611
30632
30650
30660
30669
30674
30679
30683
30688
30695
30697
30698
30707
30709
30711
30713
30722
30724
30729
30740
30744
30747
30750
30752
30753
30766
30777
30778
30783
30785
30787
30792
30794
30805
30807
30816
30817
30823
30825
30827
30828
30830
30833
30840
30843
30849
30853
30854
30857
30858
30860
30862
30863
30865
30873
30885
30898
30926
30929
30934
30940
30941
30942
30945
30948
30953
30956
30958
30959
30963
30965
30967
30968
30970
30972
30974
30979
30998
31012
31025
31028
31032
31036
31039
31051
31059
31060
31072
31076
31080
31082
31083
31096
31103
31105
31106
31118
31136
31137
31139
31143
31149
31150
31164
31166
31170
31171
31172
31178
31180
31184
31187
31189
31194
31195
31199
31210
31218
31221
31225
31227
31242
31243
31245
31246
31259
31268
31269
31270
31275
31278
31279
31280
31282
31288
31289
31291
31292
31296
31300
31304
31313
31327
31336
31341
31355
31360
31375
31379
31391
31393
31396
31399
31401
31412
31423
31426
31427
31431
31440
31458
31459
31461
31464
31467
31470
31480
31488
31490
31492
31494
31503
31504
31505
31507
31512
31513
31514
31517
31521
31533
31535
31547
31548
31550
31555
31559
31567
31568
31574
31601
31603
31609
31613
31615
31617
31624
31632
31637
31642
31650
31651
31656
31658
31659
31666
31672
31679
31689
31701
31703
31717
31718
31722
31731
31732
31733
31742
31748
31749
31753
31764
31765
31767
31768
31769
31770
31773
31780
31783
31784
31790
31795
31796
31798
31802
31808
31818
31819
31829
31830
31835
31845
31847
31856
31857
31861
31862
31865
31882
31886
31895
31901
31908
31911
31914
31915
31918
31923
31925
31929
31931
31939
31940
31949
31966
31969
31974
31975
31977
31981
31995
32002
32003
32008
32020
32022
32037
32041
32046
32051
32052
32054
32057
32060
32081
32084
32085
32093
32100
32103
32106
32114
32122
32125
32133
32136
32138
32141
32142
32149
32150
32153
32161
32171
32172
32175
32184
32191
32201
32206
32207
32211
32213
32227
32236
32237
32238
32244
32255
32272
32279
32285
32289
32292
32296
32301
32302
32307
32308
32310
32332
32338
32342
32344
32353
32356
32387
32405
32406
32418
32419
32423
32429
32430
32435
32442
32458
32465
32467
32473
32474
32490
32499
32514
32531
32532
32539
32541
32544
32560
32564
32582
32584
32597
32605
32609
32613
32614
32617
32620
32622
32638
32639
32646
32647
32652
32655
32657
32674
32675
32679
32680
32689
32704
32718
32722
32724
32725
32727
32736
32738
32744
32745
32746
32750
32752
32754
32755
32763
32765
32769
32774
32775
32778
32782
32784
32786
32803
32809
32825
32828
32841
32843
32851
32858
32867
32875
32876
32878
32884
32889
32891
32900
32902
32905
32913
32916
32917
32918
32924
32930
32932
32937
32943
32945
32946
32947
32951
32952
32960
32961
32975
32976
32982
32992
32993
32999
33005
33006
33009
33020
33025
33029
33033
33034
33044
33052
33068
33072
33074
33076
33078
33091
33094
33096
33098
33103
33105
33106
33108
33121
33130
33131
33151
33156
33161
33162
33175
33184
33190
33193
33197
33201
33202
33212
33224
33232
33243
33244
33245
33246
33249
33251
33255
33259
33265
33266
33268
33272
33284
33285
33290
33297
33302
33308
33328
33339
33340
33352
33353
33360
33365
33372
33380
33385
33388
33389
33392
33398
33400
33410
33411
33412
33428
33430
33438
33445
33449
33451
33452
33461
33467
33473
33476
33482
33489
33520
33525
33529
33533
33534
33537
33544
33547
33551
33553
33562
33563
33570
33572
33574
33579
33585
33587
33599
33600
33610
33616
33618
33623
33625
33628
33629
33632
33633
33639
33643
33646
33649
33668
33689
33691
33697
33704
33708
33712
33720
33723
33725
33730
33731
33734
33742
33744
33748
33764
33766
33776
33777
33783
33787
33793
33800
33803
33811
33814
33824
33825
33828
33830
33834
33838
33839
33840
33841
33847
33853
33863
33864
33866
33867
33871
33878
33892
33895
33896
33901
33903
33912
33913
33917
33921
33931
33936
33939
33940
33941
33944
33946
33948
33952
33956
33962
33971
33980
33989
33990
34003
34005
34011
34015
34017
34019
34021
34022
34029
34030
34031
34032
34033
34034
34036
34055
34056
34058
34062
34065
34068
34072
34075
34077
34079
34083
34088
34091
34097
34103
34108
34114
34119
34121
34122
34130
34143
34150
34154
34169
34178
34184
34197
34198
34203
34214
34220
34227
34231
34237
34240
34242
34252
34253
34257
34259
34267
34277
34278
34294
34295
34298
34303
34308
34318
34323
34324
34329
34334
34342
34347
34348
34352
34359
34368
34378
34380
34381
34384
34387
34408
34409
34411
34424
34427
34430
34435
34436
34437
34442
34447
34455
34457
34462
34464
34466
34492
34503
34512
34524
34528
34530
34541
34544
34550
34552
34564
34567
34572
34579
34584
34589
34596
34600
34610
34618
34620
34631
34644
34645
34654
34661
34667
34671
34684
34686
34689
34691
34692
34700
34706
34715
34718
34719
34728
34732
34738
34739
34749
34751
34752
34753
34755
34757
34759
34767
34774
34777
34783
34788
34792
34804
34807
34810
34821
34823
34826
34829
34832
34840
34841
34842
34852
34853
34862
34891
34892
34897
34899
34900
34903
34906
34908
34913
34916
34917
34927
34951
34959
34978
34981
34986
34987
34993
34994
34996
34999
35002
35006
35007
35010
35024
35026
35029
35035
35041
35042
35053
35063
35065
35066
35071
35077
35079
35085
35092
35109
35110
35112
35117
35131
35136
35141
35145
35156
35166
35168
35171
35179
35184
35198
35200
35201
35207
35211
35224
35245
35247
35255
35264
35271
35272
35273
35280
35283
35297
35299
35325
35339
35346
35350
35355
35356
35360
35364
35366
35374
35377
35396
35397
35398
35400
35407
35412
35413
35420
35424
35425
35427
35433
35434
35436
35439
35445
35456
35458
35461
35462
35465
35471
35472
35474
35475
35476
35479
35481
35487
35488
35489
35493
35497
35504
35506
35508
35511
35513
35523
35524
35525
35532
35535
35550
35551
35569
35582
35583
35590
35594
35602
35605
35616
35619
35621
35623
35629
35632
35633
35641
35658
35666
35674
35682
35690
35691
35695
35703
35704
35724
35742
35747
35754
35757
35775
35783
35784
35788
35794
35796
35798
35805
35813
35820
35821
35823
35826
35836
35848
35852
35856
35858
35859
35860
35867
35872
35876
35886
35889
35893
35897
35907
35919
35932
35933
35935
35936
35951
35952
35959
35964
35965
35967
35976
35981
35982
35984
35995
35999
36004
36009
36016
36019
36042
36044
36053
36055
36075
36077
36081
36085
36088
36099
36100
36102
36103
36105
36107
36114
36122
36125
36130
36135
36149
36152
36153
36157
36161
36162
36168
36204
36223
36225
36226
36232
36234
36237
36238
36263
36269
36273
36278
36291
36294
36296
36299
36301
36302
36309
36313
36317
36324
36326
36340
36345
36348
36368
36370
36375
36397
36402
36403
36405
36413
36427
36437
36441
36444
36447
36449
36452
36464
36472
36473
36475
36483
36490
36501
36503
36512
36513
36518
36525
36527
36535
36543
36545
36552
36554
36557
36575
36578
36579
36583
36585
36590
36604
36608
36609
36615
36624
36629
36639
36642
36651
36657
36658
36661
36663
36670
36672
36673
36680
36685
36686
36693
36695
36698
36700
36703
36726
36729
36730
36731
36736
36742
36752
36757
36767
36768
36769
36776
36777
36779
36794
36806
36822
36823
36824
36825
36833
36838
36841
36842
36843
36844
36846
36850
36862
36871
36880
36882
36890
36892
36893
36894
36900
36901
36915
36919
36920
36935
36938
36939
36955
36956
36960
36972
36976
36984
36985
37001
37006
37007
37009
37015
37018
37031
37039
37054
37055
37059
37062
37064
37066
37068
37073
37074
37078
37080
37083
37091
37092
37094
37095
37098
37105
37107
37121
37127
37140
37146
37148
37149
37152
37159
37163
37165
37187
37192
37196
37200
37204
37210
37214
37219
37220
37221
37225
37240
37242
37244
37248
37251
37253
37269
37273
37280
37285
37305
37310
37328
37335
37352
37353
37354
37363
37366
37371
37379
37380
37388
37389
37390
37396
37399
37408
37409
37413
37424
37428
37436
37440
37443
37448
37449
37450
37476
37480
37483
37487
37488
37496
37501
37504
37510
37516
37518
37526
37532
37540
37551
37558
37563
37571
37574
37575
37585
37587
37598
37599
37605
37608
37613
37614
37616
37620
37623
37644
37655
37666
37667
37669
37670
37673
37676
37680
37689
37707
37713
37733
37736
37755
37760
37767
37771
37772
37773
37774
37777
37784
37787
37792
37794
37797
37801
37805
37813
37817
37822
37824
37826
37830
37834
37837
37847
37853
37864
37870
37882
37883
37889
37894
37897
37900
37903
37906
37913
37914
37917
37920
37929
37933
37938
37946
37947
37952
37955
37957
37958
37962
37965
37972
37973
37976
37983
37985
37990
37995
38000
38001
38003
38013
38014
38015
38017
38025
38040
38046
38060
38061
38067
38073
38087
38088
38095
38097
38111
38119
38120
38121
38122
38123
38128
38140
38141
38153
38154
38157
38162
38163
38165
38168
38177
38181
38191
38207
38213
38217
38232
38242
38249
38252
38253
38255
38258
38259
38263
38272
38276
38280
38283
38285
38318
38323
38329
38332
38339
38344
38346
38348
38351
38360
38370
38371
38384
38388
38391
38392
38394
38396
38399
38411
38416
38422
38423
38425
38427
38434
38444
38451
38455
38464
38470
38477
38521
38531
38542
38547
38549
38550
38564
38565
38566
38569
38570
38574
38581
38587
38589
38606
38607
38610
38623
38627
38628
38638
38641
38646
38648
38653
38660
38661
38677
38682
38683
38684
38691
38700
38706
38713
38719
38734
38737
38745
38746
38751
38758
38767
38794
38805
38810
38813
38820
38822
38829
38832
38833
38834
38835
38845
38847
38848
38863
38866
38869
38879
38887
38897
38915
38919
38928
38932
38933
38935
38936
38949
38952
38956
38959
38973
38983
38996
39002
39003
39004
39013
39016
39025
39026
39028
39031
39037
39039
39040
39041
39044
39053
39057
39059
39065
39070
39075
39080
39086
39089
39094
39100
39103
39117
39130
39138
39141
39159
39168
39172
39179
39185
39198
39200
39202
39218
39220
39225
39231
39252
39263
39266
39267
39268
39277
39278
39285
39287
39290
39293
39295
39304
39314
39316
39320
39341
39355
39359
39360
39365
39366
39370
39371
39389
39390
39399
39419
39421
39424
39430
39432
39439
39444
39447
39454
39456
39459
39465
39466
39467
39474
39477
39483
39485
39495
39504
39506
39511
39513
39515
39518
39520
39521
39523
39526
39530
39533
39535
39553
39556
39557
39558
39564
39568
39569
39572
39576
39579
39584
39586
39594
39599
39603
39626
39645
39648
39657
39659
39667
39677
39688
39704
39707
39726
39727
39730
39743
39744
39745
39749
39752
39756
39765
39773
39774
39776
39778
39783
39792
39799
39803
39809
39812
39819
39820
39821
39823
39827
39828
39834
39836
39842
39843
39844
39846
39851
39864
39867
39885
39886
39907
39910
39911
39912
39913
39915
39920
39922
39925
39928
39929
39930
39932
39938
39939
39944
39948
39950
39952
39961
39972
39973
39979
39995
40001
40008
40009
40013
40022
40033
40034
40046
40049
40051
40056
40058
40062
40063
40069
40073
40087
40097
40098
40099
40103
40105
40112
40116
40128
40133
40135
40136
40154
40155
40160
40162
40168
40172
40173
40178
40193
40202
40222
40224
40226
40232
40233
40239
40240
40248
40250
40256
40266
40267
40270
40274
40279
40292
40294
40298
40302
40306
40309
40319
40329
40335
40362
40364
40383
40384
40390
40401
40404
40405
40419
40435
40440
40459
40466
40478
40492
40498
40499
40522
40526
40538
40541
40544
40550
40558
40559
40561
40564
40576
40581
40586
40593
40596
40597
40603
40605
40618
40628
40661
40673
40680
40681
40684
40685
40687
40688
40692
40694
40699
40702
40706
40710
40713
40714
40729
40737
40741
40745
40768
40769
40772
40778
40788
40791
40802
40822
40823
40827
40832
40833
40836
40845
40847
40852
40855
40859
40861
40865
40882
40894
40895
40901
40904
40905
40907
40915
40916
40926
40928
40931
40932
40942
40962
40968
40973
40974
40977
40992
40994
40998
41008
41025
41031
41040
41044
41045
41048
41054
41055
41062
41063
41072
41073
41083
41089
41095
41106
41110
41124
41133
41137
41148
41150
41152
41157
41158
41161
41177
41190
41202
41216
41220
41224
41234
41238
41240
41256
41273
41274
41275
41282
41293
41295
41307
41308
41309
41310
41314
41321
41331
41338
41351
41352
41359
41374
41376
41382
41385
41392
41397
41399
41407
41408
41409
41410
41418
41424
41425
41433
41446
41449
41450
41465
41469
41470
41480
41481
41482
41485
41493
41495
41501
41502
41506
41509
41511
41512
41517
41518
41522
41534
41538
41546
41560
41565
41566
41567
41587
41601
41603
41604
41606
41617
41618
41626
41633
41635
41644
41652
41658
41659
41665
41667
41672
41676
41688
41695
41699
41704
41712
41713
41716
41717
41726
41729
41745
41750
41762
41778
41779
41783
41784
41797
41808
41814
41816
41821
41822
41824
41846
41849
41859
41886
41887
41890
41894
41897
41906
41908
41913
41915
41918
41926
41939
41940
41946
41950
41951
41952
41955
41958
41959
41961
41967
41978
41993
41997
42001
42004
42012
42020
42022
42043
42049
42058
42062
42068
42081
42082
42093
42104
42107
42110
42115
42123
42127
42142
42151
42162
42171
42172
42173
42175
42198
42199
42201
42203
42206
42217
42223
42227
42244
42246
42253
42258
42260
42261
42272
42273
42276
42287
42290
42302
42303
42312
42313
42314
42318
42319
42326
42327
42333
42340
42341
42343
42344
42347
42352
42362
42371
42386
42392
42393
42401
42405
42407
42408
42410
42411
42413
42414
42415
42419
42433
42436
42441
42442
42443
42455
42458
42460
42466
42475
42484
42494
42499
42501
42503
42504
42506
42512
42516
42521
42523
42524
42533
42538
42539
42540
42544
42552
42554
42556
42559
42576
42578
42581
42607
42614
42616
42618
42624
42630
42642
42649
42651
42655
42658
42662
42663
42684
42697
42701
42704
42716
42719
42720
42726
42729
42744
42747
42751
42753
42758
42762
42763
42764
42770
42774
42775
42792
42795
42797
42803
42807
42822
42827
42836
42837
42845
42848
42849
42862
42874
42879
42884
42892
42894
42905
42916
42925
42931
42935
42947
42950
42951
42952
42959
42970
42983
42984
42997
42999
43001
43005
43010
43016
43017
43020
43031
43042
43049
43058
43059
43067
43068
43075
43076
43083
43085
43098
43109
43111
43115
43124
43125
43126
43137
43139
43146
43147
43149
43151
43155
43160
43169
43180
43189
43197
43201
43206
43208
43214
43217
43219
43233
43237
43244
43247
43251
43255
43257
43272
43273
43277
43280
43287
43304
43318
43320
43322
43336
43341
43347
43357
43364
43375
43378
43380
43381
43384
43388
43389
43401
43409
43412
43413
43426
43430
43431
43432
43434
43435
43444
43446
43447
43455
43460
43462
43466
43468
43473
43475
43477
43484
43488
43492
43501
43513
43514
43517
43529
43548
43549
43550
43555
43556
43569
43571
43576
43578
43579
43580
43582
43591
43596
43602
43605
43609
43631
43634
43635
43642
43644
43646
43648
43653
43660
43677
43678
43684
43685
43695
43696
43697
43712
43715
43718
43728
43741
43747
43748
43749
43762
43767
43784
43789
43791
43793
43795
43797
43804
43806
43808
43835
43843
43847
43848
43850
43856
43859
43862
43871
43900
43903
43908
43914
43917
43921
43922
43926
43928
43933
43953
43956
43960
43961
43971
43982
44000
44003
44004
44010
44011
44013
44023
44031
44037
44042
44046
44056
44059
44060
44071
44093
44107
44110
44111
44112
44114
44118
44120
44122
44127
44140
44146
44149
44151
44159
44165
44166
44203
44215
44216
44220
44250
44252
44256
44260
44266
44269
44270
44275
44285
44312
44320
44332
44338
44348
44351
44355
44362
44365
44374
44377
44388
44400
44405
44407
44409
44412
44438
44442
44446
44447
44456
44462
44467
44484
44488
44497
44505
44509
44515
44518
44528
44541
44554
44573
44574
44575
44576
44584
44589
44597
44601
44607
44615
44617
44618
44624
44630
44637
44642
44644
44647
44650
44668
44671
44682
44684
44689
44692
44693
44697
44698
44706
44710
44714
44716
44722
44727
44732
44736
44739
44740
44743
44748
44756
44759
44770
44771
44775
44782
44798
44803
44807
44811
44812
44818
44824
44825
44844
44849
44850
44851
44853
44859
44867
44868
44869
44870
44871
44873
44879
44883
44884
44897
44898
44900
44902
44905
44910
44912
44913
44918
44921
44929
44934
44938
44939
44940
44941
44949
44953
44956
44963
44966
44975
44978
44987
44990
44993
44994
44999
45004
45008
45022
45025
45029
45031
45038
45047
45049
45055
45059
45066
45067
45080
45086
45115
45116
45118
45119
45132
45136
45143
45150
45166
45168
45176
45187
45188
45189
45194
45195
45197
45201
45206
45210
45212
45215
45218
45220
45221
45227
45233
45234
45247
45248
45249
45251
45254
45277
45280
45287
45290
45291
45295
45297
45301
45309
45310
45316
45321
45322
45324
45325
45327
45332
45335
45345
45348
45354
45355
45360
45362
45364
45365
45376
45384
45388
45395
45397
45401
45405
45406
45417
45420
45425
45427
45431
45436
45450
45452
45456
45463
45464
45466
45467
45488
45494
45500
45502
45503
45510
45516
45529
45534
45539
45549
45552
45557
45561
45562
45563
45565
45566
45573
45576
45580
45586
45587
45596
45599
45604
45613
45617
45626
45632
45639
45641
45647
45650
45652
45654
45658
45661
45664
45668
45687
45692
45694
45696
45701
45706
45712
45724
45725
45731
45733
45740
45745
45764
45766
45772
45778
45792
45797
45804
45816
45822
45824
45826
45838
45841
45846
45848
45851
45853
45858
45866
45893
45899
45902
45908
45910
45918
45919
45928
45934
45937
45939
45954
45957
45959
45961
45966
45976
45993
46003
46012
46015
46018
46021
46024
46025
46034
46049
46059
46065
46066
46068
46069
46070
46074
46075
46076
46087
46088
46098
46106
46107
46112
46113
46115
46118
46120
46129
46150
46151
46157
46162
46167
46169
46193
46200
46205
46206
46213
46214
46221
46228
46231
46233
46234
46235
46236
46240
46243
46244
46247
46250
46252
46256
46266
46269
46270
46275
46293
46300
46302
46306
46308
46312
46324
46326
46329
46331
46332
46335
46340
46341
46342
46346
46347
46354
46361
46366
46383
46385
46389
46390
46395
46402
46408
46411
46413
46415
46424
46429
46440
46443
46458
46462
46475
46486
46490
46506
46508
46509
46512
46521
46524
46530
46535
46540
46542
46543
46547
46551
46554
46556
46560
46569
46571
46573
46579
46588
46591
46592
46599
46605
46609
46616
46622
46627
46632
46651
46656
46657
46668
46682
46687
46688
46696
46704
46708
46709
46710
46711
46716
46719
46741
46744
46747
46749
46756
46758
46762
46763
46764
46772
46778
46783
46793
46799
46822
46824
46828
46840
46841
46853
46854
46858
46864
46868
46872
46877
46878
46879
46887
46890
46893
46897
46899
46908
46911
46918
46920
46925
46931
46955
46970
46976
46980
46984
46986
46988
46991
46995
46997
47002
47011
47013
47026
47032
47033
47034
47041
47043
47045
47047
47050
47054
47063
47066
47086
47097
47106
47107
47116
47122
47125
47126
47129
47131
47134
47137
47138
47146
47155
47158
47176
47177
47180
47195
47205
47215
47243
47245
47248
47254
47263
47279
47280
47285
47291
47296
47300
47303
47307
47318
47328
47332
47340
47342
47344
47345
47349
47355
47357
47361
47364
47365
47368
47370
47373
47382
47391
47398
47403
47409
47418
47425
47426
47427
47429
47431
47443
47445
47447
47450
47453
47454
47466
47469
47478
47479
47487
47488
47490
47496
47497
47499
47510
47511
47516
47526
47532
47544
47553
47555
47558
47565
47570
47579
47587
47591
47601
47603
47604
47605
47608
47621
47646
47647
47651
47655
47664
47673
47680
47681
47686
47689
47692
47696
47712
47719
47720
47724
47728
47730
47731
47736
47740
47741
47753
47759
47775
47778
47781
47783
47789
47790
47798
47804
47805
47806
47812
47815
47824
47825
47831
47832
47833
47834
47838
47849
47861
47868
47869
47880
47884
47885
47895
47903
47904
47916
47918
47919
47923
47925
47930
47934
47948
47968
47969
47972
47987
47994
47995
47999
48002
48007
48009
48019
48021
48028
48029
48030
48038
48040
48041
48047
48050
48059
48061
48062
48065
48068
48069
48080
48096
48098
48103
48110
48123
48127
48138
48140
48145
48150
48153
48154
48160
48161
48167
48180
48194
48195
48202
48205
48208
48216
48240
48252
48261
48270
48283
48284
48290
48292
48299
48302
48304
48323
48340
48345
48348
48356
48359
48360
48364
48374
48376
48381
48384
48388
48391
48393
48394
48406
48407
48409
48411
48419
48426
48427
48432
48440
48443
48445
48454
48465
48467
48472
48473
48475
48476
48477
48480
48491
48493
48499
48505
48506
48510
48519
48520
48532
48533
48535
48540
48541
48542
48546
48548
48549
48553
48554
48568
48572
48574
48575
48576
48590
48597
48600
48612
48629
48630
48640
48641
48651
48652
48656
48657
48660
48664
48668
48673
48693
48695
48699
48702
48703
48705
48711
48725
48733
48738
48741
48759
48763
48764
48765
48769
48774
48782
48783
48788
48790
48794
48798
48799
48800
48803
48810
48811
48814
48824
48828
48841
48844
48845
48849
48864
48865
48870
48871
48872
48877
48891
48898
48901
48902
48910
48915
48916
48917
48920
48926
48951
48961
48976
48983
48985
48986
49001
49018
49024
49028
49033
49050
49052
49054
49055
49060
49070
49078
49080
49084
49085
49095
49100
49101
49102
49117
49125
49130
49136
49141
49143
49151
49154
49162
49165
49166
49169
49178
49195
49204
49205
49214
49215
49217
49220
49224
49229
49242
49252
49258
49260
49276
49293
49294
49295
49296
49299
49301
49317
49319
49323
49334
49335
49336
49337
49338
49355
49356
49366
49368
49373
49385
49387
49389
49399
49424
49428
49436
49437
49442
49445
49448
49455
49458
49459
49460
49464
49468
49469
49472
49475
49478
49479
49483
49493
49495
49502
49505
49509
49511
49516
49520
49521
49525
49527
49541
49548
49551
49554
49561
49569
49571
49574
49577
49585
49589
49611
49626
49635
49637
49638
49641
49650
49656
49662
49663
49676
49687
49688
49697
49701
49703
49707
49708
49713
49718
49725
49728
49738
49747
49759
49765
49768
49778
49784
49787
49790
49791
49793
49795
49808
49824
49827
49829
49834
49837
49841
49849
49850
49857
49859
49860
49870
49885
49892
49897
49914
49920
49926
49929
49934
49936
49947
49954
49968
49971
49972
49978
49984
49985
50009
50011
50021
50024
50026
50028
50040
50046
50050
50068
50075
50081
50082
50094
50096
50099
50101
50108
50133
50137
50139
50144
50152
50157
50163
50166
50184
50186
50194
50202
50205
50208
50209
50211
50221
50225
50234
50239
50248
50268
50273
50287
50301
50303
50312
50323
50325
50327
50329
50330
50341
50345
50350
50355
50360
50361
50363
50364
50366
50367
50381
50382
50408
50409
50412
50415
50428
50433
50434
50436
50437
50441
50445
50450
50455
50458
50459
50482
50485
50494
50499
50500
50502
50504
50515
50519
50520
50523
50527
50528
50529
50543
50547
50550
50553
50554
50555
50556
50558
50564
50567
50574
50580
50582
50590
50595
50608
50621
50626
50627
50631
50633
50638
50648
50649
50653
50655
50656
50660
50661
50663
50664
50667
50670
50674
50679
50680
50685
50686
50687
50691
50693
50698
50708
50712
50713
50715
50720
50726
50732
50734
50745
50763
50772
50778
50780
50787
50798
50799
50807
50815
50816
50818
50821
50822
50826
50829
50841
50846
50848
50852
50856
50859
50867
50868
50869
50892
50919
50922
50923
50927
50929
50940
50941
50943
50948
50951
50959
50962
50963
50968
50986
50998
51000
51003
51006
51013
51016
51039
51040
51042
51046
51048
51050
51056
51074
51082
51092
51093
51094
51097
51099
51103
51111
51116
51119
51120
51126
51127
51137
51139
51149
51168
51180
51192
51198
51205
51211
51214
51217
51229
51234
51249
51253
51255
51266
51278
51284
51288
51289
51294
51306
51308
51310
51319
51323
51330
51331
51335
51342
51355
51366
51374
51388
51391
51398
51403
51405
51409
51411
51415
51416
51419
51420
51421
51431
51441
51445
51446
51448
51452
51453
51457
51460
51466
51476
51480
51491
51493
51495
51500
51502
51506
51507
51512
51521
51522
51524
51530
51537
51540
51548
51558
51559
51575
51583
51591
51600
51606
51613
51614
51617
51620
51623
51629
51631
51632
51638
51643
51648
51651
51655
51661
51665
51675
51682
51684
51699
51706
51715
51716
51726
51734
51737
51738
51740
51742
51746
51750
51752
51755
51766
51767
51771
51772
51773
51781
51803
51810
51816
51820
51821
51827
51836
51854
51856
51858
51859
51863
51896
51900
51901
51908
51921
51924
51944
51946
51950
51970
51977
51978
51979
51980
51990
51992
52014
52022
52027
52029
52030
52032
52065
52070
52073
52077
52089
52096
52124
52127
52130
52132
52136
52142
52148
52151
52169
52178
52185
52194
52202
52205
52214
52215
52227
52229
52238
52242
52248
52255
52257
52259
52265
52268
52280
52281
52291
52294
52298
52301
52309
52318
52319
52321
52343
52345
52351
52353
52356
52357
52359
52364
52369
52374
52381
52389
52392
52394
52406
52407
52410
52423
52425
52428
52460
52487
52489
52503
52505
52508
52510
52513
52516
52525
52527
52532
52539
52541
52542
52544
52549
52555
52556
52558
52566
52579
52582
52583
52603
52611
52622
52623
52626
52627
52639
52648
52650
52665
52671
52674
52680
52690
52692
52711
52713
52716
52721
52723
52729
52730
52733
52736
52737
52739
52746
52749
52753
52760
52764
52773
52778
52785
52787
52793
52813
52816
52818
52819
52827
52830
52834
52836
52841
52844
52883
52891
52899
52902
52915
52918
52931
52933
52935
52937
52938
52940
52954
52955
52956
52959
52965
52973
52995
52998
53006
53010
53022
53023
53025
53027
53030
53037
53048
53054
53070
53072
53074
53075
53076
53098
53100
53103
53108
53109
53110
53115
53118
53124
53133
53144
53145
53151
53157
53167
53170
53174
53175
53176
53177
53178
53183
53186
53187
53196
53204
53206
53207
53220
53230
53237
53247
53248
53259
53261
53262
53264
53265
53273
53276
53281
53285
53292
53296
53308
53334
53339
53340
53341
53353
53356
53362
53372
53375
53380
53381
53383
53396
53397
53405
53416
53423
53425
53432
53443
53449
53450
53455
53457
53458
53473
53484
53486
53488
53490
53492
53494
53496
53499
53508
53542
53550
53551
53556
53558
53566
53571
53573
53574
53576
53588
53589
53591
53592
53609
53611
53615
53617
53625
53630
53637
53640
53648
53651
53660
53663
53673
53674
53693
53694
53696
53698
53700
53704
53708
53713
53723
53729
53731
53737
53740
53741
53750
53752
53762
53763
53769
53772
53774
53781
53786
53795
53800
53805
53812
53815
53821
53823
53825
53829
53836
53837
53843
53845
53847
53854
53859
53860
53863
53872
53873
53875
53894
53895
53900
53907
53909
53910
53919
53921
53922
53926
53927
53944
53946
53956
53965
53970
53973
53974
53975
53977
53978
53980
53981
53991
53992
53994
53995
53999
54011
54015
54023
54025
54027
54030
54031
54039
54041
54048
54054
54060
54064
54065
54069
54084
54089
54090
54096
54111
54113
54119
54123
54124
54129
54132
54135
54144
54157
54158
54161
54166
54169
54176
54182
54186
54200
54206
54207
54210
54212
54214
54230
54232
54239
54241
54243
54250
54252
54258
54263
54269
54270
54271
54272
54284
54286
54297
54308
54309
54310
54321
54330
54333
54339
54345
54350
54352
54354
54359
54360
54377
54380
54389
54403
54415
54419
54439
54441
54447
54456
54458
54459
54463
54482
54486
54489
54490
54492
54506
54511
54513
54521
54533
54534
54535
54542
54546
54555
54559
54563
54568
54569
54573
54589
54591
54595
54606
54612
54615
54618
54629
54631
54644
54645
54648
54650
54651
54653
54657
54663
54664
54671
54685
54687
54689
54690
54695
54702
54710
54716
54725
54727
54744
54745
54756
54759
54761
54774
54777
54785
54786
54789
54793
54798
54801
54807
54809
54813
54827
54828
54838
54846
54848
54853
54854
54856
54871
54884
54885
54896
54902
54910
54915
54916
54918
54925
54927
54944
54953
54971
54978
54987
54997
55009
55016
55022
55023
55024
55025
55029
55039
55040
55041
55049
55050
55055
55059
55067
55072
55073
55078
55091
55093
55101
55103
55106
55121
55123
55125
55130
55146
55153
55156
55166
55168
55171
55173
55180
55185
55187
55191
55195
55196
55197
55199
55202
55207
55210
55211
55212
55216
55221
55236
55238
55239
55241
55255
55261
55268
55270
55277
55283
55284
55292
55293
55294
55295
55296
55306
55309
55314
55315
55317
55323
55324
55332
55335
55342
55345
55350
55352
55359
55369
55375
55376
55385
55386
55392
55398
55400
55402
55404
55405
55416
55418
55420
55422
55433
55442
55446
55456
55473
55481
55488
55491
55498
55505
55512
55513
55520
55524
55528
55530
55532
55538
55554
55558
55569
55587
55594
55596
55599
55600
55605
55614
55617
55618
55623
55629
55640
55647
55648
55655
55665
55672
55674
55677
55687
55688
55692
55695
55700
55705
55709
55717
55730
55731
55733
55739
55741
55745
55748
55749
55760
55764
55766
55771
55775
55782
55784
55785
55796
55799
55804
55815
55816
55818
55821
55822
55825
55834
55835
55847
55848
55853
55857
55879
55882
55897
55898
55900
55905
55909
55910
55911
55921
55929
55935
55939
55941
55957
55958
55959
55971
55977
55985
55998
56002
56008
56012
56014
56015
56019
56027
56029
56033
56036
56038
56040
56041
56046
56049
56051
56057
56060
56064
56068
56088
56093
56094
56100
56104
56111
56113
56115
56127
56133
56138
56143
56156
56157
56159
56169
56176
56184
56201
56204
56207
56210
56219
56221
56223
56224
56225
56232
56234
56243
56250
56253
56260
56275
56276
56278
56280
56283
56285
56295
56297
56299
56302
56303
56305
56312
56315
56335
56336
56338
56340
56348
56353
56355
56357
56367
56372
56378
56384
56388
56391
56393
56396
56403
56418
56419
56429
56435
56437
56439
56446
56450
56451
56452
56453
56454
56465
56469
56472
56479
56485
56493
56502
56513
56517
56529
56531
56558
56560
56561
56562
56563
56567
56590
56593
56595
56601
56604
56605
56610
56619
56627
56633
56641
56646
56663
56664
56672
56674
56676
56683
56684
56685
56693
56694
56696
56719
56725
56735
56738
56744
56749
56753
56756
56769
56770
56772
56778
56788
56791
56793
56795
56808
56810
56816
56817
56822
56827
56835
56838
56845
56851
56852
56857
56858
56859
56861
56866
56872
56888
56890
56901
56913
56921
56925
56931
56937
56948
56963
56964
56965
56967
56981
56985
56997
57007
57016
57022
57031
57033
57050
57054
57066
57067
57068
57074
57078
57089
57099
57100
57101
57102
57103
57110
57128
57130
57133
57135
57136
57137
57139
57144
57147
57156
57157
57162
57172
57174
57176
57177
57189
57192
57193
57196
57202
57205
57206
57207
57208
57212
57213
57216
57224
57225
57232
57240
57251
57253
57254
57267
57270
57284
57286
57292
57294
57302
57306
57324
57340
57343
57346
57347
57359
57364
57365
57372
57373
57374
57375
57380
57389
57409
57416
57418
57428
57448
57458
57462
57466
57467
57468
57484
57494
57497
57502
57510
57516
57517
57519
57532
57534
57540
57541
57543
57547
57548
57555
57560
57562
57565
57568
57571
57572
57573
57577
57579
57580
57582
57586
57591
57597
57599
57602
57607
57609
57611
57612
57615
57621
57623
57625
57627
57631
57635
57653
57656
57657
57663
57665
57668
57675
57677
57680
57687
57714
57718
57721
57740
57748
57749
57753
57758
57776
57781
57788
57791
57793
57794
57795
57797
57807
57812
57821
57824
57825
57826
57841
57845
57852
57860
57872
57873
57889
57897
57905
57907
57913
57921
57924
57928
57935
57937
57941
57944
57967
57970
57976
57977
57990
57999
58002
58009
58010
58017
58018
58028
58034
58048
58058
58064
58068
58079
58091
58096
58100
58117
58119
58120
58133
58145
58152
58154
58156
58167
58170
58174
58177
58178
58182
58187
58192
58194
58214
58242
58262
58266
58275
58280
58290
58293
58297
58303
58308
58315
58323
58327
58331
58332
58336
58337
58342
58345
58351
58354
58377
58379
58393
58396
58398
58400
58402
58409
58412
58414
58424
58427
58432
58435
58443
58453
58455
58457
58461
58467
58471
58472
58474
58477
58479
58492
58496
58497
58506
58511
58524
58538
58539
58544
58547
58549
58559
58564
58578
58592
58595
58597
58598
58599
58602
58610
58618
58623
58627
58633
58643
58650
58676
58693
58700
58710
58712
58714
58715
58716
58719
58725
58731
58734
58736
58741
58743
58744
58747
58751
58752
58753
58758
58767
58778
58790
58792
58798
58804
58818
58822
58823
58829
58867
58870
58871
58876
58879
58886
58891
58893
58900
58905
58909
58910
58911
58913
58918
58920
58921
58927
58944
58951
58972
58981
58984
58985
58993
58996
59005
59006
59007
59011
59012
59017
59023
59024
59029
59030
59031
59032
59033
59034
59037
59038
59061
59081
59082
59085
59088
59097
59109
59117
59118
59122
59130
59140
59151
59164
59175
59177
59188
59202
59204
59210
59214
59225
59228
59230
59232
59251
59255
59263
59270
59273
59281
59287
59292
59295
59296
59304
59315
59346
59362
59363
59366
59373
59376
59381
59387
59389
59392
59394
59401
59404
59405
59421
59425
59426
59430
59444
59445
59447
59448
59449
59453
59462
59465
59479
59482
59489
59494
59495
59501
59507
59508
59509
59510
59528
59531
59534
59539
59542
59547
59561
59562
59565
59566
59567
59574
59576
59577
59586
59587
59594
59595
59598
59599
59604
59627
59631
59633
59640
59650
59655
59665
59694
59698
59708
59710
59713
59714
59718
59724
59726
59731
59734
59748
59757
59770
59783
59790
59794
59795
59804
59811
59816
59820
59822
59828
59829
59840
59849
59850
59855
59856
59857
59862
59864
59865
59866
59867
59871
59877
59884
59886
59889
59891
59892
59902
59932
59933
59935
59937
59938
59941
59957
59975
59976
59992
59998
60001
60003
60004
60005
60029
60032
60045
60046
60048
60053
60055
60060
60061
60064
60068
60071
60075
60076
60085
60089
60091
60096
60102
60106
60110
60120
60128
60129
60142
60144
60146
60150
60157
60163
60184
60185
60188
60195
60196
60200
60213
60232
60236
60238
60249
60253
60261
60263
60279
60282
60288
60292
60300
60303
60305
60306
60310
60323
60330
60332
60333
60336
60342
60345
60348
60350
60353
60357
60371
60374
60379
60381
60383
60385
60390
60393
60399
60401
60404
60406
60408
60410
60422
60423
60425
60426
60431
60440
60443
60456
60480
60491
60492
60494
60500
60504
60505
60516
60522
60534
60539
60540
60541
60550
60551
60557
60561
60574
60576
60582
60595
60600
60604
60611
60612
60617
60619
60628
60631
60633
60635
60640
60641
60642
60647
60652
60653
60659
60666
60671
60673
60692
60703
60705
60707
60715
60719
60720
60726
60727
60740
60743
60747
60754
60759
60769
60770
60773
60774
60794
60799
60818
60823
60844
60846
60848
60853
60867
60874
60886
60892
60893
60895
60904
60912
60914
60932
60933
60940
60941
60950
60957
60988
60989
60990
60999
61001
61004
61007
61020
61021
61022
61026
61031
61039
61040
61041
61048
61050
61058
61063
61068
61070
61073
61077
61082
61083
61084
61094
61096
61098
61109
61112
61113
61118
61120
61128
61129
61133
61137
61139
61140
61142
61148
61154
61177
61181
61183
61186
61187
61196
61197
61200
61203
61204
61207
61219
61224
61233
61237
61239
61243
61254
61256
61257
61286
61294
61300
61303
61308
61309
61311
61320
61326
61331
61336
61338
61341
61343
61347
61350
61373
61375
61388
61402
61413
61419
61430
61437
61454
61469
61482
61494
61500
61504
61509
61511
61514
61516
61517
61518
61526
61528
61530
61531
61533
61535
61551
61562
61565
61569
61571
61581
61592
61596
61617
61624
61625
61630
61631
61642
61643
61649
61657
61667
61670
61673
61686
61688
61709
61728
61735
61738
61745
61750
61753
61761
61763
61765
61767
61792
61795
61800
61805
61827
61828
61830
61832
61837
61853
61860
61865
61879
61884
61897
61917
61924
61930
61935
61944
61945
61949
61956
61959
61964
61973
61979
61986
61995
62000
62001
62004
62005
62009
62012
62013
62018
62026
62028
62029
62034
62037
62041
62042
62044
62052
62061
62062
62066
62067
62068
62073
62085
62089
62094
62097
62101
62107
62111
62116
62122
62127
62129
62139
62142
62156
62169
62174
62177
62194
62205
62206
62208
62225
62227
62240
62241
62242
62256
62259
62261
62266
62277
62281
62288
62290
62309
62313
62316
62323
62330
62332
62334
62335
62337
62339
62357
62383
62389
62390
62393
62398
62405
62409
62413
62417
62423
62439
62444
62453
62456
62457
62459
62462
62467
62471
62481
62482
62489
62494
62505
62512
62516
62522
62547
62550
62571
62573
62579
62589
62611
62613
62614
62616
62628
62632
62633
62664
62676
62680
62694
62695
62700
62712
62717
62721
62722
62736
62742
62746
62747
62757
62759
62766
62771
62776
62779
62783
62795
62796
62798
62805
62810
62823
62826
62831
62834
62838
62841
62844
62853
62860
62870
62872
62874
62881
62884
62885
62894
62896
62911
62922
62928
62935
62939
62949
62962
62964
62970
62973
62980
62992
62994
62995
62996
62999
63013
63025
63030
63040
63043
63054
63056
63058
63060
63063
63067
63068
63083
63084
63088
63095
63097
63104
63111
63113
63117
63129
63134
63139
63142
63147
63158
63168
63171
63175
63187
63188
63198
63206
63214
63228
63229
63240
63255
63260
63267
63271
63278
63279
63288
63295
63299
63302
63309
63320
63328
63329
63332
63339
63345
63346
63355
63363
63367
63368
63369
63371
63380
63382
63387
63390
63391
63392
63393
63395
63404
63410
63411
63413
63436
63440
63444
63448
63450
63455
63459
63462
63463
63466
63473
63474
63476
63481
63483
63486
63489
63496
63518
63521
63526
63534
63536
63539
63568
63576
63582
63589
63590
63597
63599
63613
63616
63618
63622
63631
63636
63639
63640
63643
63645
63647
63654
63657
63663
63666
63668
63672
63675
63677
63679
63680
63689
63695
63708
63709
63711
63725
63726
63738
63740
63741
63747
63748
63754
63761
63766
63768
63769
63778
63787
63800
63801
63803
63805
63806
63813
63829
63834
63838
63840
63843
63849
63857
63867
63881
63892
63893
63895
63896
63898
63912
63936
63940
63945
63949
63950
63953
63956
63983
63986
63988
63993
63997
64000
64010
64011
64012
64015
64021
64022
64024
64027
64037
64038
64045
64046
64049
64051
64052
64056
64066
64072
64078
64089
64094
64099
64100
64105
64109
64121
64122
64123
64126
64133
64134
64139
64155
64156
64157
64162
64163
64181
64185
64195
64198
64232
64261
64263
64265
64275
64276
64291
64292
64300
64301
64302
64310
64311
64317
64321
64327
64343
64347
64354
64355
64356
64360
64361
64368
64371
64376
64380
64381
64390
64400
64411
64416
64419
64433
64436
64448
64460
64463
64465
64472
64480
64492
64496
64498
64499
64521
64523
64526
64529
64530
64539
64541
64542
64543
64546
64547
64557
64560
64567
64573
64584
64589
64597
64600
64603
64618
64619
64624
64637
64638
64642
64654
64659
64666
64680
64681
64684
64688
64690
64692
64698
64704
64711
64720
64728
64730
64740
64741
64745
64746
64748
64750
64779
64781
64782
64788
64789
64792
64800
64805
64807
64810
64812
64817
64820
64830
64844
64848
64849
64855
64865
64869
64875
64881
64882
64888
64902
64904
64907
64909
64910
64916
64917
64918
64920
64925
64933
64934
64935
64941
64944
64945
64951
64959
64964
64970
64971
64973
64974
64976
64978
64982
64986
64993
64996
65006
65024
65029
65034
65036
65042
65051
65054
65061
65062
65063
65064
65069
65076
65084
65086
65089
65098
65104
65109
65113
65125
65140
65143
65155
65161
65164
65165
65167
65170
65174
65189
65193
65194
65195
65201
65205
65206
65211
65215
65216
65221
65227
65229
65232
65237
65245
65246
65250
65255
65264
65269
65272
65278
65295
65304
65307
65309
65312
65313
65316
65336
65340
65341
65342
65351
65352
65354
65355
65356
65363
65364
65367
65371
65389
65397
65403
65415
65417
65425
65428
65429
65430
65440
65443
65445
65450
65465
65468
65481
65483
65497
65514
65515
65518
65533
65534
65540
65542
65548
65554
65577
65581
65589
65597
65617
65618
65620
65621
65627
65631
65632
65634
65636
65641
65644
65645
65649
65651
65661
65664
65665
65666
65673
65675
65679
65688
65690
65691
65696
65697
65700
65702
65704
65705
65713
65714
65715
65726
65728
65730
65732
65736
65747
65754
65756
65766
65767
65774
65788
65793
65794
65796
65802
65807
65810
65811
65824
65825
65833
65844
65852
65854
65858
65866
65872
65873
65874
65877
65885
65886
65893
65894
65905
65906
65907
65911
65938
65941
65943
65944
65945
65949
65950
65951
65955
65957
65964
65968
65970
65983
65989
65992
66008
66009
66015
66034
66051
66056
66064
66072
66081
66083
66086
66090
66099
66100
66103
66113
66114
66115
66118
66125
66128
66130
66135
66141
66144
66146
66148
66149
66154
66155
66161
66162
66163
66165
66168
66175
66177
66186
66189
66195
66197
66198
66203
66206
66207
66208
66209
66213
66219
66224
66227
66229
66241
66248
66255
66257
66266
66267
66270
66272
66278
66280
66288
66290
66294
66304
66331
66332
66361
66367
66378
66385
66389
66392
66405
66421
66422
66424
66427
66429
66442
66448
66457
66477
66491
66502
66508
66510
66512
66518
66527
66533
66539
66549
66550
66563
66567
66591
66592
66596
66608
66611
66612
66613
66617
66628
66634
66647
66648
66658
66664
66670
66681
66684
66689
66692
66695
66699
66705
66711
66715
66717
66722
66730
66732
66750
66755
66764
66766
66768
66769
66799
66801
66804
66810
66815
66818
66821
66837
66839
66840
66848
66851
66852
66855
66858
66861
66865
66866
66868
66893
66904
66914
66918
66926
66927
66928
66935
66936
66938
66942
66972
66973
66976
66985
66990
66992
66993
67001
67006
67016
67020
67021
67025
67033
67043
67060
67063
67072
67074
67085
67099
67101
67107
67111
67114
67131
67143
67146
67151
67155
67168
67178
67186
67188
67205
67215
67217
67230
67242
67245
67259
67266
67268
67277
67278
67280
67281
67286
67291
67299
67308
67311
67313
67314
67322
67329
67331
67339
67340
67351
67354
67357
67359
67383
67384
67389
67391
67397
67402
67406
67409
67414
67423
67424
67434
67436
67437
67460
67463
67466
67471
67477
67479
67487
67508
67519
67527
67533
67539
67540
67542
67543
67548
67567
67570
67574
67594
67611
67620
67641
67645
67652
67653
67655
67663
67664
67675
67681
67687
67695
67701
67708
67712
67716
67718
67719
67720
67723
67727
67741
67744
67745
67747
67759
67764
67767
67779
67782
67785
67793
67799
67805
67807
67809
67810
67823
67843
67848
67850
67851
67861
67883
67893
67896
67898
67910
67915
67935
67938
67940
67944
67953
67955
67959
67960
67962
67967
67970
67975
67980
67983
67988
67993
68002
68005
68009
68012
68024
68029
68035
68041
68050
68052
68053
68062
68064
68070
68081
68084
68087
68105
68106
68111
68115
68118
68121
68126
68132
68135
68141
68142
68143
68144
68151
68159
68163
68164
68170
68172
68178
68184
68185
68187
68189
68195
68200
68210
68211
68214
68216
68220
68222
68225
68226
68227
68233
68235
68237
68240
68247
68249
68250
68256
68266
68274
68283
68285
68288
68295
68296
68303
68308
68311
68313
68317
68325
68327
68331
68333
68339
68344
68349
68352
68353
68357
68362
68372
68379
68380
68382
68384
68395
68398
68405
68407
68408
68418
68420
68422
68423
68429
68431
68433
68439
68445
68451
68453
68465
68467
68480
68514
68516
68519
68520
68523
68531
68534
68546
68552
68553
68554
68564
68605
68610
68613
68615
68627
68629
68632
68634
68636
68653
68654
68656
68658
68661
68678
68679
68681
68689
68691
68696
68699
68701
68717
68719
68720
68730
68740
68748
68751
68754
68756
68765
68767
68771
68780
68782
68785
68788
