PreprocessingTimeHuman: 203.091692ms
InprocessingTimeHuman: 31.339005ms
PreprocessingTimeSecs: 0
InprocessingTimeSecs: 0
CoresetSize: 250
FunctionValue: 1680.382021
Coreset:
786
110
215
572
580
173
395
400
423
426
602
169
606
39
792
492
931
409
249
283
823
845
581
957
626
503
567
311
402
131
274
445
433
386
718
988
43
950
971
684
256
60
945
479
949
214
345
170
807
852
284
570
374
102
720
441
265
261
882
184
150
577
584
703
75
672
448
727
578
753
40
152
666
775
678
291
918
224
765
95
624
953
287
644
536
816
363
463
715
541
590
849
687
742
447
826
33
795
805
697
278
430
535
27
26
842
157
271
476
965
452
820
800
499
192
491
154
582
970
506
216
647
941
330
783
142
540
62
28
58
888
297
556
853
508
603
42
552
255
453
117
242
302
983
97
851
538
905
635
364
828
168
645
751
992
542
623
824
0
706
701
489
614
268
613
777
3
757
196
537
480
525
759
821
424
704
282
203
926
449
204
946
760
543
129
461
976
180
942
11
32
588
428
87
383
637
20
181
650
118
710
920
183
380
526
446
960
440
943
784
209
829
910
484
128
161
29
149
924
379
143
141
891
266
909
573
516
198
550
822
77
640
285
880
96
827
59
634
207
997
100
474
399
318
435
928
959
120
958
638
